scrap_date,scrap_time,update date,update time-GMT,Country_id,Country,Population,TotalCases,NewCases,TotalDeaths,NewDeaths,TotalRecovered,NewRecovered,ActiveCases,"Serious,Critical",Tot_Cases_1M_pop,Deaths/1M pop,TotalTests,Tests_1M_pop,Continent_id
2020-08-02,20:00:00,2020-08-02,,26,Bolivia,11686283,78793,2004,3064,87,23968,386,51761,71,6742,262.0,168175,14391,2
2020-08-08,20:00:00,2020-08-08,,26,Bolivia,11688894,87891,1468,3524,59,28139,766,56228,71,7519,301.0,187103,16007,2
2020-08-12,20:00:00,2020-08-12,,26,Bolivia,11690634,93328,1693,3761,49,31753,930,57814,71,7983,322.0,198178,16952,2
2020-08-16,20:00:00,2020-08-16,,26,Bolivia,11692375,99146,1196,4003,64,35638,915,59505,71,8480,342.0,212019,18133,2
2020-08-17,20:00:00,2020-08-17,,26,Bolivia,11692810,100344,1198,4058,55,36491,853,59795,71,8582,347.0,214385,18335,2
2020-08-18,20:00:00,2020-08-18,,26,Bolivia,11693245,101223,879,4123,65,37471,980,59629,71,8657,353.0,216774,18538,2
2020-08-19,20:00:00,2020-08-19,,26,Bolivia,11693680,103019,1796,4172,49,38623,1152,60224,71,8810,357.0,221379,18932,2
2020-08-20,17:53:00,2020-08-20,,26,Bolivia,11694115,105050,2031,4233,61,39965,1342,60852,71,8983,362.0,222251,19005,2
2020-08-23,21:09:00,2020-08-23,,26,Bolivia,11695421,108427,992,4442,76,43887,1746,60098,71,9271,380.0,229272,19604,2
2020-08-24,17:10:00,2020-08-24,,26,Bolivia,11695856,109149,722,4509,67,45396,1509,59244,71,9332,386.0,231259,19773,2
2020-08-25,23:00:00,2020-08-25,,26,Bolivia,11696291,110148,999,4578,69,47050,1654,58520,71,9417,391.0,234304,20032,2
2020-08-26,22:59:00,2020-08-26,,26,Bolivia,11696726,110999,851,4664,86,48875,1825,57460,71,9490,399.0,236863,20250,2
2020-08-27,23:00:00,2020-08-27,,26,Bolivia,11697161,112094,1095,4726,62,50397,1522,56971,71,9583,404.0,239073,20439,2
2020-08-28,23:01:00,2020-08-28,,26,Bolivia,11697596,113129,1035,4791,65,52521,2124,55817,71,9671,410.0,239073,20438,2
2020-08-29,12:29:00,2020-08-29,,26,Bolivia,11698031,114409,1280,4846,55,54914,2393,54649,71,9780,414.0,239073,20437,2
2020-08-30,23:00:00,2020-08-30,,26,Bolivia,11698467,115354,945,4938,92,56749,1835,53667,71,9861,422.0,239073,20436,2
2020-08-31,18:58:00,2020-08-31,,26,Bolivia,11698902,115968,614,4966,28,58497,1748,52505,71,9913,424.0,239640,20484,2
2020-09-01,23:00:00,2020-09-01,,26,Bolivia,11699337,116598,630,5027,61,60408,1911,51163,71,9966,430.0,242146,20697,2
2020-09-02,23:01:00,2020-09-02,,26,Bolivia,11699772,117267,669,5101,74,62124,1716,50042,71,10023,436.0,243331,20798,2
2020-09-03,23:01:00,2020-09-03,,26,Bolivia,11700207,117928,661,5203,102,64074,1950,48651,71,10079,445.0,246032,21028,2
2020-09-04,07:01:00,2020-09-04,,26,Bolivia,11700642,118781,853,5288,85,65884,1810,47609,71,10152,452.0,248500,21238,2
2020-09-05,23:31:00,2020-09-05,,26,Bolivia,11701077,119580,799,5343,55,67844,1960,46393,71,10220,457.0,250550,21413,2
2020-09-06,18:30:00,2020-09-06,,26,Bolivia,11701513,120241,661,5398,55,69566,1722,45277,71,10276,461.0,253647,21676,2
2020-09-07,23:39:00,2020-09-07,,26,Bolivia,11701948,120769,528,7008,40,71489,1923,42272,71,10320,599.0,253647,21676,2
2020-09-08,22:10:00,2020-09-08,,26,Bolivia,11702383,121604,835,7054,46,73150,1661,41400,71,10391,603.0,253647,21675,2
2020-09-09,22:01:00,2020-09-09,,26,Bolivia,11702818,122308,704,7097,43,75098,1948,40113,71,10451,606.0,259924,22210,2
2020-09-10,22:01:00,2020-09-10,,26,Bolivia,11703253,123345,1037,7146,49,77216,2118,38983,71,10539,611.0,262719,22448,2
2020-09-11,22:00:00,2020-09-11,,26,Bolivia,11703688,124205,860,7193,47,79483,2267,37529,71,10612,615.0,266600,22779,2
2020-09-12,22:22:00,2020-09-12,,26,Bolivia,11704123,125172,967,7250,57,81240,1757,36682,71,10695,619.0,269472,23024,2
2020-09-13,22:01:00,2020-09-13,,26,Bolivia,11704558,125982,810,7297,47,82796,1556,35889,71,10763,623.0,272504,23282,2
2020-09-14,22:04:00,2020-09-14,,26,Bolivia,11704994,126791,809,7344,47,84286,1490,35161,71,10832,627.0,273983,23407,2
2020-09-15,21:00:00,2020-09-15,,26,Bolivia,11705429,127619,828,7394,50,85198,912,35027,71,10903,632.0,275394,23527,2
2020-09-16,21:01:00,2020-09-16,,26,Bolivia,11705864,128286,667,7447,53,86216,1018,34623,71,10959,636.0,278396,23783,2
2020-09-18,20:01:00,2020-09-18,,26,Bolivia,11706734,129419,547,7511,33,87716,685,34192,71,11055,642.0,282838,24160,2
2020-09-19,21:00:00,2020-09-19,,26,Bolivia,11707169,130051,632,7550,39,88457,741,34044,71,11109,645.0,285256,24366,2
2020-09-20,22:31:00,2020-09-20,,26,Bolivia,11707604,130470,419,7586,36,89032,575,33852,71,11144,648.0,286864,24502,2
2020-09-21,21:01:00,2020-09-21,,26,Bolivia,11708040,130676,206,7617,31,89617,585,33442,71,11161,651.0,287453,24552,2
2020-09-22,21:01:00,2020-09-22,,26,Bolivia,11708475,130986,310,7654,37,90240,623,33092,71,11187,654.0,288806,24666,2
2020-09-23,19:58:00,2020-09-23,,26,Bolivia,11708910,131453,467,7693,39,90853,613,32907,71,11227,657.0,290749,24831,2
2020-09-24,21:00:00,2020-09-24,,26,Bolivia,11709345,131990,537,7731,38,91556,703,32703,71,11272,660.0,292016,24939,2
2020-09-25,21:00:00,2020-09-25,,26,Bolivia,11709780,132618,628,7765,34,92101,545,32752,71,11325,663.0,293581,25071,2
2020-09-26,21:00:00,2020-09-26,,26,Bolivia,11710215,133222,604,7800,35,92868,767,32554,71,11377,666.0,295230,25211,2
2020-09-27,22:45:00,2020-09-27,,26,Bolivia,11710650,133592,370,7828,28,93406,538,32358,71,11408,668.0,296371,25308,2
2020-09-28,22:00:00,2020-09-28,,26,Bolivia,11711085,133901,309,7858,30,93791,385,32252,71,11434,671.0,297176,25376,2
2020-09-29,21:35:00,2020-09-29,,26,Bolivia,11711521,134223,322,7900,42,94324,533,31999,71,11461,675.0,298536,25491,2
2020-09-30,22:00:00,2020-09-30,,26,Bolivia,11711956,134641,418,7931,31,94895,571,31815,71,11496,677.0,299928,25609,2
2020-10-01,21:31:00,2020-10-01,,26,Bolivia,11712391,135311,670,7965,34,95529,634,31817,71,11553,680.0,301890,25775,2
2020-10-02,22:36:00,2020-10-02,,26,Bolivia,11712826,135716,405,8001,36,96165,636,31550,71,11587,683.0,303107,25878,2
2020-10-03,22:24:00,2020-10-03,,26,Bolivia,11713261,136219,503,8045,44,96654,489,31520,71,11629,687.0,305112,26048,2
2020-10-04,21:01:00,2020-10-04,,26,Bolivia,11713696,136569,350,8073,28,97105,451,31391,71,11659,689.0,306481,26164,2
2020-10-05,22:13:00,2020-10-05,,26,Bolivia,11714131,136868,299,8101,28,97547,442,31220,71,11684,692.0,307040,26211,2
2020-10-06,23:01:00,2020-10-06,,26,Bolivia,11714567,137107,239,8129,28,98007,460,30971,71,11704,694.0,308129,26303,2
2020-10-07,23:01:00,2020-10-07,,26,Bolivia,11715002,137468,361,8156,27,98542,535,30770,71,11734,696.0,309523,26421,2
2020-10-08,23:59:00,2020-10-08,,26,Bolivia,11715437,137706,238,8192,36,99268,726,30246,71,11754,699.0,310905,26538,2
2020-10-09,23:00:00,2020-10-09,,26,Bolivia,11715872,137969,263,8228,36,99812,544,29929,71,11776,702.0,312155,26644,2
2020-10-10,23:00:00,2020-10-10,,26,Bolivia,11716307,138226,257,8262,34,100347,535,29617,71,11798,705.0,313195,26732,2
2020-10-12,23:10:00,2020-10-12,,26,Bolivia,11717177,138574,111,8308,16,101103,317,29163,71,11827,709.0,314235,26818,2
2020-10-13,23:01:00,2020-10-13,,26,Bolivia,11717612,138695,121,8326,18,101523,420,28846,71,11836,711.0,315368,26914,2
2020-10-14,23:01:00,2020-10-14,,26,Bolivia,11718048,138922,227,8351,25,102083,560,28488,71,11855,713.0,316615,27019,2
2020-10-15,14:09:00,2020-10-15,11:06:00,26,Bolivia,11718483,139141,219,8377,26,102642,559,28122,71,11874,715.0,317775,27117,2
