scrap_date,scrap_time,update date,update time-GMT,Country_id,Country,Population,TotalCases,NewCases,TotalDeaths,NewDeaths,TotalRecovered,NewRecovered,ActiveCases,"Serious,Critical",Tot_Cases_1M_pop,Deaths/1M pop,TotalTests,Tests_1M_pop,Continent_id
2020-08-02,20:00:00,2020-08-02,,87,DRC,89764818,9115,31.0,215,,7319,289.0,1581,,102,2.0,,,5
2020-08-08,20:00:00,2020-08-08,,87,DRC,89809656,9436,81.0,218,,8275,101.0,943,,105,2.0,,,5
2020-08-12,20:00:00,2020-08-12,,87,DRC,89839548,9538,39.0,225,,8421,46.0,892,,106,3.0,,,5
2020-08-16,20:00:00,2020-08-16,,87,DRC,89869440,9676,38.0,240,1.0,8705,108.0,731,,108,3.0,,,5
2020-08-17,20:00:00,2020-08-17,,87,DRC,89876913,9706,30.0,243,3.0,8705,,758,,108,3.0,,,5
2020-08-18,20:00:00,2020-08-18,,87,DRC,89884386,9721,15.0,243,,8882,177.0,596,,108,3.0,,,5
2020-08-19,20:00:00,2020-08-19,,87,DRC,89891859,9741,20.0,246,3.0,8895,13.0,600,,108,3.0,,,5
2020-08-20,17:53:00,2020-08-20,,87,DRC,89899332,9757,16.0,247,1.0,8895,,615,,109,3.0,,,5
2020-08-23,21:09:00,2020-08-23,,87,DRC,89921751,9830,19.0,251,,8934,14.0,645,,109,3.0,,,5
2020-08-24,17:10:00,2020-08-24,,87,DRC,89929224,9830,,251,,8934,,645,,109,3.0,,,5
2020-08-25,23:00:00,2020-08-25,,87,DRC,89936697,9891,49.0,251,,8972,19.0,668,,110,3.0,,,5
2020-08-26,22:59:00,2020-08-26,,87,DRC,89944170,9912,21.0,254,3.0,8987,15.0,671,,110,3.0,,,5
2020-08-27,23:00:00,2020-08-27,,87,DRC,89951643,9915,3.0,255,1.0,9020,33.0,640,,110,3.0,,,5
2020-08-28,23:01:00,2020-08-28,,87,DRC,89959116,9994,79.0,255,,9035,15.0,704,,111,3.0,,,5
2020-08-29,12:29:00,2020-08-29,,87,DRC,89966589,9994,,255,,9035,,704,,111,3.0,,,5
2020-08-30,23:00:00,2020-08-30,,87,DRC,89974062,10045,38.0,258,,9103,35.0,684,,112,3.0,,,5
2020-08-31,18:58:00,2020-08-31,,87,DRC,89981535,10097,52.0,258,,9133,30.0,706,,112,3.0,,,5
2020-09-01,23:00:00,2020-09-01,,87,DRC,89989008,10104,7.0,259,1.0,9322,189.0,523,,112,3.0,,,5
2020-09-02,23:01:00,2020-09-02,,87,DRC,89996481,10114,10.0,259,,9347,25.0,508,,112,3.0,,,5
2020-09-03,23:01:00,2020-09-03,,87,DRC,90003954,10125,11.0,259,,9367,20.0,499,,112,3.0,,,5
2020-09-04,07:01:00,2020-09-04,,87,DRC,90011427,10125,,259,,9367,,499,,112,3.0,,,5
2020-09-05,23:31:00,2020-09-05,,87,DRC,90018900,10178,29.0,259,,9420,53.0,499,,113,3.0,,,5
2020-09-06,18:30:00,2020-09-06,,87,DRC,90026373,10178,,259,,9420,,499,,113,3.0,,,5
2020-09-07,23:39:00,2020-09-07,,87,DRC,90033846,10233,23.0,260,,9451,12.0,522,,114,3.0,,,5
2020-09-08,22:10:00,2020-09-08,,87,DRC,90041319,10292,59.0,260,,9501,50.0,531,,114,3.0,,,5
2020-09-09,22:01:00,2020-09-09,,87,DRC,90048792,10324,32.0,260,,9523,22.0,541,,115,3.0,,,5
2020-09-10,22:01:00,2020-09-10,,87,DRC,90056265,10343,19.0,262,2.0,9533,10.0,548,,115,3.0,,,5
2020-09-11,22:00:00,2020-09-11,,87,DRC,90063738,10361,18.0,262,,9622,89.0,477,,115,3.0,,,5
2020-09-12,22:22:00,2020-09-12,,87,DRC,90071211,10385,24.0,262,,9719,97.0,404,,115,3.0,,,5
2020-09-13,22:01:00,2020-09-13,,87,DRC,90078684,10390,5.0,264,2.0,9756,37.0,370,,115,3.0,,,5
2020-09-14,22:04:00,2020-09-14,,87,DRC,90086157,10390,,264,,9756,,370,,115,3.0,,,5
2020-09-15,21:00:00,2020-09-15,,87,DRC,90093630,10401,11.0,267,3.0,9817,10.0,317,,115,3.0,,,5
2020-09-16,21:01:00,2020-09-16,,87,DRC,90101103,10414,13.0,267,,9827,10.0,320,,116,3.0,,,5
2020-09-18,20:01:00,2020-09-18,,87,DRC,90116049,10442,,267,,9840,,335,,116,3.0,,,5
2020-09-19,21:00:00,2020-09-19,,87,DRC,90123522,10488,32.0,268,,9891,28.0,329,,116,3.0,,,5
2020-09-20,22:31:00,2020-09-20,,87,DRC,90130995,10515,27.0,271,3.0,9930,39.0,314,,117,3.0,,,5
2020-09-21,21:01:00,2020-09-21,,87,DRC,90138468,10519,4.0,271,,9952,22.0,296,,117,3.0,,,5
2020-09-22,21:01:00,2020-09-22,,87,DRC,90145941,10523,4.0,271,,10011,59.0,241,,117,3.0,,,5
2020-09-23,19:58:00,2020-09-23,,87,DRC,90153414,10537,14.0,271,,10041,30.0,225,,117,3.0,,,5
2020-09-24,21:00:00,2020-09-24,,87,DRC,90160887,10555,18.0,271,,10051,10.0,233,,117,3.0,,,5
2020-09-25,21:00:00,2020-09-25,,87,DRC,90168360,10578,23.0,271,,10070,19.0,237,,117,3.0,,,5
2020-09-26,21:00:00,2020-09-26,,87,DRC,90175833,10593,15.0,271,,10093,23.0,229,,117,3.0,,,5
2020-09-27,22:45:00,2020-09-27,,87,DRC,90183306,10593,,271,,10093,,229,,117,3.0,,,5
2020-09-28,22:00:00,2020-09-28,,87,DRC,90190779,10624,12.0,271,,10093,,260,,118,3.0,,,5
2020-09-29,21:35:00,2020-09-29,,87,DRC,90198252,10631,7.0,272,1.0,10129,36.0,230,,118,3.0,,,5
2020-09-30,22:00:00,2020-09-30,,87,DRC,90205725,10659,28.0,272,,10139,10.0,248,,118,3.0,,,5
2020-10-01,21:31:00,2020-10-01,,87,DRC,90213198,10685,26.0,272,,10165,26.0,248,,118,3.0,,,5
2020-10-02,22:36:00,2020-10-02,,87,DRC,90220671,10729,44.0,272,,10183,18.0,274,,119,3.0,,,5
2020-10-03,22:24:00,2020-10-03,,87,DRC,90228144,10729,,272,,10183,,274,,119,3.0,,,5
2020-10-04,21:01:00,2020-10-04,,87,DRC,90235617,10760,8.0,274,,10239,27.0,247,,119,3.0,,,5
2020-10-05,22:13:00,2020-10-05,,87,DRC,90243090,10778,18.0,274,,10239,,265,,119,3.0,,,5
2020-10-06,23:01:00,2020-10-06,,87,DRC,90250563,10789,11.0,274,,10239,,276,,120,3.0,,,5
2020-10-07,23:01:00,2020-10-07,,87,DRC,90258036,10804,15.0,276,2.0,10239,,289,,120,3.0,,,5
2020-10-08,23:59:00,2020-10-08,,87,DRC,90265509,10804,,276,,10239,,289,,120,3.0,,,5
2020-10-09,23:00:00,2020-10-09,,87,DRC,90272982,10835,13.0,276,,10242,,317,,120,3.0,,,5
2020-10-10,23:00:00,2020-10-10,,87,DRC,90280455,10841,6.0,276,,10242,,323,,120,3.0,,,5
2020-10-12,23:10:00,2020-10-12,,87,DRC,90295401,10868,17.0,276,,10249,7.0,343,,120,3.0,,,5
2020-10-13,23:01:00,2020-10-13,,87,DRC,90302874,10872,4.0,276,,10249,,347,,120,3.0,,,5
2020-10-14,23:01:00,2020-10-14,,87,DRC,90310347,10872,,276,,10249,,347,,120,3.0,,,5
2020-10-15,14:09:00,2020-10-15,11:06:00,87,DRC,90317820,10935,,281,,10306,,348,,121,3.0,,,5
