scrap_date,scrap_time,update date,update time-GMT,Country_id,Country,Population,TotalCases,NewCases,TotalDeaths,NewDeaths,TotalRecovered,NewRecovered,ActiveCases,"Serious,Critical",Tot_Cases_1M_pop,Deaths/1M pop,TotalTests,Tests_1M_pop,Continent_id
2020-08-02,20:00:00,2020-08-02,,69,El Salvador,6489068,17448,398.0,467,8.0,8634,139.0,8347,493,2689,72.0,243842,37577,1
2020-08-08,20:00:00,2020-08-08,,69,El Salvador,6489603,19978,434.0,536,16.0,9515,136.0,9927,514,3078,83.0,258647,39856,1
2020-08-12,20:00:00,2020-08-12,,69,El Salvador,6489960,21644,375.0,577,7.0,10056,181.0,11011,484,3335,89.0,268539,41378,1
2020-08-16,20:00:00,2020-08-16,,69,El Salvador,6490317,22619,,612,9.0,10647,29.0,11360,443,3485,94.0,275993,42524,1
2020-08-17,20:00:00,2020-08-17,,69,El Salvador,6490406,23193,281.0,618,6.0,10977,170.0,11598,435,3573,95.0,278445,42901,1
2020-08-18,20:00:00,2020-08-18,,69,El Salvador,6490495,23462,269.0,625,7.0,11179,202.0,11658,413,3615,96.0,283395,43663,1
2020-08-19,20:00:00,2020-08-19,,69,El Salvador,6490585,23717,255.0,633,8.0,11388,209.0,11696,398,3654,98.0,285893,44047,1
2020-08-20,17:53:00,2020-08-20,,69,El Salvador,6490674,23964,247.0,640,7.0,11558,170.0,11766,391,3692,99.0,288307,44419,1
2020-08-23,21:09:00,2020-08-23,,69,El Salvador,6490941,24622,202.0,661,7.0,12246,225.0,11715,391,3793,102.0,295665,45550,1
2020-08-24,17:10:00,2020-08-24,,69,El Salvador,6491031,24811,189.0,669,8.0,12492,246.0,11650,312,3822,103.0,298112,45927,1
2020-08-25,23:00:00,2020-08-25,,69,El Salvador,6491120,24986,175.0,678,9.0,12717,225.0,11591,304,3849,104.0,300534,46299,1
2020-08-26,22:59:00,2020-08-26,,69,El Salvador,6491209,25140,154.0,687,9.0,13046,329.0,11407,297,3873,106.0,303031,46683,1
2020-08-27,23:00:00,2020-08-27,,69,El Salvador,6491298,25284,144.0,694,7.0,13291,245.0,11299,297,3895,107.0,305492,47062,1
2020-08-28,23:01:00,2020-08-28,,69,El Salvador,6491388,25415,131.0,702,8.0,13570,279.0,11143,281,3915,108.0,307977,47444,1
2020-08-29,12:29:00,2020-08-29,,69,El Salvador,6491477,25537,122.0,708,6.0,13799,229.0,11030,275,3934,109.0,310444,47823,1
2020-08-30,23:00:00,2020-08-30,,69,El Salvador,6491566,25635,98.0,713,5.0,14013,214.0,10909,275,3949,110.0,312849,48193,1
2020-08-31,18:58:00,2020-08-31,,69,El Salvador,6491655,25729,94.0,717,4.0,14292,279.0,10720,267,3963,110.0,315320,48573,1
2020-09-01,23:00:00,2020-09-01,,69,El Salvador,6491745,25820,91.0,724,7.0,14570,278.0,10526,261,3977,112.0,317809,48956,1
2020-09-02,23:01:00,2020-09-02,,69,El Salvador,6491834,25904,84.0,731,7.0,14879,309.0,10294,261,3990,113.0,320267,49334,1
2020-09-03,23:01:00,2020-09-03,,69,El Salvador,6491923,26000,96.0,739,8.0,15119,240.0,10142,251,4005,114.0,322766,49718,1
2020-09-04,07:01:00,2020-09-04,,69,El Salvador,6492012,26000,,739,,15119,,10142,251,4005,114.0,322766,49717,1
2020-09-05,23:31:00,2020-09-05,,69,El Salvador,6492101,26206,107.0,752,8.0,15587,240.0,9867,245,4037,116.0,327719,50480,1
2020-09-06,18:30:00,2020-09-06,,69,El Salvador,6492191,26308,102.0,759,7.0,15815,228.0,9734,241,4052,117.0,330210,50863,1
2020-09-07,23:39:00,2020-09-07,,69,El Salvador,6492280,26413,105.0,764,5.0,16137,322.0,9512,237,4068,118.0,332664,51240,1
2020-09-08,22:10:00,2020-09-08,,69,El Salvador,6492369,26511,98.0,765,1.0,16462,325.0,9284,236,4083,118.0,335099,51614,1
2020-09-09,22:01:00,2020-09-09,,69,El Salvador,6492458,26602,91.0,770,5.0,16786,324.0,9046,233,4097,119.0,337531,51988,1
2020-09-10,22:01:00,2020-09-10,,69,El Salvador,6492548,26688,86.0,774,4.0,17106,320.0,8808,232,4111,119.0,339996,52367,1
2020-09-11,22:00:00,2020-09-11,,69,El Salvador,6492637,26773,85.0,777,3.0,17433,327.0,8563,229,4124,120.0,342418,52739,1
2020-09-12,22:22:00,2020-09-12,,69,El Salvador,6492726,26851,78.0,782,5.0,17874,441.0,8195,225,4136,120.0,344918,53124,1
2020-09-13,22:01:00,2020-09-13,,69,El Salvador,6492815,26928,77.0,785,3.0,18397,523.0,7746,222,4147,121.0,347412,53507,1
2020-09-14,22:04:00,2020-09-14,,69,El Salvador,6492905,27009,81.0,788,3.0,18924,527.0,7297,220,4160,121.0,349898,53889,1
2020-09-15,21:00:00,2020-09-15,,69,El Salvador,6492994,27088,79.0,792,4.0,19450,526.0,6846,98,4172,122.0,352379,54271,1
2020-09-16,21:01:00,2020-09-16,,69,El Salvador,6493083,27163,75.0,796,4.0,19960,510.0,6407,98,4183,123.0,352379,54270,1
2020-09-18,20:01:00,2020-09-18,,69,El Salvador,6493262,27346,97.0,804,3.0,20825,433.0,5717,93,4211,124.0,359765,55406,1
2020-09-19,21:00:00,2020-09-19,,69,El Salvador,6493351,27428,82.0,808,4.0,21247,422.0,5373,92,4224,124.0,362029,55754,1
2020-09-20,22:31:00,2020-09-20,,69,El Salvador,6493440,27553,125.0,811,3.0,21561,314.0,5181,91,4243,125.0,364493,56132,1
2020-09-21,21:01:00,2020-09-21,,69,El Salvador,6493529,27798,245.0,812,1.0,21782,221.0,5204,92,4281,125.0,367920,56659,1
2020-09-22,21:01:00,2020-09-22,,69,El Salvador,6493618,27798,,814,2.0,21795,13.0,5189,92,4281,125.0,367920,56659,1
2020-09-23,19:58:00,2020-09-23,,69,El Salvador,6493708,27954,,819,5.0,22113,,5022,92,4305,126.0,371387,57192,1
2020-09-24,21:00:00,2020-09-24,,69,El Salvador,6493797,28201,247.0,823,4.0,22326,213.0,5052,89,4343,127.0,374821,57720,1
2020-09-25,21:00:00,2020-09-25,,69,El Salvador,6493886,28415,214.0,823,,22643,317.0,4949,89,4376,127.0,378273,58251,1
2020-09-26,21:00:00,2020-09-26,,69,El Salvador,6493975,28415,,826,3.0,22643,,4946,89,4376,127.0,378273,58250,1
2020-09-27,22:45:00,2020-09-27,,69,El Salvador,6494065,28630,215.0,826,,22879,236.0,4925,47,4409,127.0,383771,59096,1
2020-09-28,22:00:00,2020-09-28,,69,El Salvador,6494154,28809,179.0,831,5.0,23317,438.0,4661,45,4436,128.0,388648,59846,1
2020-09-29,21:35:00,2020-09-29,,69,El Salvador,6494243,28981,84.0,839,3.0,23685,157.0,4457,45,4463,129.0,393472,60588,1
2020-09-30,22:00:00,2020-09-30,,69,El Salvador,6494332,29077,96.0,843,4.0,23813,128.0,4421,42,4477,130.0,395921,60964,1
2020-10-01,21:31:00,2020-10-01,,69,El Salvador,6494422,29175,98.0,848,5.0,23930,117.0,4397,40,4492,131.0,398401,61345,1
2020-10-02,22:36:00,2020-10-02,,69,El Salvador,6494511,29175,,848,,23930,,4397,44,4492,131.0,398401,61344,1
2020-10-03,22:24:00,2020-10-03,,69,El Salvador,6494600,29358,183.0,857,4.0,24175,245.0,4326,40,4520,132.0,403345,62105,1
2020-10-04,21:01:00,2020-10-04,,69,El Salvador,6494689,29450,92.0,863,6.0,24296,121.0,4291,38,4534,133.0,405807,62483,1
2020-10-05,22:13:00,2020-10-05,,69,El Salvador,6494778,29539,89.0,865,2.0,24406,110.0,4268,37,4548,133.0,408212,62852,1
2020-10-06,23:01:00,2020-10-06,,69,El Salvador,6494868,29634,95.0,869,4.0,24525,119.0,4240,36,4563,134.0,410622,63223,1
2020-10-07,23:01:00,2020-10-07,,69,El Salvador,6494957,29737,103.0,873,4.0,24643,118.0,4221,32,4578,134.0,413036,63593,1
2020-10-08,23:59:00,2020-10-08,,69,El Salvador,6495046,29842,105.0,877,4.0,24770,127.0,4195,31,4595,135.0,415439,63962,1
2020-10-09,23:00:00,2020-10-09,,69,El Salvador,6495135,29951,109.0,881,4.0,24995,225.0,4075,31,4611,136.0,417880,64337,1
2020-10-10,23:00:00,2020-10-10,,69,El Salvador,6495225,29951,,887,6.0,24995,,4069,31,4611,137.0,417880,64336,1
2020-10-12,23:10:00,2020-10-12,,69,El Salvador,6495403,30196,,894,4.0,25438,,3864,29,4649,138.0,422858,65101,1
2020-10-13,23:01:00,2020-10-13,,69,El Salvador,6495492,30480,145.0,899,5.0,25857,212.0,3724,27,4692,138.0,427709,65847,1
2020-10-14,23:01:00,2020-10-14,,69,El Salvador,6495582,30766,286.0,904,5.0,26087,230.0,3775,31,4736,139.0,430118,66217,1
2020-10-15,14:09:00,2020-10-15,11:06:00,69,El Salvador,6495671,31061,295.0,908,4.0,26311,224.0,3842,40,4782,140.0,432581,66595,1
