scrap_date,scrap_time,update date,update time-GMT,Country_id,Country,Population,TotalCases,NewCases,TotalDeaths,NewDeaths,TotalRecovered,NewRecovered,ActiveCases,"Serious,Critical",Tot_Cases_1M_pop,Deaths/1M pop,TotalTests,Tests_1M_pop,Continent_id
2020-08-02,20:00:00,2020-08-02,,62,Moldova,4033111,25362,249.0,791,3.0,17816,245.0,6755,362,6288,196.0,128076,31756,4
2020-08-08,20:00:00,2020-08-08,,62,Moldova,4032957,27443,453.0,841,6.0,19100,182.0,7502,362,6805,209.0,128076,31757,4
2020-08-12,20:00:00,2020-08-12,,62,Moldova,4032855,28223,,857,,19740,,7626,362,6998,213.0,128076,31758,4
2020-08-16,20:00:00,2020-08-16,,62,Moldova,4032753,29905,,895,,20908,,8102,362,7416,222.0,128076,31759,4
2020-08-17,20:00:00,2020-08-17,,62,Moldova,4032728,30377,194.0,908,12.0,21220,,8249,362,7533,225.0,128076,31759,4
2020-08-18,20:00:00,2020-08-18,,62,Moldova,4032702,30789,412.0,908,,21220,,8661,362,7635,225.0,128076,31759,4
2020-08-19,20:00:00,2020-08-19,,62,Moldova,4032677,30789,,908,,21885,,7996,362,7635,225.0,183923,45608,4
2020-08-20,17:53:00,2020-08-20,,62,Moldova,4032651,31937,522.0,921,7.0,21885,,9131,362,7920,228.0,183923,45608,4
2020-08-23,21:09:00,2020-08-23,,62,Moldova,4032575,33478,406.0,940,5.0,22683,,9855,362,8302,233.0,183923,45609,4
2020-08-24,17:10:00,2020-08-24,,62,Moldova,4032549,33828,350.0,945,5.0,22683,,10200,575,8389,234.0,183923,45610,4
2020-08-25,23:00:00,2020-08-25,,62,Moldova,4032524,34358,530.0,960,15.0,23869,299.0,9529,575,8520,238.0,183923,45610,4
2020-08-26,22:59:00,2020-08-26,,62,Moldova,4032498,34982,624.0,967,7.0,24156,287.0,9859,575,8675,240.0,183923,45610,4
2020-08-27,23:00:00,2020-08-27,,62,Moldova,4032473,35546,564.0,977,10.0,24156,,10413,575,8815,242.0,207925,51563,4
2020-08-28,23:01:00,2020-08-28,,62,Moldova,4032447,35904,358.0,981,4.0,24156,,10767,575,8904,243.0,207925,51563,4
2020-08-29,12:29:00,2020-08-29,,62,Moldova,4032422,35904,,981,,24156,,10767,575,8904,243.0,207925,51563,4
2020-08-30,23:00:00,2020-08-30,,62,Moldova,4032396,36700,296.0,992,2.0,25139,,10569,575,9101,246.0,207925,51564,4
2020-08-31,18:58:00,2020-08-31,,62,Moldova,4032371,36920,220.0,995,3.0,25872,733.0,10053,575,9156,247.0,207925,51564,4
2020-09-01,23:00:00,2020-09-01,,62,Moldova,4032345,37208,288.0,1008,13.0,25872,,10328,575,9227,250.0,207925,51564,4
2020-09-02,23:01:00,2020-09-02,,62,Moldova,4032320,37740,532.0,1024,16.0,26189,317.0,10527,575,9359,254.0,207925,51565,4
2020-09-03,23:01:00,2020-09-03,,62,Moldova,4032294,38372,632.0,1036,12.0,27017,828.0,10319,575,9516,257.0,207925,51565,4
2020-09-04,07:01:00,2020-09-04,,62,Moldova,4032269,38372,,1036,,27017,,10319,575,9516,257.0,207925,51565,4
2020-09-05,23:31:00,2020-09-05,,62,Moldova,4032243,39473,567.0,1063,16.0,27799,782.0,10611,549,9789,264.0,210553,52217,4
2020-09-06,18:30:00,2020-09-06,,62,Moldova,4032218,39797,324.0,1063,,27799,,10935,549,9870,264.0,210553,52218,4
2020-09-07,23:39:00,2020-09-07,,62,Moldova,4032192,40055,258.0,1074,11.0,27799,,11182,549,9934,266.0,210553,52218,4
2020-09-08,22:10:00,2020-09-08,,62,Moldova,4032167,40556,501.0,1087,13.0,28578,779.0,10891,549,10058,270.0,210553,52218,4
2020-09-09,22:01:00,2020-09-09,,62,Moldova,4032141,41144,588.0,1096,9.0,28962,384.0,11086,549,10204,272.0,210553,52219,4
2020-09-10,22:01:00,2020-09-10,,62,Moldova,4032116,41704,560.0,1106,10.0,28962,,11636,549,10343,274.0,210553,52219,4
2020-09-11,22:00:00,2020-09-11,,62,Moldova,4032090,42183,479.0,1114,8.0,30437,1475.0,10632,549,10462,276.0,210553,52219,4
2020-09-12,22:22:00,2020-09-12,,62,Moldova,4032065,42714,531.0,1117,3.0,30437,,11160,549,10594,277.0,210553,52220,4
2020-09-13,22:01:00,2020-09-13,,62,Moldova,4032039,42978,264.0,1123,6.0,30437,,11418,549,10659,279.0,210553,52220,4
2020-09-14,22:04:00,2020-09-14,,62,Moldova,4032014,43207,229.0,1129,6.0,30437,,11641,549,10716,280.0,210553,52220,4
2020-09-15,21:00:00,2020-09-15,,62,Moldova,4031988,43734,527.0,1143,14.0,32293,1856.0,10298,549,10847,283.0,246764,61202,4
2020-09-16,21:01:00,2020-09-16,,62,Moldova,4031963,44361,627.0,1159,16.0,32732,439.0,10470,549,11002,287.0,246764,61202,4
2020-09-18,20:01:00,2020-09-18,,62,Moldova,4031912,45648,665.0,1186,16.0,33734,495.0,10728,549,11322,294.0,246764,61203,4
2020-09-19,21:00:00,2020-09-19,,62,Moldova,4031886,46336,688.0,1201,15.0,34236,502.0,10899,549,11492,298.0,246764,61203,4
2020-09-20,22:31:00,2020-09-20,,62,Moldova,4031861,46596,260.0,1203,2.0,34236,,11157,549,11557,298.0,246764,61203,4
2020-09-21,21:01:00,2020-09-21,,62,Moldova,4031835,46796,200.0,1211,8.0,35018,782.0,10567,592,11607,300.0,247857,61475,4
2020-09-22,21:01:00,2020-09-22,,62,Moldova,4031810,47446,650.0,1230,19.0,35542,524.0,10674,562,11768,305.0,250422,62112,4
2020-09-23,19:58:00,2020-09-23,,62,Moldova,4031784,48232,786.0,1244,14.0,36071,529.0,10917,564,11963,309.0,253860,62965,4
2020-09-24,21:00:00,2020-09-24,,62,Moldova,4031759,48953,721.0,1252,8.0,36643,572.0,11058,592,12142,311.0,256481,63615,4
2020-09-25,21:00:00,2020-09-25,,62,Moldova,4031733,48953,,1252,,36643,,11058,592,12142,311.0,256481,63616,4
2020-09-26,21:00:00,2020-09-26,,62,Moldova,4031708,50534,868.0,1279,15.0,37440,417.0,11815,592,12534,317.0,259394,64338,4
2020-09-27,22:45:00,2020-09-27,,62,Moldova,4031682,50875,341.0,1287,8.0,37842,402.0,11746,592,12619,319.0,260492,64611,4
2020-09-28,22:00:00,2020-09-28,,62,Moldova,4031657,51194,319.0,1301,14.0,38217,375.0,11676,710,12698,323.0,276750,68644,4
2020-09-29,21:35:00,2020-09-29,,62,Moldova,4031631,52029,835.0,1310,9.0,38579,362.0,12140,568,12905,325.0,279537,69336,4
2020-09-30,22:00:00,2020-09-30,,62,Moldova,4031606,53042,1013.0,1320,10.0,38997,418.0,12725,568,13157,327.0,283009,70198,4
2020-10-01,21:31:00,2020-10-01,,62,Moldova,4031580,54064,1022.0,1336,16.0,39499,502.0,13229,649,13410,331.0,286312,71017,4
2020-10-02,22:36:00,2020-10-02,,62,Moldova,4031554,55016,952.0,1344,8.0,40002,503.0,13670,689,13646,333.0,289464,71800,4
2020-10-03,22:24:00,2020-10-03,,62,Moldova,4031529,55888,872.0,1353,9.0,40475,473.0,14060,685,13863,336.0,292588,72575,4
2020-10-04,21:01:00,2020-10-04,,62,Moldova,4031503,56579,691.0,1366,13.0,40955,480.0,14258,685,14034,339.0,292588,72575,4
2020-10-05,22:13:00,2020-10-05,,62,Moldova,4031478,56901,322.0,1375,9.0,41467,512.0,14059,744,14114,341.0,293824,72882,4
2020-10-06,23:01:00,2020-10-06,,62,Moldova,4031452,57732,831.0,1389,14.0,41938,471.0,14405,755,14320,345.0,296908,73648,4
2020-10-07,23:01:00,2020-10-07,,62,Moldova,4031427,58794,1062.0,1406,17.0,42480,542.0,14908,755,14584,349.0,302666,75077,4
2020-10-08,23:59:00,2020-10-08,,62,Moldova,4031401,59915,1121.0,1424,18.0,43008,528.0,15483,776,14862,353.0,306394,76002,4
2020-10-09,23:00:00,2020-10-09,,62,Moldova,4031376,60833,918.0,1442,18.0,43489,481.0,15902,781,15090,358.0,309887,76869,4
2020-10-10,23:00:00,2020-10-10,,62,Moldova,4031350,61762,929.0,1458,16.0,43982,493.0,16322,782,15320,362.0,313288,77713,4
2020-10-12,23:10:00,2020-10-12,,62,Moldova,4031299,62618,467.0,1478,17.0,44728,371.0,16412,819,15533,367.0,315165,78180,4
2020-10-13,23:01:00,2020-10-13,,62,Moldova,4031274,63275,657.0,1495,17.0,45102,374.0,16678,781,15696,371.0,318281,78953,4
2020-10-14,23:01:00,2020-10-14,,62,Moldova,4031248,64424,1149.0,1514,19.0,45545,443.0,17365,753,15981,376.0,322257,79940,4
2020-10-15,14:09:00,2020-10-15,11:06:00,62,Moldova,4031223,64424,,1514,,45545,,17365,753,15981,376.0,322257,79940,4
