scrap_date,scrap_time,update date,update time-GMT,Country_id,Country,Population,TotalCases,NewCases,TotalDeaths,NewDeaths,TotalRecovered,NewRecovered,ActiveCases,"Serious,Critical",Tot_Cases_1M_pop,Deaths/1M pop,TotalTests,Tests_1M_pop,Continent_id
2020-08-02,20:00:00,2020-08-02,,79,North Macedonia,2083366,11054,163.0,497,4.0,6882,184.0,3675,5,5306,239.0,105357,50571,4
2020-08-08,20:00:00,2020-08-08,,79,North Macedonia,2083365,11754,200.0,523,4.0,7622,15.0,3609,3,5642,251.0,113619,54536,4
2020-08-12,20:00:00,2020-08-12,,79,North Macedonia,2083364,12083,,529,,8248,,3306,6,5800,254.0,117475,56387,4
2020-08-16,20:00:00,2020-08-16,,79,North Macedonia,2083363,12653,,539,,9123,,2991,4,6073,259.0,125128,60061,4
2020-08-17,20:00:00,2020-08-17,,79,North Macedonia,2083363,12840,101.0,547,3.0,9174,,3119,4,6163,263.0,126284,60615,4
2020-08-18,20:00:00,2020-08-18,,79,North Macedonia,2083363,12970,130.0,549,2.0,9513,339.0,2908,3,6226,264.0,128938,61889,4
2020-08-19,20:00:00,2020-08-19,,79,North Macedonia,2083362,12970,,549,,9513,,2908,3,6226,264.0,128938,61889,4
2020-08-20,17:53:00,2020-08-20,,79,North Macedonia,2083362,13194,118.0,554,3.0,9752,127.0,2888,4,6333,266.0,132493,63596,4
2020-08-23,21:09:00,2020-08-23,,79,North Macedonia,2083361,13595,137.0,564,1.0,10110,58.0,2921,4,6526,271.0,134318,64472,4
2020-08-24,17:10:00,2020-08-24,,79,North Macedonia,2083361,13673,78.0,568,4.0,10150,40.0,2955,5,6563,273.0,138325,66395,4
2020-08-25,23:00:00,2020-08-25,,79,North Macedonia,2083361,13799,126.0,573,5.0,10210,60.0,3016,7,6623,275.0,140093,67244,4
2020-08-26,22:59:00,2020-08-26,,79,North Macedonia,2083361,13914,115.0,578,5.0,10507,297.0,2829,5,6679,277.0,142158,68235,4
2020-08-27,23:00:00,2020-08-27,,79,North Macedonia,2083360,14004,90.0,585,7.0,10722,215.0,2697,5,6722,281.0,143687,68969,4
2020-08-28,23:01:00,2020-08-28,,79,North Macedonia,2083360,14163,159.0,590,5.0,10933,211.0,2640,3,6798,283.0,145705,69938,4
2020-08-29,12:29:00,2020-08-29,,79,North Macedonia,2083360,14163,,590,,10933,,2640,3,6798,283.0,145705,69938,4
2020-08-30,23:00:00,2020-08-30,,79,North Macedonia,2083360,14330,37.0,600,4.0,11062,48.0,2668,3,6878,288.0,147819,70952,4
2020-08-31,18:58:00,2020-08-31,,79,North Macedonia,2083360,14341,11.0,603,3.0,11157,95.0,2581,1,6884,289.0,148269,71168,4
2020-09-01,23:00:00,2020-09-01,,79,North Macedonia,2083359,14455,114.0,604,1.0,11525,368.0,2326,1,6938,290.0,149934,71967,4
2020-09-02,23:01:00,2020-09-02,,79,North Macedonia,2083359,14600,145.0,606,2.0,11741,216.0,2253,1,7008,291.0,151706,72818,4
2020-09-03,23:01:00,2020-09-03,,79,North Macedonia,2083359,14762,162.0,606,,11965,224.0,2191,2,7086,291.0,153462,73661,4
2020-09-04,07:01:00,2020-09-04,,79,North Macedonia,2083359,14762,,606,,11965,,2191,2,7086,291.0,153462,73661,4
2020-09-05,23:31:00,2020-09-05,,79,North Macedonia,2083358,14998,127.0,614,5.0,12149,95.0,2235,2,7199,295.0,156522,75130,4
2020-09-06,18:30:00,2020-09-06,,79,North Macedonia,2083358,15090,92.0,617,3.0,12235,86.0,2238,2,7243,296.0,157519,75608,4
2020-09-07,23:39:00,2020-09-07,,79,North Macedonia,2083358,15127,37.0,623,6.0,12486,251.0,2018,7,7261,299.0,158003,75841,4
2020-09-08,22:10:00,2020-09-08,,79,North Macedonia,2083358,15226,99.0,631,8.0,12700,214.0,1895,7,7308,303.0,158003,75841,4
2020-09-09,22:01:00,2020-09-09,,79,North Macedonia,2083357,15293,67.0,634,3.0,12754,54.0,1905,4,7341,304.0,160180,76886,4
2020-09-10,22:01:00,2020-09-10,,79,North Macedonia,2083357,15414,121.0,637,3.0,12896,142.0,1881,4,7399,306.0,161590,77562,4
2020-09-11,22:00:00,2020-09-11,,79,North Macedonia,2083357,15555,141.0,642,5.0,12994,98.0,1919,4,7466,308.0,163132,78302,4
2020-09-12,22:22:00,2020-09-12,,79,North Macedonia,2083357,15694,140.0,646,4.0,13128,134.0,1920,6,7533,310.0,164639,79026,4
2020-09-13,22:01:00,2020-09-13,,79,North Macedonia,2083357,15791,97.0,648,2.0,13184,56.0,1959,4,7580,311.0,165892,79627,4
2020-09-14,22:04:00,2020-09-14,,79,North Macedonia,2083356,15827,36.0,652,4.0,13315,131.0,1860,4,7597,313.0,166356,79850,4
2020-09-15,21:00:00,2020-09-15,,79,North Macedonia,2083356,15925,98.0,661,9.0,13418,103.0,1846,2,7644,317.0,167760,80524,4
2020-09-16,21:01:00,2020-09-16,,79,North Macedonia,2083356,16088,163.0,668,7.0,13550,132.0,1870,2,7722,321.0,169481,81350,4
2020-09-18,20:01:00,2020-09-18,,79,North Macedonia,2083355,16417,143.0,683,8.0,13732,97.0,2002,4,7880,328.0,172700,82895,4
2020-09-19,21:00:00,2020-09-19,,79,North Macedonia,2083355,16557,140.0,689,6.0,13792,60.0,2076,4,7947,331.0,174097,83566,4
2020-09-20,22:31:00,2020-09-20,,79,North Macedonia,2083355,16735,178.0,693,4.0,13863,71.0,2179,4,8033,333.0,175465,84222,4
2020-09-21,21:01:00,2020-09-21,,79,North Macedonia,2083355,16780,45.0,700,7.0,13949,86.0,2131,4,8054,336.0,176017,84487,4
2020-09-22,21:01:00,2020-09-22,,79,North Macedonia,2083354,16867,87.0,705,5.0,14084,135.0,2078,3,8096,338.0,177635,85264,4
2020-09-23,19:58:00,2020-09-23,,79,North Macedonia,2083354,17049,182.0,710,5.0,14186,102.0,2153,3,8183,341.0,179404,86113,4
2020-09-24,21:00:00,2020-09-24,,79,North Macedonia,2083354,17200,151.0,712,2.0,14312,126.0,2176,3,8256,342.0,181034,86895,4
2020-09-25,21:00:00,2020-09-25,,79,North Macedonia,2083354,17343,143.0,721,9.0,14422,110.0,2200,3,8325,346.0,182538,87617,4
2020-09-26,21:00:00,2020-09-26,,79,North Macedonia,2083354,17483,140.0,722,1.0,14516,94.0,2245,3,8392,347.0,184097,88366,4
2020-09-27,22:45:00,2020-09-27,,79,North Macedonia,2083353,17629,146.0,725,3.0,14581,65.0,2323,5,8462,348.0,185321,88953,4
2020-09-28,22:00:00,2020-09-28,,79,North Macedonia,2083353,17674,45.0,729,4.0,14642,61.0,2303,5,8483,350.0,185708,89139,4
2020-09-29,21:35:00,2020-09-29,,79,North Macedonia,2083353,17786,112.0,737,8.0,14801,159.0,2248,6,8537,354.0,187080,89798,4
2020-09-30,22:00:00,2020-09-30,,79,North Macedonia,2083353,17977,191.0,739,2.0,14959,158.0,2279,6,8629,355.0,188777,90612,4
2020-10-01,21:31:00,2020-10-01,,79,North Macedonia,2083352,18138,161.0,743,4.0,15068,109.0,2327,5,8706,357.0,190127,91260,4
2020-10-02,22:36:00,2020-10-02,,79,North Macedonia,2083352,18363,225.0,749,6.0,15164,96.0,2450,1,8814,360.0,191821,92073,4
2020-10-03,22:24:00,2020-10-03,,79,North Macedonia,2083352,18602,239.0,753,4.0,15264,100.0,2585,3,8929,361.0,193652,92952,4
2020-10-04,21:01:00,2020-10-04,,79,North Macedonia,2083352,18790,188.0,756,3.0,15341,77.0,2693,3,9019,363.0,195002,93600,4
2020-10-05,22:13:00,2020-10-05,,79,North Macedonia,2083351,18873,83.0,760,4.0,15487,146.0,2626,3,9059,365.0,195541,93859,4
2020-10-06,23:01:00,2020-10-06,,79,North Macedonia,2083351,19096,223.0,768,8.0,15645,158.0,2683,3,9166,369.0,197382,94743,4
2020-10-07,23:01:00,2020-10-07,,79,North Macedonia,2083351,19413,317.0,772,4.0,15749,104.0,2892,3,9318,371.0,199372,95698,4
2020-10-08,23:59:00,2020-10-08,,79,North Macedonia,2083351,19777,364.0,775,3.0,15855,106.0,3147,3,9493,372.0,201512,96725,4
2020-10-09,23:00:00,2020-10-09,,79,North Macedonia,2083350,20163,386.0,781,6.0,16009,154.0,3373,4,9678,375.0,203779,97813,4
2020-10-10,23:00:00,2020-10-10,,79,North Macedonia,2083350,20555,392.0,785,4.0,16099,90.0,3671,4,9866,377.0,203779,97813,4
2020-10-12,23:10:00,2020-10-12,,79,North Macedonia,2083350,21113,176.0,797,5.0,16301,107.0,4015,4,10134,383.0,208669,100160,4
2020-10-13,23:01:00,2020-10-13,,79,North Macedonia,2083350,21193,80.0,800,3.0,16397,96.0,3996,3,10173,384.0,209349,100487,4
2020-10-14,23:01:00,2020-10-14,,79,North Macedonia,2083349,21636,443.0,809,9.0,16591,194.0,4236,3,10385,388.0,211790,101658,4
2020-10-15,14:09:00,2020-10-15,11:06:00,79,North Macedonia,2083349,21636,,809,,16591,,4236,3,10385,388.0,211790,101658,4
