scrap_date,scrap_time,update date,update time-GMT,Country_id,Country,Population,TotalCases,NewCases,TotalDeaths,NewDeaths,TotalRecovered,NewRecovered,ActiveCases,"Serious,Critical",Tot_Cases_1M_pop,Deaths/1M pop,TotalTests,Tests_1M_pop,Continent_id
2020-08-02,20:00:00,2020-08-02,,74,S. Korea,51273132,14366,30,301,,13259,26,806,13,280,6.0,1576246,30742,3
2020-08-08,20:00:00,2020-08-08,,74,S. Korea,51273852,14562,43,304,1.0,13629,86,629,17,284,6.0,1620514,31605,3
2020-08-12,20:00:00,2020-08-12,,74,S. Korea,51274333,14714,54,305,,13786,57,623,15,287,6.0,1646652,32115,3
2020-08-16,20:00:00,2020-08-16,,74,S. Korea,51274814,15318,279,305,,13910,9,1103,13,299,6.0,1681787,32799,3
2020-08-17,20:00:00,2020-08-17,,74,S. Korea,51274934,15515,197,305,,13917,7,1293,13,303,6.0,1688470,32930,3
2020-08-18,20:00:00,2020-08-18,,74,S. Korea,51275054,15761,246,306,1.0,13934,17,1521,9,307,6.0,1697042,33097,3
2020-08-19,20:00:00,2020-08-19,,74,S. Korea,51275174,16058,297,306,,14006,72,1746,12,313,6.0,1715064,33448,3
2020-08-20,17:53:00,2020-08-20,,74,S. Korea,51275294,16346,288,307,1.0,14063,57,1976,12,319,6.0,1734083,33819,3
2020-08-23,21:09:00,2020-08-23,,74,S. Korea,51275655,17399,397,309,,14200,31,2890,30,339,6.0,1791186,34932,3
2020-08-24,17:10:00,2020-08-24,,74,S. Korea,51275775,17665,266,309,,14219,19,3137,32,345,6.0,1804422,35191,3
2020-08-25,23:00:00,2020-08-25,,74,S. Korea,51275895,17945,280,310,1.0,14286,67,3349,38,350,6.0,1825837,35608,3
2020-08-26,22:59:00,2020-08-26,,74,S. Korea,51276015,18265,320,312,2.0,14368,82,3585,43,356,6.0,1849506,36070,3
2020-08-27,23:00:00,2020-08-27,,74,S. Korea,51276136,18706,441,313,1.0,14461,93,3932,46,365,6.0,1869579,36461,3
2020-08-28,23:01:00,2020-08-28,,74,S. Korea,51276256,19077,371,316,3.0,14551,90,4210,58,372,6.0,1887717,36815,3
2020-08-29,12:29:00,2020-08-29,,74,S. Korea,51276376,19400,323,321,5.0,14765,214,4314,64,378,6.0,1909329,37236,3
2020-08-30,23:00:00,2020-08-30,,74,S. Korea,51276496,19699,299,323,2.0,14903,138,4473,70,384,6.0,1924170,37525,3
2020-08-31,18:58:00,2020-08-31,,74,S. Korea,51276616,19947,248,324,1.0,14973,70,4650,79,389,6.0,1937689,37789,3
2020-09-01,23:00:00,2020-09-01,,74,S. Korea,51276736,20182,235,324,,15198,225,4660,104,394,6.0,1959080,38206,3
2020-09-02,23:01:00,2020-09-02,,74,S. Korea,51276856,20449,267,326,2.0,15356,158,4767,124,399,6.0,1980295,38620,3
2020-09-03,23:01:00,2020-09-03,,74,S. Korea,51276977,20644,195,329,3.0,15529,173,4786,154,403,6.0,2000552,39015,3
2020-09-04,07:01:00,2020-09-04,,74,S. Korea,51277097,20842,198,331,2.0,15783,254,4728,157,406,6.0,2018906,39372,3
2020-09-05,23:31:00,2020-09-05,,74,S. Korea,51277217,21010,168,333,2.0,16009,226,4668,159,410,6.0,2037045,39726,3
2020-09-06,18:30:00,2020-09-06,,74,S. Korea,51277337,21177,167,334,1.0,16146,137,4697,163,413,7.0,2045935,39899,3
2020-09-07,23:39:00,2020-09-07,,74,S. Korea,51277457,21296,119,336,2.0,16297,151,4663,162,415,7.0,2051297,40004,3
2020-09-08,22:10:00,2020-09-08,,74,S. Korea,51277577,21432,136,341,5.0,16636,339,4455,151,418,7.0,2066078,40292,3
2020-09-09,22:01:00,2020-09-09,,74,S. Korea,51277698,21588,156,344,3.0,17023,387,4221,154,421,7.0,2082234,40607,3
2020-09-10,22:01:00,2020-09-10,,74,S. Korea,51277818,21743,155,346,2.0,17360,337,4037,169,424,7.0,2099591,40945,3
2020-09-11,22:00:00,2020-09-11,,74,S. Korea,51277938,21919,176,350,4.0,17616,256,3953,175,427,7.0,2119211,41328,3
2020-09-12,22:22:00,2020-09-12,,74,S. Korea,51278058,22055,136,355,5.0,18029,413,3671,164,430,7.0,2135457,41645,3
2020-09-13,22:01:00,2020-09-13,,74,S. Korea,51278178,22176,121,358,3.0,18226,197,3592,157,432,7.0,2143270,41797,3
2020-09-14,22:04:00,2020-09-14,,74,S. Korea,51278298,22285,109,363,5.0,18489,263,3433,157,435,7.0,2151002,41948,3
2020-09-15,21:00:00,2020-09-15,,74,S. Korea,51278419,22391,106,367,4.0,18878,389,3146,158,437,7.0,2164578,42212,3
2020-09-16,21:01:00,2020-09-16,,74,S. Korea,51278539,22504,113,367,,19310,432,2827,160,439,7.0,2178832,42490,3
2020-09-18,20:01:00,2020-09-18,,74,S. Korea,51278779,22783,126,377,5.0,19771,228,2635,150,444,7.0,2206365,43027,3
2020-09-19,21:00:00,2020-09-19,,74,S. Korea,51278899,22893,110,378,1.0,19970,199,2545,152,446,7.0,2219162,43276,3
2020-09-20,22:31:00,2020-09-20,,74,S. Korea,51279019,22975,82,383,5.0,20158,188,2434,146,448,7.0,2226701,43423,3
2020-09-21,21:01:00,2020-09-21,,74,S. Korea,51279140,23045,70,385,2.0,20248,90,2412,141,449,8.0,2231589,43518,3
2020-09-22,21:01:00,2020-09-22,,74,S. Korea,51279260,23106,61,388,3.0,20441,193,2277,144,451,8.0,2245112,43782,3
2020-09-23,19:58:00,2020-09-23,,74,S. Korea,51279380,23216,110,388,,20650,209,2178,139,453,8.0,2256899,44012,3
2020-09-24,21:00:00,2020-09-24,,74,S. Korea,51279500,23341,125,393,5.0,20832,182,2116,126,455,8.0,2268999,44248,3
2020-09-25,21:00:00,2020-09-25,,74,S. Korea,51279620,23455,114,395,2.0,20978,146,2082,128,457,8.0,2280276,44467,3
2020-09-26,21:00:00,2020-09-26,,74,S. Korea,51279740,23516,61,399,4.0,21166,188,1951,122,459,8.0,2290345,44664,3
2020-09-27,22:45:00,2020-09-27,,74,S. Korea,51279860,23611,95,401,2.0,21248,82,1962,124,460,8.0,2296517,44784,3
2020-09-28,22:00:00,2020-09-28,,74,S. Korea,51279981,23661,50,406,5.0,21292,44,1963,120,461,8.0,2301303,44877,3
2020-09-29,21:35:00,2020-09-29,,74,S. Korea,51280101,23699,38,407,1.0,21470,178,1822,115,462,8.0,2313044,45106,3
2020-09-30,22:00:00,2020-09-30,,74,S. Korea,51280221,23812,113,413,6.0,21590,120,1809,109,464,8.0,2322999,45300,3
2020-10-01,21:31:00,2020-10-01,,74,S. Korea,51280341,23889,77,415,2.0,21666,75,1808,107,466,8.0,2328435,45406,3
2020-10-02,22:36:00,2020-10-02,,74,S. Korea,51280461,23952,63,416,1.0,21733,67,1803,107,467,8.0,2333777,45510,3
2020-10-03,22:24:00,2020-10-03,,74,S. Korea,51280581,24027,75,420,4.0,21787,54,1820,104,469,8.0,2339859,45629,3
2020-10-04,21:01:00,2020-10-04,,74,S. Korea,51280702,24091,64,421,1.0,21845,58,1825,105,470,8.0,2346345,45755,3
2020-10-05,22:13:00,2020-10-05,,74,S. Korea,51280822,24164,73,422,1.0,21886,41,1856,107,471,8.0,2352378,45872,3
2020-10-06,23:01:00,2020-10-06,,74,S. Korea,51280942,24239,75,422,,22083,197,1734,105,473,8.0,2365433,46127,3
2020-10-07,23:01:00,2020-10-07,,74,S. Korea,51281062,24353,114,425,3.0,22334,251,1594,102,475,8.0,2378073,46373,3
2020-10-08,23:59:00,2020-10-08,,74,S. Korea,51281182,24422,69,427,2.0,22463,129,1532,97,476,8.0,2388844,46583,3
2020-10-09,23:00:00,2020-10-09,,74,S. Korea,51281302,24476,54,428,1.0,22569,106,1479,94,477,8.0,2400233,46805,3
2020-10-10,23:00:00,2020-10-10,,74,S. Korea,51281423,24548,72,430,2.0,22624,55,1494,89,479,8.0,2404684,46892,3
2020-10-12,23:10:00,2020-10-12,,74,S. Korea,51281663,24703,97,433,1.0,22729,36,1541,87,482,8.0,2415610,47105,3
2020-10-13,23:01:00,2020-10-13,,74,S. Korea,51281783,24805,102,434,1.0,22863,134,1508,91,484,8.0,2428771,47361,3
2020-10-14,23:01:00,2020-10-14,,74,S. Korea,51281903,24889,84,438,4.0,23030,167,1421,85,485,9.0,2441454,47608,3
2020-10-15,14:09:00,2020-10-15,11:06:00,74,S. Korea,51282023,24988,110,439,1.0,23082,52,1467,82,487,9.0,2450739,47789,3
