scrap_date,scrap_time,update date,update time-GMT,Country_id,Country,Population,TotalCases,NewCases,TotalDeaths,NewDeaths,TotalRecovered,NewRecovered,ActiveCases,"Serious,Critical",Tot_Cases_1M_pop,Deaths/1M pop,TotalTests,Tests_1M_pop,Continent_id
2020-08-02,20:00:00,2020-08-02,,59,Afghanistan,38997440,36710,,1283,,25509,,9918,31,941,33.0,89255,2289,3
2020-08-08,20:00:00,2020-08-08,,59,Afghanistan,39011848,37054,39.0,1312,5.0,25960,57.0,9782,31,950,34.0,92710,2376,3
2020-08-12,20:00:00,2020-08-12,,59,Afghanistan,39021453,37345,76.0,1354,10.0,26694,279.0,9297,31,957,35.0,97199,2491,3
2020-08-16,20:00:00,2020-08-16,,59,Afghanistan,39031058,37596,45.0,1375,5.0,27166,,9055,31,963,35.0,98718,2529,3
2020-08-17,20:00:00,2020-08-17,,59,Afghanistan,39033459,37599,3.0,1375,,27166,,9058,31,963,35.0,98772,2530,3
2020-08-18,20:00:00,2020-08-18,,59,Afghanistan,39035860,37599,,1375,,27166,,9058,31,963,35.0,98772,2530,3
2020-08-19,20:00:00,2020-08-19,,59,Afghanistan,39038261,37599,,1375,,27166,,9058,31,963,35.0,98772,2530,3
2020-08-20,17:53:00,2020-08-20,,59,Afghanistan,39040662,37856,257.0,1385,10.0,27681,515.0,8790,31,970,35.0,100138,2565,3
2020-08-23,21:09:00,2020-08-23,,59,Afghanistan,39047866,37999,46.0,1387,2.0,28180,164.0,8432,31,973,36.0,100960,2586,3
2020-08-24,17:10:00,2020-08-24,,59,Afghanistan,39050267,38054,55.0,1389,2.0,28360,180.0,8305,31,974,36.0,101208,2592,3
2020-08-25,23:00:00,2020-08-25,,59,Afghanistan,39052669,38070,16.0,1397,8.0,28440,80.0,8233,31,975,36.0,101377,2596,3
2020-08-26,22:59:00,2020-08-26,,59,Afghanistan,39055070,38113,43.0,1401,4.0,29042,602.0,7670,31,976,36.0,101893,2609,3
2020-08-27,23:00:00,2020-08-27,,59,Afghanistan,39057471,38129,16.0,1401,,29046,4.0,7682,31,976,36.0,102168,2616,3
2020-08-28,23:01:00,2020-08-28,,59,Afghanistan,39059872,38140,11.0,1402,1.0,29059,13.0,7679,31,976,36.0,102321,2620,3
2020-08-29,12:29:00,2020-08-29,,59,Afghanistan,39062273,38143,3.0,1402,,29063,4.0,7678,31,976,36.0,102381,2621,3
2020-08-30,23:00:00,2020-08-30,,59,Afghanistan,39064675,38162,19.0,1402,,29089,26.0,7671,31,977,36.0,102598,2626,3
2020-08-31,18:58:00,2020-08-31,,59,Afghanistan,39067076,38165,3.0,1402,,29089,,7674,31,977,36.0,102643,2627,3
2020-09-01,23:00:00,2020-09-01,,59,Afghanistan,39069477,38196,31.0,1406,4.0,29231,142.0,7559,41,978,36.0,102778,2631,3
2020-09-02,23:01:00,2020-09-02,,59,Afghanistan,39071878,38243,47.0,1409,3.0,29315,84.0,7519,48,979,36.0,103199,2641,3
2020-09-03,23:01:00,2020-09-03,,59,Afghanistan,39074280,38288,45.0,1409,,29390,75.0,7489,52,980,36.0,103674,2653,3
2020-09-04,07:01:00,2020-09-04,,59,Afghanistan,39076681,38288,,1409,,29390,,7489,52,980,36.0,103674,2653,3
2020-09-05,23:31:00,2020-09-05,,59,Afghanistan,39079082,38324,20.0,1409,,30082,369.0,6833,63,981,36.0,104155,2665,3
2020-09-06,18:30:00,2020-09-06,,59,Afghanistan,39081483,38398,74.0,1412,3.0,30537,455.0,6449,93,983,36.0,104575,2676,3
2020-09-07,23:39:00,2020-09-07,,59,Afghanistan,39083884,38494,96.0,1415,3.0,30557,20.0,6522,93,985,36.0,105053,2688,3
2020-09-08,22:10:00,2020-09-08,,59,Afghanistan,39086286,38520,26.0,1418,3.0,30715,158.0,6387,93,986,36.0,105213,2692,3
2020-09-09,22:01:00,2020-09-09,,59,Afghanistan,39088687,38544,24.0,1420,2.0,31048,333.0,6076,93,986,36.0,105422,2697,3
2020-09-10,22:01:00,2020-09-10,,59,Afghanistan,39091088,38572,28.0,1420,,31129,81.0,6023,93,987,36.0,105765,2706,3
2020-09-11,22:00:00,2020-09-11,,59,Afghanistan,39093489,38606,34.0,1420,,31154,25.0,6032,93,988,36.0,106062,2713,3
2020-09-12,22:22:00,2020-09-12,,59,Afghanistan,39095891,38641,35.0,1420,,31234,80.0,5987,93,988,36.0,106270,2718,3
2020-09-13,22:01:00,2020-09-13,,59,Afghanistan,39098292,38716,75.0,1420,,31638,404.0,5658,93,990,36.0,106802,2732,3
2020-09-14,22:04:00,2020-09-14,,59,Afghanistan,39100693,38772,56.0,1425,5.0,32073,435.0,5274,93,992,36.0,107167,2741,3
2020-09-15,21:00:00,2020-09-15,,59,Afghanistan,39103094,38815,43.0,1426,1.0,32098,25.0,5291,93,993,36.0,107399,2747,3
2020-09-16,21:01:00,2020-09-16,,59,Afghanistan,39105495,38855,40.0,1436,10.0,32503,405.0,4916,93,994,37.0,107593,2751,3
2020-09-18,20:01:00,2020-09-18,,59,Afghanistan,39110298,38883,11.0,1437,1.0,32576,71.0,4870,93,994,37.0,107968,2761,3
2020-09-19,21:00:00,2020-09-19,,59,Afghanistan,39112699,38919,36.0,1437,,32576,,4906,93,995,37.0,108193,2766,3
2020-09-20,22:31:00,2020-09-20,,59,Afghanistan,39115100,39044,125.0,1441,4.0,32576,,5027,93,998,37.0,108591,2776,3
2020-09-21,21:01:00,2020-09-21,,59,Afghanistan,39117502,39074,30.0,1444,3.0,32576,,5054,93,999,37.0,108756,2780,3
2020-09-22,21:01:00,2020-09-22,,59,Afghanistan,39119903,39096,22.0,1445,1.0,32576,,5075,93,999,37.0,109068,2788,3
2020-09-23,19:58:00,2020-09-23,,59,Afghanistan,39122304,39145,49.0,1446,1.0,32610,34.0,5089,93,1001,37.0,109281,2793,3
2020-09-24,21:00:00,2020-09-24,,59,Afghanistan,39124705,39170,25.0,1451,5.0,32619,9.0,5100,93,1001,37.0,109469,2798,3
2020-09-25,21:00:00,2020-09-25,,59,Afghanistan,39127106,39186,16.0,1451,,32619,,5116,93,1002,37.0,109765,2805,3
2020-09-26,21:00:00,2020-09-26,,59,Afghanistan,39129508,39192,6.0,1453,2.0,32635,16.0,5104,93,1002,37.0,109868,2808,3
2020-09-27,22:45:00,2020-09-27,,59,Afghanistan,39131909,39227,35.0,1453,,32642,7.0,5132,93,1002,37.0,110135,2814,3
2020-09-28,22:00:00,2020-09-28,,59,Afghanistan,39134310,39233,6.0,1455,2.0,32642,,5136,93,1003,37.0,110359,2820,3
2020-09-29,21:35:00,2020-09-29,,59,Afghanistan,39136711,39254,21.0,1458,3.0,32746,104.0,5050,93,1003,37.0,110650,2827,3
2020-09-30,22:00:00,2020-09-30,,59,Afghanistan,39139113,39268,14.0,1458,,32789,43.0,5021,93,1003,37.0,110935,2834,3
2020-10-01,21:31:00,2020-10-01,,59,Afghanistan,39141514,39285,17.0,1458,,32842,53.0,4985,93,1004,37.0,111310,2844,3
2020-10-02,22:36:00,2020-10-02,,59,Afghanistan,39143915,39290,5.0,1458,,32842,,4990,93,1004,37.0,111521,2849,3
2020-10-03,22:24:00,2020-10-03,,59,Afghanistan,39146316,39297,7.0,1462,4.0,32842,,4993,93,1004,37.0,111580,2850,3
2020-10-04,21:01:00,2020-10-04,,59,Afghanistan,39148717,39341,44.0,1462,,32852,10.0,5027,93,1005,37.0,111937,2859,3
2020-10-05,22:13:00,2020-10-05,,59,Afghanistan,39151119,39422,81.0,1466,4.0,32879,27.0,5077,93,1007,37.0,112278,2868,3
2020-10-06,23:01:00,2020-10-06,,59,Afghanistan,39153520,39486,64.0,1467,1.0,32977,98.0,5042,93,1008,37.0,112650,2877,3
2020-10-07,23:01:00,2020-10-07,,59,Afghanistan,39155921,39548,62.0,1469,2.0,33045,68.0,5034,93,1010,38.0,113020,2886,3
2020-10-08,23:59:00,2020-10-08,,59,Afghanistan,39158322,39616,68.0,1470,1.0,33058,13.0,5088,93,1012,38.0,113392,2896,3
2020-10-09,23:00:00,2020-10-09,,59,Afghanistan,39160724,39693,77.0,1472,2.0,33058,,5163,93,1014,38.0,113839,2907,3
2020-10-10,23:00:00,2020-10-10,,59,Afghanistan,39163125,39703,10.0,1473,1.0,33064,6.0,5166,93,1014,38.0,113957,2910,3
2020-10-12,23:10:00,2020-10-12,,59,Afghanistan,39167927,39870,71.0,1479,2.0,33118,4.0,5273,93,1018,38.0,114997,2936,3
2020-10-13,23:01:00,2020-10-13,,59,Afghanistan,39170328,39928,58.0,1480,1.0,33308,190.0,5140,93,1019,38.0,115402,2946,3
2020-10-14,23:01:00,2020-10-14,,59,Afghanistan,39172730,39994,66.0,1481,1.0,33354,46.0,5159,93,1021,38.0,115720,2954,3
2020-10-15,14:09:00,2020-10-15,11:06:00,59,Afghanistan,39175131,40026,32.0,1481,,33447,93.0,5098,93,1022,38.0,115968,2960,3
2020-10-16,22:08:00,2020-10-16,19:06:00,59,Afghanistan,39177532,40073,47.0,1485,4.0,33516,69.0,5072,93,1023,38.0,116255,2967,3
2020-10-17,23:01:00,2020-10-17,19:58:00,59,Afghanistan,39179933,40141,68.0,1488,3.0,33561,45.0,5092,93,1025,38.0,116675,2978,3
2020-10-18,14:32:00,2020-10-18,11:25:00,59,Afghanistan,39182335,40200,59.0,1492,4.0,33614,53.0,5094,93,1026,38.0,117151,2990,3
