Scrap_time,Update_time_GMT,Date,Continent_id,Continent,TotalCases,NewCases,TotalDeaths,NewDeaths,TotalRecovered,NewRecovered,ActiveCases,SeriousCritical
2020-08-02 20:00:00,,2020-08-02,5,Africa,949993,,20041,,607381,,322571,1135
2020-08-08 20:00:00,,2020-08-08,5,Africa,1030192,80199.0,22611,2570.0,711779,104398.0,295802,1198
2020-08-12 20:00:00,,2020-08-12,5,Africa,1069132,38940.0,23912,1301.0,761685,49906.0,283535,1207
2020-08-16 20:00:00,,2020-08-16,5,Africa,1113390,44258.0,25390,1478.0,828344,66659.0,259656,1195
2020-08-17 20:00:00,,2020-08-17,5,Africa,1126638,13248.0,25738,348.0,840165,11821.0,260735,1206
2020-08-18 20:00:00,,2020-08-18,5,Africa,1134916,8278.0,25995,257.0,851865,11700.0,257056,1205
2020-08-19 20:00:00,,2020-08-19,5,Africa,1141062,6146.0,26365,370.0,862878,11013.0,251819,1209
2020-08-20 17:53:00,,2020-08-20,5,Africa,1152518,11456.0,26714,349.0,874882,12004.0,250922,1196
2020-08-23 21:09:00,,2020-08-23,5,Africa,1187916,35398.0,27716,1002.0,905642,30760.0,254558,1214
2020-08-24 17:10:00,,2020-08-24,5,Africa,1193588,5672.0,27856,140.0,910515,4873.0,255217,1212
2020-08-25 23:00:00,,2020-08-25,5,Africa,1204764,11176.0,28153,297.0,927580,17065.0,249031,1258
2020-08-26 22:59:00,,2020-08-26,5,Africa,1215272,10508.0,28608,455.0,943270,15690.0,243394,1272
2020-08-27 23:00:00,,2020-08-27,5,Africa,1223624,8352.0,28865,257.0,954615,11345.0,240144,1282
2020-08-28 23:01:00,,2020-08-28,5,Africa,1230136,6512.0,28988,123.0,960621,6006.0,240527,1288
2020-08-29 12:29:00,,2020-08-29,5,Africa,1233365,3229.0,29141,153.0,964884,4263.0,239340,1289
2020-08-30 23:00:00,,2020-08-30,5,Africa,1246813,13448.0,29550,409.0,976426,11542.0,240837,1277
2020-08-31 18:58:00,,2020-08-31,5,Africa,1251274,4461.0,29646,96.0,980380,3954.0,241248,1270
2020-09-01 23:00:00,,2020-09-01,5,Africa,1261643,10369.0,29950,304.0,990355,9975.0,241338,1262
2020-09-02 23:01:00,,2020-09-02,5,Africa,1270944,9301.0,30303,353.0,1008204,17849.0,232437,1278
2020-09-03 23:01:00,,2020-09-03,5,Africa,1280202,9258.0,30621,318.0,1015420,7216.0,234161,1282
2020-09-04 07:01:00,,2020-09-04,5,Africa,1281149,947.0,30667,46.0,1017753,2333.0,232729,1445
2020-09-05 23:31:00,,2020-09-05,5,Africa,1296394,15245.0,31103,436.0,1032437,14684.0,232854,1417
2020-09-06 18:30:00,,2020-09-06,5,Africa,1298366,1972.0,31151,48.0,1034019,1582.0,233196,1419
2020-09-07 23:39:00,,2020-09-07,5,Africa,1310989,12623.0,31553,402.0,1045561,11542.0,233875,1434
2020-09-08 22:10:00,,2020-09-08,5,Africa,1317082,6093.0,31659,106.0,1052459,6898.0,232964,1464
2020-09-09 22:01:00,,2020-09-09,5,Africa,1325272,8190.0,31878,219.0,1059669,7210.0,233725,1469
2020-09-10 22:01:00,,2020-09-10,5,Africa,1332897,7625.0,32047,169.0,1067614,7945.0,233236,1500
2020-09-11 22:00:00,,2020-09-11,5,Africa,1339630,6733.0,32231,184.0,1074467,6853.0,232932,1485
2020-09-12 22:22:00,,2020-09-12,5,Africa,1349942,10312.0,32479,248.0,1084191,9724.0,233272,1486
2020-09-13 22:01:00,,2020-09-13,5,Africa,1356957,7015.0,32625,146.0,1100859,16668.0,223473,1503
2020-09-14 22:04:00,,2020-09-14,5,Africa,1362863,5906.0,32741,116.0,1106724,5865.0,223398,1503
2020-09-15 21:00:00,,2020-09-15,5,Africa,1369978,7115.0,32921,180.0,1114447,7723.0,222610,1427
2020-09-16 21:01:00,,2020-09-16,5,Africa,1376988,7010.0,33208,287.0,1124933,10486.0,218847,1424
2020-09-18 20:01:00,,2020-09-18,5,Africa,1390091,13103.0,33500,292.0,1138823,13890.0,217768,1460
2020-09-19 21:00:00,,2020-09-19,5,Africa,1403225,13134.0,33774,274.0,1149047,10224.0,220404,1459
2020-09-20 22:31:00,,2020-09-20,5,Africa,1412795,9570.0,33978,204.0,1157451,8404.0,221366,1457
2020-09-21 21:01:00,,2020-09-21,5,Africa,1418837,6042.0,34068,90.0,1163648,6197.0,221121,1470
2020-09-22 21:01:00,,2020-09-22,5,Africa,1425538,6701.0,34226,158.0,1170332,6684.0,220980,1402
2020-09-23 19:58:00,,2020-09-23,5,Africa,1430640,5102.0,34426,200.0,1175097,4765.0,221117,1462
2020-09-24 21:00:00,,2020-09-24,5,Africa,1441359,10719.0,34646,220.0,1186655,11558.0,220058,1455
2020-09-25 21:00:00,,2020-09-25,5,Africa,1445535,4176.0,34777,131.0,1191621,4966.0,219137,1445
2020-09-26 21:00:00,,2020-09-26,5,Africa,1456504,10969.0,34973,196.0,1202506,10885.0,219025,1540
2020-09-27 22:45:00,,2020-09-27,5,Africa,1464209,7705.0,35163,190.0,1209790,7284.0,219256,1539
2020-09-28 22:00:00,,2020-09-28,5,Africa,1471620,7411.0,35295,132.0,1216537,6747.0,219788,1561
2020-09-29 21:35:00,,2020-09-29,5,Africa,1479063,7443.0,35630,335.0,1222841,6304.0,220592,1623
2020-09-30 22:00:00,,2020-09-30,5,Africa,1487187,8124.0,35838,208.0,1230136,7295.0,221213,1610
2020-10-01 21:31:00,,2020-10-01,5,Africa,1493886,6699.0,35980,142.0,1236330,6194.0,221576,1594
2020-10-02 22:36:00,,2020-10-02,5,Africa,1500708,6822.0,36193,213.0,1240796,4466.0,223719,1593
2020-10-03 22:24:00,,2020-10-03,5,Africa,1512022,11314.0,36342,149.0,1250757,9961.0,224923,1576
2020-10-04 21:01:00,,2020-10-04,5,Africa,1517809,5787.0,36466,124.0,1254730,3973.0,226613,1604
2020-10-05 22:13:00,,2020-10-05,5,Africa,1526374,8565.0,36635,169.0,1266660,11930.0,223079,1636
2020-10-06 23:01:00,,2020-10-06,5,Africa,1533002,6628.0,36782,147.0,1273156,6496.0,223064,1608
2020-10-07 23:01:00,,2020-10-07,5,Africa,1542688,9686.0,36998,216.0,1280012,6856.0,225678,1569
2020-10-08 23:59:00,,2020-10-08,5,Africa,1553367,10679.0,37284,286.0,1290857,10845.0,225226,1592
2020-10-09 23:00:00,,2020-10-09,5,Africa,1561468,8101.0,37519,235.0,1296753,5896.0,227196,1618
2020-10-10 23:00:00,,2020-10-10,5,Africa,1574979,13511.0,37809,290.0,1302800,6047.0,234370,1660
2020-10-12 23:10:00,,2020-10-12,5,Africa,1592667,17688.0,38346,537.0,1316356,13556.0,237965,1688
2020-10-13 23:01:00,,2020-10-13,5,Africa,1600510,7843.0,38611,265.0,1322920,6564.0,238979,1758
2020-10-14 23:01:00,,2020-10-14,5,Africa,1609811,9301.0,38751,140.0,1328356,5436.0,242704,1765
2020-10-15 14:09:00,11:06:00,2020-10-15,5,Africa,1612821,3010.0,38896,145.0,1330326,1970.0,243599,1776
2020-10-16 22:08:00,19:06:00,2020-10-16,5,Africa,1628459,15638.0,39250,354.0,1341782,11456.0,247427,1861
2020-10-17 23:01:00,19:58:00,2020-10-17,5,Africa,1640128,11669.0,39479,229.0,1348069,6287.0,252580,1837
2020-10-18 22:05:00,19:03:00,2020-10-18,5,Africa,1652737,12609.0,39724,245.0,1357381,9312.0,255632,1833
2020-10-19 22:05:00,18:59:00,2020-10-19,5,Africa,1660363,7626.0,39895,171.0,1366039,8658.0,254429,1840
2020-10-20 22:05:00,19:04:00,2020-10-20,5,Africa,1671218,10855.0,40079,184.0,1371706,5667.0,259433,1941
2020-10-21 22:05:00,19:03:00,2020-10-21,5,Africa,1682585,11367.0,40436,357.0,1381806,10100.0,260343,1961
2020-10-22 22:05:00,19:04:00,2020-10-22,5,Africa,1692591,10006.0,40625,189.0,1388523,6717.0,263443,1989
2020-10-23 22:05:00,19:02:00,2020-10-23,5,Africa,1703764,11173.0,40912,287.0,1395490,6967.0,267362,2056
2020-10-24 23:41:00,20:40:00,2020-10-24,5,Africa,1717865,14101.0,41188,276.0,1404499,9009.0,272178,2060
2020-10-25 23:00:00,20:58:00,2020-10-25,5,Africa,1727003,9138.0,41301,113.0,1411618,7119.0,274084,2134
2020-10-26 23:00:00,20:56:00,2020-10-26,5,Africa,1737947,10944.0,41649,348.0,1421531,9913.0,274767,2177
2020-10-27 23:00:00,20:58:00,2020-10-27,5,Africa,1746755,8808.0,41834,185.0,1428452,6921.0,276469,2191
2020-10-28 23:00:00,20:58:00,2020-10-28,5,Africa,1758877,12122.0,42181,347.0,1435913,7461.0,280783,2234
2020-10-29 23:00:00,20:57:00,2020-10-29,5,Africa,1769638,10761.0,42379,198.0,1443935,8022.0,283324,2235
2020-10-30 23:00:00,20:58:00,2020-10-30,5,Africa,1783460,13822.0,42656,277.0,1453829,9894.0,286975,2295
2020-10-31 23:00:00,20:59:00,2020-10-31,5,Africa,1794881,11421.0,42911,255.0,1462031,8202.0,289939,2284
2020-11-01 23:00:00,20:59:00,2020-11-01,5,Africa,1804717,9836.0,43217,306.0,1471050,9019.0,290450,2315
2020-11-02 23:00:00,20:57:00,2020-11-02,5,Africa,1812768,8051.0,43439,222.0,1480162,9112.0,289167,2335
2020-11-03 23:00:00,20:59:00,2020-11-03,5,Africa,1822542,9774.0,43644,205.0,1488190,8028.0,290708,2379
2020-11-04 23:00:00,20:57:00,2020-11-04,5,Africa,1838229,15687.0,43992,348.0,1497492,9302.0,296745,2419
2020-11-05 23:00:00,20:59:00,2020-11-05,5,Africa,1852401,14172.0,44301,309.0,1547429,49937.0,260671,2427
2020-11-06 23:00:00,20:58:00,2020-11-06,5,Africa,1865487,13086.0,44522,221.0,1560461,13032.0,260504,2423
2020-11-07 23:00:00,20:57:00,2020-11-07,5,Africa,1878637,13150.0,44864,342.0,1581136,20675.0,252637,2442
2020-11-08 23:00:00,20:49:00,2020-11-08,5,Africa,1892613,13976.0,45128,264.0,1591786,10650.0,255699,2449
2020-11-09 23:00:00,20:59:00,2020-11-09,5,Africa,1901834,9221.0,45662,534.0,1602423,10637.0,253749,2448
2020-11-10 23:00:00,20:59:00,2020-11-10,5,Africa,1915401,13567.0,46007,345.0,1612698,10275.0,256696,2475
2020-11-11 23:00:00,20:56:00,2020-11-11,5,Africa,1928175,12774.0,46316,309.0,1627806,15108.0,254053,2483
2020-11-12 23:00:00,20:59:00,2020-11-12,5,Africa,1945270,17095.0,46613,297.0,1640970,13164.0,257687,2509
2020-11-13 23:00:00,20:58:00,2020-11-13,5,Africa,1960374,15104.0,46889,276.0,1650378,9408.0,263107,2540
2020-11-14 23:00:00,20:57:00,2020-11-14,5,Africa,1972165,11791.0,47072,183.0,1658629,8251.0,266464,2609
2020-11-15 23:00:00,20:53:00,2020-11-15,5,Africa,1987021,14856.0,47422,350.0,1667317,8688.0,272282,2600
2020-11-16 23:00:00,20:59:00,2020-11-16,5,Africa,1996246,9225.0,47700,278.0,1678905,11588.0,269641,2575
2020-11-17 23:00:00,20:58:00,2020-11-17,5,Africa,2010544,14298.0,48095,395.0,1690657,11752.0,271792,2576
2020-11-18 23:00:00,20:57:00,2020-11-18,5,Africa,2025867,15323.0,48491,396.0,1708808,18151.0,268568,2573
2020-11-19 23:00:00,20:59:00,2020-11-19,5,Africa,2034535,8668.0,48627,136.0,1716571,7763.0,269337,2589
2020-11-20 23:00:00,20:59:00,2020-11-20,5,Africa,2055348,20813.0,49176,549.0,1733969,17398.0,272203,2607
2020-11-21 23:00:00,20:58:00,2020-11-21,5,Africa,2068737,13389.0,49488,312.0,1743356,9387.0,275893,2577
2020-11-22 23:00:00,20:59:00,2020-11-22,5,Africa,2080514,11777.0,49708,220.0,1752417,9061.0,278389,2566
2020-11-23 23:00:00,20:58:00,2020-11-23,5,Africa,2091520,11006.0,50054,346.0,1763605,11188.0,277861,2553
2020-11-24 23:00:00,20:57:00,2020-11-24,5,Africa,2104336,12816.0,50399,345.0,1780972,17367.0,272965,2558
2020-11-25 23:00:00,20:58:00,2020-11-25,5,Africa,2114849,10513.0,50549,150.0,1789727,8755.0,274573,2549
2020-11-26 23:00:00,20:47:00,2020-11-26,5,Africa,2128960,14111.0,50902,353.0,1799597,9870.0,278461,2584
2020-11-27 23:00:00,20:59:00,2020-11-27,5,Africa,2142685,13725.0,51162,260.0,1807426,7829.0,284097,2559
2020-11-28 23:00:00,20:46:00,2020-11-28,5,Africa,2161307,18622.0,51535,373.0,1823408,15982.0,286364,2590
2020-11-29 23:00:00,20:51:00,2020-11-29,5,Africa,2175948,14641.0,51796,261.0,1840428,17020.0,283724,2601
2020-11-30 23:00:00,20:57:00,2020-11-30,5,Africa,2184634,8686.0,52025,229.0,1851788,11360.0,280821,2613
2020-12-01 23:00:00,20:55:00,2020-12-01,5,Africa,2195721,11087.0,52287,262.0,1861631,9843.0,281803,2621
2020-12-02 23:00:00,20:58:00,2020-12-02,5,Africa,2211096,15375.0,52560,273.0,1873563,11932.0,284973,2570
2020-12-03 23:00:00,20:59:00,2020-12-03,5,Africa,2226223,15127.0,52880,320.0,1888316,14753.0,285027,2573
2020-12-04 23:00:00,20:57:00,2020-12-04,5,Africa,2240397,14174.0,53115,235.0,1913789,25473.0,273493,2550
2020-12-05 23:00:00,20:58:00,2020-12-05,5,Africa,2262158,21761.0,53625,510.0,1927924,14135.0,280609,2550
2020-12-06 23:00:00,20:51:00,2020-12-06,5,Africa,2275213,13055.0,53933,308.0,1936031,8107.0,285249,2541
2020-12-07 23:00:00,20:57:00,2020-12-07,5,Africa,2285362,10149.0,54164,231.0,1946326,10295.0,284872,2528
2020-12-08 23:00:00,20:59:00,2020-12-08,5,Africa,2298543,13181.0,54575,411.0,1964592,18266.0,279376,2530
2020-12-09 23:00:00,20:59:00,2020-12-09,5,Africa,2318435,19892.0,54929,354.0,1976816,12224.0,286690,2532
2020-12-10 23:00:00,20:59:00,2020-12-10,5,Africa,2337272,18837.0,55317,388.0,1990005,13189.0,291950,2534
2020-12-11 23:00:00,20:59:00,2020-12-11,5,Africa,2356616,19344.0,55709,392.0,2003122,13117.0,297785,2553
2020-12-12 23:00:00,20:58:00,2020-12-12,5,Africa,2374867,18251.0,56051,342.0,2013830,10708.0,304986,2566
2020-12-13 23:00:00,20:59:00,2020-12-13,5,Africa,2391749,16882.0,56400,349.0,2023254,9424.0,312095,2620
2020-12-14 23:35:00,21:34:00,2020-12-14,5,Africa,2403111,11362.0,56712,312.0,2033204,9950.0,313195,2601
2020-12-15 23:00:00,20:59:00,2020-12-15,5,Africa,2412901,9790.0,56910,198.0,2043863,10659.0,312128,2693
2020-12-16 23:00:00,20:58:00,2020-12-16,5,Africa,2441220,28319.0,57479,569.0,2065717,21854.0,318024,2705
2020-12-17 23:00:00,20:56:00,2020-12-17,5,Africa,2459630,18410.0,57819,340.0,2079821,14104.0,321990,2690
2020-12-18 23:00:00,20:57:00,2020-12-18,5,Africa,2479780,20150.0,58303,484.0,2091296,11475.0,330181,2754
2020-12-19 23:59:00,22:11:00,2020-12-19,5,Africa,2504039,24259.0,58849,546.0,2103140,11844.0,342050,2709
2020-12-20 23:00:00,20:54:00,2020-12-20,5,Africa,2521386,17347.0,59140,291.0,2115230,12090.0,347016,2734
2020-12-21 23:00:00,20:59:00,2020-12-21,5,Africa,2536476,15090.0,59531,391.0,2124470,9240.0,352475,2732
2020-12-22 23:00:00,20:59:00,2020-12-22,5,Africa,2547673,11197.0,59766,235.0,2140540,16070.0,347367,2727
2020-12-23 23:00:00,20:58:00,2020-12-23,5,Africa,2580431,32758.0,60671,905.0,2162835,22295.0,356925,2603
2020-12-24 23:00:00,20:55:00,2020-12-24,5,Africa,2606753,26322.0,61410,739.0,2183972,21137.0,361371,2543
2020-12-25 23:00:00,20:59:00,2020-12-25,5,Africa,2619288,12535.0,61641,231.0,2194439,10467.0,363208,2450
2020-12-26 23:00:00,20:59:00,2020-12-26,5,Africa,2656860,37572.0,62413,772.0,2220828,26389.0,373619,2489
2020-12-27 23:00:00,20:56:00,2020-12-27,5,Africa,2675424,18564.0,62834,421.0,2235523,14695.0,377067,2442
2020-12-28 23:00:00,20:58:00,2020-12-28,5,Africa,2690899,15475.0,63362,528.0,2247541,12018.0,379996,2433
2020-12-29 23:00:00,20:54:00,2020-12-29,5,Africa,2708112,17213.0,64027,665.0,2261966,14425.0,382119,2445
2020-12-30 23:00:00,20:54:00,2020-12-30,5,Africa,2736784,28672.0,64737,710.0,2286156,24190.0,385891,2444
2020-12-31 23:00:00,20:44:00,2020-12-31,5,Africa,2751841,15057.0,65055,318.0,2295370,9214.0,391416,2450
2021-01-01 23:00:00,20:54:00,2021-01-01,5,Africa,2796761,44920.0,66153,1098.0,2322857,27487.0,407751,2433
2021-01-02 23:00:00,20:56:00,2021-01-02,5,Africa,2820682,23921.0,66657,504.0,2339132,16275.0,414893,2442
2021-01-03 23:00:00,20:59:00,2021-01-03,5,Africa,2842076,21394.0,67259,602.0,2351254,12122.0,423563,2472
2021-01-04 23:00:00,20:57:00,2021-01-04,5,Africa,2864008,21932.0,67954,695.0,2366619,15365.0,429435,2499
2021-01-05 23:00:00,20:51:00,2021-01-05,5,Africa,2890978,26970.0,68787,833.0,2384726,18107.0,437465,2430
2021-01-06 23:00:00,20:59:00,2021-01-06,5,Africa,2900353,9375.0,68948,161.0,2392281,7555.0,439124,2363
2021-01-07 23:00:00,20:59:00,2021-01-07,5,Africa,2958533,58180.0,70522,1574.0,2421214,28933.0,466797,2382
2021-01-08 23:00:00,20:59:00,2021-01-08,5,Africa,2997950,39417.0,71471,949.0,2442239,21025.0,484240,2518
2021-01-09 23:00:00,20:55:00,2021-01-09,5,Africa,3032330,34380.0,72124,653.0,2459047,16808.0,501159,2469
2021-01-10 23:32:00,21:29:00,2021-01-10,5,Africa,3063116,30786.0,72728,604.0,2476081,17034.0,514307,2476
2021-01-11 23:40:00,21:37:00,2021-01-11,5,Africa,3091689,28573.0,73415,687.0,2492351,16270.0,525923,2489
2021-01-12 23:52:00,21:48:00,2021-01-12,5,Africa,3117806,26117.0,74470,1055.0,2548136,55785.0,495200,2562
2021-01-13 23:58:00,21:57:00,2021-01-13,5,Africa,3153287,35481.0,75649,1179.0,2570268,22132.0,507370,2962
2021-01-14 23:55:00,21:54:00,2021-01-14,5,Africa,3187158,33871.0,76466,817.0,2601438,31170.0,509254,2581
2021-01-15 19:50:00,00:00:00,2021-01-15,5,Africa,3223749,36591.0,77750,1284.0,2628487,27049.0,517512,2598
2021-01-16 23:55:00,21:54:00,2021-01-16,5,Africa,3247258,23509.0,78338,588.0,2657495,29008.0,511425,2644
2021-01-17 23:55:00,21:54:00,2021-01-17,5,Africa,3273198,25940.0,78833,495.0,2682024,24529.0,512341,2635
2021-01-18 23:55,21:42:00,2021-01-18,5,Africa,3295316,22118.0,79617,784.0,2715017,32993.0,500682,2700
2021-01-19 08:37:00,00:00:00,2021-01-19,5,Africa,3324351,29035.0,80938,1321.0,2755482,40465.0,487931,2610
2021-01-20 09:12:00,00:00:00,2021-01-20,5,Africa,3352823,28472.0,81861,923.0,2784381,28899.0,486581,2608
2021-01-21 23:55:00,21:54:00,2021-01-21,5,Africa,3373581,20758.0,82728,867.0,2816869,32488.0,473984,2586
2021-01-23 19:52:52,00:00:00,2021-01-22,5,Africa,3407171,33590.0,83859,1131.0,2851959,35090.0,471353,2668
2021-01-24 12:00:13,00:00:00,2021-01-23,5,Africa,3434479,27308.0,84641,782.0,2879164,27205.0,470674,2750
2021-01-25 17:11:50,00:00:00,2021-01-24,5,Africa,3454599,20120.0,85288,647.0,2904640,25476.0,464671,2800
2021-01-26 12:00:13,00:00:00,2021-01-25,5,Africa,3472044,17445.0,86060,772.0,2935117,30477.0,450867,2805
2021-01-27 12:41:58,00:00:00,2021-01-26,5,Africa,3490691,18647.0,87043,983.0,2960635,25518.0,443013,2765
2021-01-29 12:00:10,00:00:00,2021-01-28,5,Africa,3532559,41868.0,89092,2049.0,3002587,41952.0,440880,2796
2021-01-30 13:08:13,00:00:00,2021-01-29,5,Africa,3551847,19288.0,89939,847.0,3026867,24280.0,435041,2750
2021-01-31 12:00:16,00:00:00,2021-01-30,5,Africa,3569944,18097.0,90554,615.0,3045741,18874.0,433649,2765
2021-02-01 12:00:11,00:00:00,2021-01-31,5,Africa,3585676,15732.0,91079,525.0,3064238,18497.0,430359,2727
