scrap_date,scrap_time,update_time_GMT,Country_id,Country,Population,TotalCases,NewCases,TotalDeaths,NewDeaths,TotalRecovered,NewRecovered,ActiveCases,SeriousCritical,Tot_Cases_1Mpop,Deaths_1Mpop,TotalTests,Tests_1Mpop
2020-08-02,20:00:00,,94,Albania,2877513,5519,,166,,3018,,2335,16,1918,58.0,37503,13033
2020-08-08,20:00:00,,94,Albania,2877462,6275,756.0,193,27.0,3268,250.0,2814,20,2181,67.0,40675,14136
2020-08-12,20:00:00,,94,Albania,2877428,6676,401.0,205,12.0,3480,212.0,2991,20,2320,71.0,42854,14893
2020-08-16,20:00:00,,94,Albania,2877393,7260,584.0,225,20.0,3746,266.0,3289,16,2523,78.0,45402,15779
2020-08-17,20:00:00,,94,Albania,2877385,7380,120.0,228,3.0,3794,48.0,3358,15,2565,79.0,46028,15996
2020-08-18,20:00:00,,94,Albania,2877376,7499,119.0,230,2.0,3816,22.0,3453,15,2606,80.0,46529,16171
2020-08-19,20:00:00,,94,Albania,2877368,7654,155.0,232,2.0,3871,55.0,3551,15,2660,81.0,47461,16495
2020-08-20,17:53:00,,94,Albania,2877359,7967,313.0,238,6.0,3986,115.0,3743,15,2769,83.0,49172,17089
2020-08-23,21:09:00,,94,Albania,2877333,8427,460.0,250,12.0,4332,346.0,3845,15,2929,87.0,51658,17953
2020-08-24,17:10:00,,94,Albania,2877325,8427,0.0,250,0.0,4332,0.0,3845,19,2929,87.0,51658,17953
2020-08-25,23:00:00,,94,Albania,2877316,8759,332.0,259,9.0,4530,198.0,3970,19,3044,90.0,53475,18585
2020-08-26,22:59:00,,94,Albania,2877308,8927,168.0,263,4.0,4633,103.0,4031,19,3103,91.0,54353,18890
2020-08-27,23:00:00,,94,Albania,2877299,9083,156.0,266,3.0,4791,158.0,4026,19,3157,92.0,54353,18890
2020-08-28,23:01:00,,94,Albania,2877291,9195,112.0,271,5.0,4923,132.0,4001,19,3196,94.0,56019,19469
2020-08-29,12:29:00,,94,Albania,2877282,9195,0.0,271,0.0,4923,0.0,4001,19,3196,94.0,56019,19469
2020-08-30,23:00:00,,94,Albania,2877274,9380,185.0,280,9.0,5139,216.0,3961,19,3260,97.0,57618,20025
2020-08-31,18:58:00,,94,Albania,2877265,9380,0.0,280,0.0,5139,0.0,3961,19,3260,97.0,57618,20025
2020-09-01,23:00:00,,94,Albania,2877257,9606,226.0,290,10.0,5441,302.0,3875,22,3339,101.0,59250,20593
2020-09-02,23:01:00,,94,Albania,2877248,9728,122.0,296,6.0,5582,141.0,3850,22,3381,103.0,60106,20890
2020-09-03,23:01:00,,94,Albania,2877239,9844,116.0,301,5.0,5732,150.0,3811,22,3421,105.0,60941,21180
2020-09-04,07:01:00,,94,Albania,2877231,9844,0.0,301,0.0,5732,0.0,3811,22,3421,105.0,60941,21180
2020-09-05,23:31:00,,94,Albania,2877222,10102,258.0,312,11.0,5976,244.0,3814,12,3511,108.0,62658,21777
2020-09-06,18:30:00,,94,Albania,2877214,10102,0.0,312,0.0,5976,0.0,3814,12,3511,108.0,62658,21777
2020-09-07,23:39:00,,94,Albania,2877205,10406,304.0,319,7.0,6186,210.0,3901,21,3617,111.0,64329,22358
2020-09-08,22:10:00,,94,Albania,2877197,10553,147.0,321,2.0,6239,53.0,3993,21,3668,112.0,65159,22647
2020-09-09,22:01:00,,94,Albania,2877188,10704,151.0,322,1.0,6284,45.0,4098,19,3720,112.0,66011,22943
2020-09-10,22:01:00,,94,Albania,2877180,10860,156.0,324,2.0,6346,62.0,4190,20,3775,113.0,66881,23245
2020-09-11,22:00:00,,94,Albania,2877171,11021,161.0,327,3.0,6443,97.0,4251,20,3830,114.0,66881,23245
2020-09-12,22:22:00,,94,Albania,2877162,11185,164.0,330,3.0,6494,51.0,4361,21,3888,115.0,68628,23853
2020-09-13,22:01:00,,94,Albania,2877154,11353,168.0,334,4.0,6569,75.0,4450,21,3946,116.0,69505,24158
2020-09-14,22:04:00,,94,Albania,2877145,11520,167.0,338,4.0,6615,46.0,4567,18,4004,117.0,70367,24457
2020-09-15,21:00:00,,94,Albania,2877137,11672,152.0,340,2.0,6668,53.0,4664,18,4057,118.0,71177,24739
2020-09-16,21:01:00,,94,Albania,2877128,11816,144.0,343,3.0,6733,65.0,4740,18,4107,119.0,72001,25025
2020-09-18,20:01:00,,94,Albania,2877111,12073,257.0,353,10.0,6831,98.0,4889,18,4196,123.0,73651,25599
2020-09-19,21:00:00,,94,Albania,2877103,12226,153.0,358,5.0,6888,57.0,4980,13,4249,124.0,74487,25890
2020-09-20,22:31:00,,94,Albania,2877094,12385,159.0,362,4.0,6940,52.0,5083,13,4305,126.0,75331,26183
2020-09-21,21:01:00,,94,Albania,2877085,12535,150.0,364,2.0,6995,55.0,5176,16,4357,127.0,76140,26464
2020-09-22,21:01:00,,94,Albania,2877077,12666,131.0,367,3.0,7042,47.0,5257,16,4402,128.0,76965,26751
2020-09-23,19:58:00,,94,Albania,2877068,12787,121.0,370,3.0,7139,97.0,5278,18,4444,129.0,77852,27059
2020-09-24,21:00:00,,94,Albania,2877060,12921,134.0,370,0.0,7239,100.0,5312,18,4491,129.0,78704,27356
2020-09-25,21:00:00,,94,Albania,2877051,13045,124.0,373,3.0,7309,70.0,5363,18,4534,130.0,79512,27637
2020-09-26,21:00:00,,94,Albania,2877043,13153,108.0,375,2.0,7397,88.0,5381,18,4572,130.0,80323,27919
2020-09-27,22:45:00,,94,Albania,2877034,13259,106.0,377,2.0,7397,0.0,5485,18,4609,131.0,80323,27919
2020-09-28,22:00:00,,94,Albania,2877026,13391,132.0,380,3.0,7629,232.0,5382,18,4654,132.0,81979,28494
2020-09-29,21:35:00,,94,Albania,2877017,13518,127.0,384,4.0,7732,103.0,5402,18,4699,133.0,82799,28779
2020-09-30,22:00:00,,94,Albania,2877008,13649,131.0,387,3.0,7847,115.0,5415,18,4744,135.0,83641,29072
2020-10-01,21:31:00,,94,Albania,2877000,13806,157.0,388,1.0,8077,230.0,5341,18,4799,135.0,84654,29424
2020-10-02,22:36:00,,94,Albania,2876991,13965,159.0,389,1.0,8342,265.0,5234,18,4854,135.0,85739,29802
2020-10-03,22:24:00,,94,Albania,2876983,14117,152.0,392,3.0,8536,194.0,5189,23,4907,136.0,86747,30152
2020-10-04,21:01:00,,94,Albania,2876974,14266,149.0,396,4.0,8675,139.0,5195,23,4959,138.0,87710,30487
2020-10-05,22:13:00,,94,Albania,2876966,14410,144.0,400,4.0,8825,150.0,5185,23,5009,139.0,88622,30804
2020-10-06,23:01:00,,94,Albania,2876957,14568,158.0,403,3.0,8965,140.0,5200,23,5064,140.0,89527,31119
2020-10-07,23:01:00,,94,Albania,2876949,14730,162.0,407,4.0,9115,150.0,5208,23,5120,141.0,90441,31436
2020-10-08,23:59:00,,94,Albania,2876940,14899,169.0,411,4.0,9215,100.0,5273,17,5179,143.0,91412,31774
2020-10-09,23:00:00,,94,Albania,2876932,15066,167.0,413,2.0,9304,89.0,5349,17,5237,144.0,92344,32098
2020-10-10,23:00:00,,94,Albania,2876923,15231,165.0,416,3.0,9406,102.0,5409,15,5294,145.0,93304,32432
2020-10-12,23:10:00,,94,Albania,2876906,15570,339.0,424,8.0,9585,179.0,5561,16,5412,147.0,95199,33091
2020-10-13,23:01:00,,94,Albania,2876897,15752,182.0,429,5.0,9675,90.0,5648,16,5475,149.0,96254,33458
2020-10-14,23:01:00,,94,Albania,2876889,15955,203.0,434,5.0,9762,87.0,5759,16,5546,151.0,97605,33927
2020-10-15,14:09:00,11:06:00,94,Albania,2876880,15955,0.0,434,0.0,9762,0.0,5759,16,5546,151.0,97605,33927
2020-10-16,22:08:00,19:06:00,94,Albania,2876872,16501,546.0,443,9.0,9957,195.0,6101,21,5736,154.0,100405,34901
2020-10-17,23:01:00,19:58:00,94,Albania,2876863,16774,273.0,448,5.0,10001,44.0,6325,20,5831,156.0,101694,35349
2020-10-18,22:05:00,19:03:00,94,Albania,2876855,17055,281.0,451,3.0,10071,70.0,6533,20,5928,157.0,102970,35793
2020-10-19,22:05:00,18:59:00,94,Albania,2876846,17350,295.0,454,3.0,10167,96.0,6729,20,6031,158.0,104383,36284
2020-10-20,22:05:00,19:04:00,94,Albania,2876837,17651,301.0,458,4.0,10225,58.0,6968,20,6136,159.0,105790,36773
2020-10-21,22:05:00,19:03:00,94,Albania,2876829,17948,297.0,462,4.0,10341,116.0,7145,20,6239,161.0,111564,38780
2020-10-22,22:05:00,19:04:00,94,Albania,2876820,18250,302.0,465,3.0,10395,54.0,7390,20,6344,162.0,111564,38780
2020-10-23,22:05:00,19:02:00,94,Albania,2876812,18556,306.0,469,4.0,10466,71.0,7621,20,6450,163.0,111564,38780
2020-10-24,23:41:00,20:40:00,94,Albania,2876803,18858,302.0,473,4.0,10548,82.0,7837,20,6555,164.0,111311,38693
2020-10-25,23:00:00,20:58:00,94,Albania,2876795,19157,299.0,477,4.0,10654,106.0,8026,20,6659,166.0,112626,39150
2020-10-26,23:00:00,20:56:00,94,Albania,2876786,19445,288.0,480,3.0,10705,51.0,8260,20,6759,167.0,113930,39603
2020-10-27,23:00:00,20:58:00,94,Albania,2876778,19729,284.0,487,7.0,10808,103.0,8434,20,6858,169.0,115208,40048
2020-10-28,23:00:00,20:58:00,94,Albania,2876769,20040,311.0,493,6.0,10893,85.0,8654,20,6966,171.0,116605,40533
2020-10-29,23:00:00,20:57:00,94,Albania,2876760,20315,275.0,499,6.0,11007,114.0,8809,20,7062,173.0,118027,41028
2020-10-30,23:00:00,20:58:00,94,Albania,2876752,20634,319.0,502,3.0,11097,90.0,9035,15,7173,175.0,119561,41561
2020-10-31,23:00:00,20:59:00,94,Albania,2876743,20875,241.0,509,7.0,11189,92.0,9177,15,7256,177.0,120821,41999
2020-11-01,23:00:00,20:59:00,94,Albania,2876735,21202,327.0,518,9.0,11246,57.0,9438,15,7370,180.0,122293,42511
2020-11-02,23:00:00,20:57:00,94,Albania,2876726,21523,321.0,527,9.0,11367,121.0,9629,14,7482,183.0,123739,43014
2020-11-03,23:00:00,20:59:00,94,Albania,2876718,21904,381.0,532,5.0,11473,106.0,9899,14,7614,185.0,125423,43599
2020-11-04,23:00:00,20:57:00,94,Albania,2876709,22300,396.0,536,4.0,11578,105.0,10186,14,7752,186.0,127148,44199
2020-11-05,23:00:00,20:59:00,94,Albania,2876701,22721,421.0,543,7.0,11696,118.0,10482,14,7898,189.0,127148,44199
2020-11-06,23:00:00,20:58:00,94,Albania,2876692,23210,489.0,549,6.0,11861,165.0,10800,14,8068,191.0,127148,44199
2020-11-07,23:00:00,20:57:00,94,Albania,2876683,23705,495.0,557,8.0,12002,141.0,11146,14,8240,194.0,132773,46155
2020-11-08,23:00:00,20:49:00,94,Albania,2876675,24206,501.0,559,2.0,12092,90.0,11555,14,8415,194.0,134715,46830
2020-11-09,23:00:00,20:59:00,94,Albania,2876666,24731,525.0,571,12.0,12203,111.0,11957,14,8597,198.0,136682,47514
2020-11-10,23:00:00,20:59:00,94,Albania,2876658,25294,563.0,579,8.0,12353,150.0,12362,14,8793,201.0,139405,48461
2020-11-11,23:00:00,20:56:00,94,Albania,2876649,25801,507.0,590,11.0,12493,140.0,12718,14,8969,205.0,141789,49290
2020-11-12,23:00:00,20:59:00,94,Albania,2876641,26211,410.0,598,8.0,12574,81.0,13039,14,9112,208.0,143833,50000
2020-11-13,23:00:00,20:58:00,94,Albania,2876632,26701,490.0,605,7.0,12667,93.0,13429,17,9282,210.0,146341,50872
2020-11-14,23:00:00,20:57:00,94,Albania,2876624,27233,532.0,612,7.0,12767,100.0,13854,17,9467,213.0,148750,51710
2020-11-15,23:00:00,20:53:00,94,Albania,2876615,27830,597.0,623,11.0,12889,122.0,14318,17,9675,217.0,151251,52580
2020-11-16,23:00:00,20:59:00,94,Albania,2876607,28432,602.0,631,8.0,13453,564.0,14348,17,9884,219.0,153492,53359
2020-11-17,23:00:00,20:58:00,94,Albania,2876598,29126,694.0,637,6.0,13804,351.0,14685,17,10125,221.0,156052,54249
2020-11-18,23:00:00,20:57:00,94,Albania,2876589,29837,711.0,646,9.0,14216,412.0,14975,13,10372,225.0,158626,55144
2020-11-19,23:00:00,20:59:00,94,Albania,2876581,30623,786.0,657,11.0,14565,349.0,15401,13,10646,228.0,158626,55144
2020-11-20,23:00:00,20:59:00,94,Albania,2876572,31459,836.0,672,15.0,15055,490.0,15732,13,10936,234.0,161218,56045
2020-11-21,23:00:00,20:58:00,94,Albania,2876564,32196,737.0,685,13.0,15469,414.0,16042,13,11193,238.0,166365,57835
2020-11-22,23:00:00,20:59:00,94,Albania,2876555,32761,565.0,699,14.0,15842,373.0,16220,13,11389,243.0,168449,58559
2020-11-23,23:00:00,20:58:00,94,Albania,2876547,33556,795.0,716,17.0,16230,388.0,16610,13,11665,249.0,170801,59377
