Date,Scrap_time,Update_time_GMT,Country_id,Country,Population,TotalCases,NewCases,TotalDeaths,NewDeaths,TotalRecovered,NewRecovered,ActiveCases,SeriousCritical,Tot_Cases_1Mpop,Deaths_1Mpop,TotalTests,Tests_1Mpop
2020-08-02,20:00:00,,54,Algeria,43915247,30950,,1223,,20988,,8739,64,705,28.0,,
2020-08-08,20:00:00,,54,Algeria,43928245,34639,3689.0,1293,70.0,24083,3095.0,9263,57,789,29.0,,
2020-08-12,20:00:00,,54,Algeria,43936910,36204,1565.0,1322,29.0,25263,1180.0,9619,57,824,30.0,,
2020-08-16,20:00:00,,54,Algeria,43945575,38133,1929.0,1360,38.0,26644,1381.0,10129,44,868,31.0,,
2020-08-17,20:00:00,,54,Algeria,43947742,39025,892.0,1379,19.0,27347,703.0,10299,40,888,31.0,,
2020-08-18,20:00:00,,54,Algeria,43949908,39025,0.0,1379,0.0,27347,0.0,10299,40,888,31.0,,
2020-08-19,20:00:00,,54,Algeria,43952074,39444,419.0,1391,12.0,27653,306.0,10400,46,897,32.0,,
2020-08-20,17:53:00,,54,Algeria,43954241,39847,403.0,1402,11.0,27971,318.0,10474,46,907,32.0,,
2020-08-23,21:09:00,,54,Algeria,43960740,41460,1613.0,1435,33.0,29142,1171.0,10883,41,943,33.0,,
2020-08-24,17:10:00,,54,Algeria,43962906,41460,0.0,1435,0.0,29142,0.0,10883,41,943,33.0,,
2020-08-25,23:00:00,,54,Algeria,43965072,42228,768.0,1456,21.0,29369,227.0,11403,41,960,33.0,,
2020-08-26,22:59:00,,54,Algeria,43967239,42619,391.0,1465,9.0,29886,517.0,11268,28,969,33.0,,
2020-08-27,23:00:00,,54,Algeria,43969405,43016,397.0,1475,10.0,30157,271.0,11384,28,978,34.0,,
2020-08-28,23:01:00,,54,Algeria,43971571,43403,387.0,1483,8.0,30436,279.0,11484,28,987,34.0,,
2020-08-29,12:29:00,,54,Algeria,43973737,43403,0.0,1483,0.0,30436,0.0,11484,28,987,34.0,,
2020-08-30,23:00:00,,54,Algeria,43975904,43781,378.0,1491,8.0,30717,281.0,11573,28,996,34.0,,
2020-08-31,18:58:00,,54,Algeria,43978070,44146,365.0,1501,10.0,30978,261.0,11667,29,1004,34.0,,
2020-09-01,23:00:00,,54,Algeria,43980236,44833,687.0,1518,17.0,31493,515.0,11822,29,1019,35.0,,
2020-09-02,23:01:00,,54,Algeria,43982403,44833,0.0,1518,0.0,31493,0.0,11822,29,1019,35.0,,
2020-09-03,23:01:00,,54,Algeria,43984569,45469,636.0,1529,11.0,32006,513.0,11934,44,1034,35.0,,
2020-09-04,07:01:00,,54,Algeria,43986735,45469,0.0,1529,0.0,32006,0.0,11934,44,1034,35.0,,
2020-09-05,23:31:00,,54,Algeria,43988902,46071,602.0,1549,20.0,32481,475.0,12041,42,1047,35.0,,
2020-09-06,18:30:00,,54,Algeria,43991068,46071,0.0,1549,0.0,32481,0.0,12041,42,1047,35.0,,
2020-09-07,23:39:00,,54,Algeria,43993234,46653,582.0,1562,13.0,32985,504.0,12106,44,1060,36.0,,
2020-09-08,22:10:00,,54,Algeria,43995401,46938,285.0,1571,9.0,33183,198.0,12184,35,1067,36.0,,
2020-09-09,22:01:00,,54,Algeria,43997567,47216,278.0,1581,10.0,33379,196.0,12256,40,1073,36.0,,
2020-09-10,22:01:00,,54,Algeria,43999733,47488,272.0,1591,10.0,33562,183.0,12335,40,1079,36.0,,
2020-09-11,22:00:00,,54,Algeria,44001900,47752,264.0,1599,8.0,33723,161.0,12430,32,1085,36.0,,
2020-09-12,22:22:00,,54,Algeria,44004066,48007,255.0,1605,6.0,33875,152.0,12527,32,1091,36.0,,
2020-09-13,22:01:00,,54,Algeria,44006232,48254,247.0,1612,7.0,34037,162.0,12605,32,1097,37.0,,
2020-09-14,22:04:00,,54,Algeria,44008399,48496,242.0,1620,8.0,34204,167.0,12672,27,1102,37.0,,
2020-09-15,21:00:00,,54,Algeria,44010565,48734,238.0,1632,12.0,34385,181.0,12717,31,1107,37.0,,
2020-09-16,21:01:00,,54,Algeria,44012731,48966,232.0,1645,13.0,34517,132.0,12804,31,1113,37.0,,
2020-09-18,20:01:00,,54,Algeria,44017064,49194,228.0,1654,9.0,34675,158.0,12865,31,1118,38.0,,
2020-09-19,21:00:00,,54,Algeria,44019230,49623,429.0,1665,11.0,34923,248.0,13035,31,1127,38.0,,
2020-09-20,22:31:00,,54,Algeria,44021396,49826,203.0,1672,7.0,35047,124.0,13107,31,1132,38.0,,
2020-09-21,21:01:00,,54,Algeria,44023563,50023,197.0,1679,7.0,35180,133.0,13164,31,1136,38.0,,
2020-09-22,21:01:00,,54,Algeria,44025729,50214,191.0,1689,10.0,35307,127.0,13218,31,1141,38.0,,
2020-09-23,19:58:00,,54,Algeria,44027895,50400,186.0,1698,9.0,35428,121.0,13274,31,1145,39.0,,
2020-09-24,21:00:00,,54,Algeria,44030062,50400,0.0,1698,0.0,35428,0.0,13274,31,1145,39.0,,
2020-09-25,21:00:00,,54,Algeria,44032228,50579,179.0,1703,5.0,35544,116.0,13332,31,1149,39.0,,
2020-09-26,21:00:00,,54,Algeria,44034394,50914,335.0,1711,8.0,35756,212.0,13447,31,1156,39.0,,
2020-09-27,22:45:00,,54,Algeria,44036561,51067,153.0,1714,3.0,35860,104.0,13493,22,1160,39.0,,
2020-09-28,22:00:00,,54,Algeria,44038727,51213,146.0,1719,5.0,35962,102.0,13532,22,1163,39.0,,
2020-09-29,21:35:00,,54,Algeria,44040893,51368,155.0,1726,7.0,36063,101.0,13579,22,1166,39.0,,
2020-09-30,22:00:00,,54,Algeria,44043060,51530,162.0,1736,10.0,36174,111.0,13620,22,1170,39.0,,
2020-10-01,21:31:00,,54,Algeria,44045226,51690,160.0,1741,5.0,36282,108.0,13667,22,1174,40.0,,
2020-10-02,22:36:00,,54,Algeria,44047392,51847,157.0,1749,8.0,36385,103.0,13713,23,1177,40.0,,
2020-10-03,22:24:00,,54,Algeria,44049558,51847,0.0,1749,0.0,36385,0.0,13713,23,1177,40.0,,
2020-10-04,21:01:00,,54,Algeria,44051725,51995,148.0,1756,7.0,36482,97.0,13757,23,1180,40.0,,
2020-10-05,22:13:00,,54,Algeria,44053891,52270,275.0,1768,12.0,36672,190.0,13830,23,1187,40.0,,
2020-10-06,23:01:00,,54,Algeria,44056057,52399,129.0,1768,0.0,36763,91.0,13868,25,1189,40.0,,
2020-10-07,23:01:00,,54,Algeria,44058224,52520,121.0,1771,3.0,36857,94.0,13892,25,1192,40.0,,
2020-10-08,23:59:00,,54,Algeria,44060390,52658,138.0,1783,12.0,36958,101.0,13917,25,1195,40.0,,
2020-10-09,23:00:00,,54,Algeria,44062556,52804,146.0,1789,6.0,37067,109.0,13948,25,1198,41.0,,
2020-10-10,23:00:00,,54,Algeria,44064723,52804,0.0,1789,0.0,37067,0.0,13948,25,1198,41.0,,
2020-10-12,23:10:00,,54,Algeria,44069055,53225,421.0,1809,20.0,37382,315.0,14034,25,1208,41.0,,
2020-10-13,23:01:00,,54,Algeria,44071222,53225,0.0,1809,0.0,37382,0.0,14034,25,1208,41.0,,
2020-10-14,23:01:00,,54,Algeria,44073388,53584,359.0,1827,18.0,37603,221.0,14154,38,1216,41.0,,
2020-10-15,14:09:00,11:06:00,54,Algeria,44075554,53584,0.0,1827,0.0,37603,0.0,14154,38,1216,41.0,,
2020-10-16,22:08:00,19:06:00,54,Algeria,44077721,53998,414.0,1841,14.0,37856,253.0,14301,38,1225,42.0,,
2020-10-17,23:01:00,19:58:00,54,Algeria,44079887,53998,0.0,1841,0.0,37856,0.0,14301,38,1225,42.0,,
2020-10-18,22:05:00,19:03:00,54,Algeria,44082053,54402,404.0,1856,15.0,38088,232.0,14458,33,1234,42.0,,
2020-10-19,22:05:00,18:59:00,54,Algeria,44084219,54616,214.0,1865,9.0,38215,127.0,14536,33,1239,42.0,,
2020-10-20,22:05:00,19:04:00,54,Algeria,44086386,54829,213.0,1873,8.0,38346,131.0,14610,33,1244,42.0,,
2020-10-21,22:05:00,19:03:00,54,Algeria,44088552,55081,252.0,1880,7.0,38482,136.0,14719,33,1249,43.0,,
2020-10-22,22:05:00,19:04:00,54,Algeria,44090718,55357,276.0,1888,8.0,38618,136.0,14851,33,1256,43.0,,
2020-10-23,22:05:00,19:02:00,54,Algeria,44092885,55630,273.0,1897,9.0,38788,170.0,14945,33,1262,43.0,,
2020-10-24,23:41:00,20:40:00,54,Algeria,44095051,55880,250.0,1907,10.0,38932,144.0,15041,33,1267,43.0,,
2020-10-25,23:00:00,20:58:00,54,Algeria,44097217,55880,0.0,1907,0.0,38932,0.0,15041,33,1267,43.0,,
2020-10-26,23:00:00,20:56:00,54,Algeria,44099384,56419,539.0,1922,15.0,39273,341.0,15224,29,1279,44.0,,
2020-10-27,23:00:00,20:58:00,54,Algeria,44101550,56706,287.0,1931,9.0,39444,171.0,15331,29,1286,44.0,,
2020-10-28,23:00:00,20:58:00,54,Algeria,44103716,57026,320.0,1941,10.0,39635,191.0,15450,29,1293,44.0,,
2020-10-29,23:00:00,20:57:00,54,Algeria,44105883,57026,0.0,1941,0.0,39635,0.0,15450,29,1293,44.0,,
2020-10-30,23:00:00,20:58:00,54,Algeria,44108049,57332,306.0,1949,8.0,39635,0.0,15748,29,1300,44.0,,
2020-10-31,23:00:00,20:59:00,54,Algeria,44110215,57942,610.0,1964,15.0,40201,566.0,15777,29,1314,45.0,,
2020-11-01,23:00:00,20:59:00,54,Algeria,44112382,57942,0.0,1964,0.0,40201,0.0,15777,29,1314,45.0,,
2020-11-02,23:00:00,20:57:00,54,Algeria,44114548,58574,632.0,1980,16.0,40577,376.0,16017,29,1328,45.0,,
2020-11-03,23:00:00,20:59:00,54,Algeria,44116714,58979,405.0,1980,0.0,40577,0.0,16422,29,1337,45.0,,
2020-11-04,23:00:00,20:57:00,54,Algeria,44118881,59527,548.0,1999,19.0,41001,424.0,16527,29,1349,45.0,,
2020-11-05,23:00:00,20:59:00,54,Algeria,44121047,60169,642.0,2011,12.0,41244,243.0,16914,29,1364,46.0,,
2020-11-06,23:00:00,20:58:00,54,Algeria,44123213,60800,631.0,2024,13.0,41510,266.0,17266,29,1378,46.0,,
2020-11-07,23:00:00,20:57:00,54,Algeria,44125379,61381,581.0,2036,12.0,41783,273.0,17562,29,1391,46.0,,
2020-11-08,23:00:00,20:49:00,54,Algeria,44127546,62051,670.0,2048,12.0,42037,254.0,17966,29,1406,46.0,,
2020-11-09,23:00:00,20:59:00,54,Algeria,44129712,62693,642.0,2062,14.0,42325,288.0,18306,29,1421,47.0,,
2020-11-10,23:00:00,20:59:00,54,Algeria,44131878,63446,753.0,2077,15.0,42626,301.0,18743,29,1438,47.0,,
2020-11-11,23:00:00,20:56:00,54,Algeria,44134045,64257,811.0,2093,16.0,42980,354.0,19184,49,1456,47.0,,
2020-11-12,23:00:00,20:59:00,54,Algeria,44136211,65108,851.0,2111,18.0,42980,0.0,20017,49,1475,48.0,,
2020-11-13,23:00:00,20:58:00,54,Algeria,44138377,65975,867.0,2124,13.0,43779,799.0,20072,52,1495,48.0,,
2020-11-14,23:00:00,20:57:00,54,Algeria,44140544,66819,844.0,2139,15.0,44199,420.0,20481,52,1514,48.0,,
2020-11-15,23:00:00,20:53:00,54,Algeria,44142710,67679,860.0,2154,15.0,44633,434.0,20892,44,1533,49.0,,
2020-11-16,23:00:00,20:59:00,54,Algeria,44144876,68589,910.0,2168,14.0,45148,515.0,21273,50,1554,49.0,,
2020-11-17,23:00:00,20:58:00,54,Algeria,44147043,69591,1002.0,2186,18.0,45148,0.0,22257,50,1576,50.0,,
2020-11-18,23:00:00,20:57:00,54,Algeria,44149209,70629,1038.0,2206,20.0,46326,1178.0,22097,50,1600,50.0,,
2020-11-19,23:00:00,20:59:00,54,Algeria,44151375,70629,0.0,2206,0.0,46326,0.0,22097,50,1600,50.0,,
2020-11-20,23:00:00,20:59:00,54,Algeria,44153542,72755,2126.0,2236,30.0,47581,1255.0,22938,50,1648,51.0,,
2020-11-21,23:00:00,20:58:00,54,Algeria,44155708,73774,1019.0,2255,19.0,48183,602.0,23336,50,1671,51.0,,
2020-11-22,23:00:00,20:59:00,54,Algeria,44157874,74862,1088.0,2272,17.0,48794,611.0,23796,45,1695,51.0,,
2020-11-23,23:00:00,20:58:00,54,Algeria,44160040,75867,1005.0,2294,22.0,49421,627.0,24152,45,1718,52.0,,
2020-11-24,23:00:00,20:57:00,54,Algeria,44162207,77000,1133.0,2309,15.0,50070,649.0,24621,37,1744,52.0,,
2020-11-25,23:00:00,20:58:00,54,Algeria,44164373,78025,1025.0,2329,20.0,50712,642.0,24984,37,1767,53.0,,
2020-11-26,23:00:00,20:47:00,54,Algeria,44166539,78025,0.0,2329,0.0,50712,0.0,24984,37,1767,53.0,,
2020-11-27,23:00:00,20:59:00,54,Algeria,44168706,80168,2143.0,2372,43.0,51946,1234.0,25850,37,1815,54.0,,
2020-11-28,23:00:00,20:46:00,54,Algeria,44170872,80168,0.0,2372,0.0,51946,0.0,25850,37,1815,54.0,,
2020-11-29,23:00:00,20:51:00,54,Algeria,44173038,82221,2053.0,2410,38.0,53204,1258.0,26607,44,1861,55.0,,
2020-11-30,23:00:00,20:57:00,54,Algeria,44175205,82221,0.0,2410,0.0,53204,0.0,26607,44,1861,55.0,,
2020-12-01,23:00:00,20:55:00,54,Algeria,44177371,83199,978.0,2431,21.0,53809,605.0,26959,46,1883,55.0,,
2020-12-02,23:00:00,20:58:00,54,Algeria,44179537,84152,953.0,2447,16.0,54405,596.0,27300,46,1905,55.0,,
2020-12-03,23:00:00,20:59:00,54,Algeria,44181704,85084,932.0,2464,17.0,54990,585.0,27630,46,1926,56.0,,
2020-12-04,23:00:00,20:57:00,54,Algeria,44183870,86730,1646.0,2492,28.0,56079,1089.0,28159,46,1963,56.0,,
2020-12-05,23:00:00,20:58:00,54,Algeria,44186036,87502,772.0,2501,9.0,56617,538.0,28384,46,1980,57.0,,
2020-12-06,23:00:00,20:51:00,54,Algeria,44188203,88252,750.0,2516,15.0,57146,529.0,28590,46,1997,57.0,,
2020-12-07,23:00:00,20:57:00,54,Algeria,44190369,88252,0.0,2516,0.0,57146,0.0,28590,46,1997,57.0,,
2020-12-08,23:00:00,20:59:00,54,Algeria,44192535,89416,1164.0,2539,23.0,58146,1000.0,28731,46,2023,57.0,,
2020-12-09,23:00:00,20:59:00,54,Algeria,44194702,90014,598.0,2554,15.0,58146,0.0,29314,46,2037,58.0,,
2020-12-10,23:00:00,20:59:00,54,Algeria,44196868,90579,565.0,2564,10.0,59135,989.0,28880,46,2049,58.0,,
2020-12-11,23:00:00,20:59:00,54,Algeria,44199034,91121,542.0,2575,11.0,59590,455.0,28956,46,2062,58.0,,
2020-12-12,23:00:00,20:58:00,54,Algeria,44201200,91638,517.0,2584,9.0,60028,438.0,29026,46,2073,58.0,,
2020-12-13,23:00:00,20:59:00,54,Algeria,44203367,92102,464.0,2596,12.0,60457,429.0,29049,46,2084,59.0,,
2020-12-14,23:35:00,21:34:00,54,Algeria,44205533,92597,495.0,2609,13.0,60888,431.0,29100,46,2095,59.0,,
2020-12-15,23:00:00,20:59:00,54,Algeria,44207699,93065,468.0,2623,14.0,61307,419.0,29135,46,2105,59.0,,
2020-12-16,23:00:00,20:58:00,54,Algeria,44209866,93065,0.0,2623,0.0,61307,0.0,29135,46,2105,59.0,,
2020-12-17,23:00:00,20:56:00,54,Algeria,44212032,93507,442.0,2631,8.0,61700,393.0,29176,46,2115,60.0,,
2020-12-18,23:00:00,20:57:00,54,Algeria,44214198,94371,864.0,2647,16.0,62487,787.0,29237,42,2134,60.0,,
2020-12-19,23:59:00,22:11:00,54,Algeria,44216365,94781,410.0,2659,12.0,62869,382.0,29253,42,2144,60.0,,
2020-12-20,23:00:00,20:54:00,54,Algeria,44218531,94781,0.0,2659,0.0,62869,0.0,29253,42,2143,60.0,,
2020-12-21,23:00:00,20:59:00,54,Algeria,44220697,95203,422.0,2666,7.0,63260,391.0,29277,42,2153,60.0,,
2020-12-22,23:00:00,20:59:00,54,Algeria,44222864,96069,866.0,2687,21.0,64020,760.0,29362,42,2172,61.0,,
2020-12-23,23:00:00,20:58:00,54,Algeria,44225030,96069,0.0,2687,0.0,64020,0.0,29362,42,2172,61.0,,
2020-12-24,23:00:00,20:55:00,54,Algeria,44227196,96549,480.0,2696,9.0,64401,381.0,29452,42,2183,61.0,,
2020-12-25,23:00:00,20:59:00,54,Algeria,44229363,97441,892.0,2716,20.0,65144,743.0,29581,42,2203,61.0,,
2020-12-26,23:00:00,20:59:00,54,Algeria,44231529,97857,416.0,2722,6.0,65505,361.0,29630,42,2212,62.0,,
2020-12-27,23:00:00,20:56:00,54,Algeria,44233695,97857,0.0,2722,0.0,65505,0.0,29630,42,2212,62.0,,
2020-12-28,23:00:00,20:58:00,54,Algeria,44235861,98249,392.0,2728,6.0,65862,357.0,29659,42,2221,62.0,,
2020-12-29,23:00:00,20:54:00,54,Algeria,44238028,98988,739.0,2745,17.0,66550,688.0,29693,42,2238,62.0,,
2020-12-30,23:00:00,20:54:00,54,Algeria,44240194,99311,323.0,2751,6.0,66855,305.0,29705,43,2245,62.0,,
2020-12-31,23:00:00,20:44:00,54,Algeria,44242360,99311,0.0,2751,0.0,66855,0.0,29705,43,2245,62.0,,
2021-01-01,23:00:00,20:54:00,54,Algeria,44244527,99610,299.0,2756,5.0,67127,272.0,29727,42,2251,62.0,,
2021-01-02,23:00:00,20:56:00,54,Algeria,44246693,99897,287.0,2762,6.0,67395,268.0,29740,42,2258,62.0,,
2021-01-03,23:00:00,20:59:00,54,Algeria,44248859,100159,262.0,2769,7.0,67611,216.0,29779,42,2264,63.0,,
2021-01-04,23:00:00,20:57:00,54,Algeria,44251026,100408,249.0,2772,3.0,67808,197.0,29828,42,2269,63.0,,
2021-01-05,23:00:00,20:51:00,54,Algeria,44253192,100873,465.0,2782,10.0,68185,377.0,29906,42,2279,63.0,,
2021-01-06,23:00:00,20:59:00,54,Algeria,44255358,100873,0.0,2782,0.0,68185,0.0,29906,42,2279,63.0,,
2021-01-07,23:00:00,20:59:00,54,Algeria,44257525,101120,247.0,2786,4.0,68383,198.0,29951,42,2285,63.0,,
