Date,Scrap_time,Update_time_GMT,Country_id,Country,Population,TotalCases,NewCases,TotalDeaths,NewDeaths,TotalRecovered,NewRecovered,ActiveCases,SeriousCritical,Tot_Cases_1Mpop,Deaths_1Mpop,TotalTests,Tests_1Mpop
2020-08-02,20:00:00,,154,Andorra,77276,925,,52,,807,,66,,11970,673.0,3750,48527
2020-08-08,20:00:00,,154,Andorra,77278,955,30.0,52,0.0,839,32.0,64,1.0,12358,673.0,3750,48526
2020-08-12,20:00:00,,154,Andorra,77279,963,8.0,52,0.0,839,0.0,72,1.0,12461,673.0,3750,48525
2020-08-16,20:00:00,,154,Andorra,77281,989,26.0,53,1.0,863,24.0,73,1.0,12797,686.0,3750,48524
2020-08-17,20:00:00,,154,Andorra,77281,1005,16.0,53,0.0,869,6.0,83,1.0,13004,686.0,3750,48524
2020-08-18,20:00:00,,154,Andorra,77281,1005,0.0,53,0.0,869,0.0,83,1.0,13004,686.0,3750,48524
2020-08-19,20:00:00,,154,Andorra,77282,1005,0.0,53,0.0,869,0.0,83,1.0,13004,686.0,3750,48524
2020-08-20,17:53:00,,154,Andorra,77282,1024,19.0,53,0.0,875,6.0,96,1.0,13250,686.0,137457,1778642
2020-08-23,21:09:00,,154,Andorra,77283,1045,21.0,53,0.0,875,0.0,117,1.0,13522,686.0,137457,1778619
2020-08-24,17:10:00,,154,Andorra,77283,1045,0.0,53,0.0,875,0.0,117,1.0,13522,686.0,137457,1778619
2020-08-25,23:00:00,,154,Andorra,77284,1060,15.0,53,0.0,877,2.0,130,1.0,13716,686.0,137457,1778596
2020-08-26,22:59:00,,154,Andorra,77284,1098,38.0,53,0.0,893,16.0,152,3.0,14207,686.0,137457,1778596
2020-08-27,23:00:00,,154,Andorra,77284,1098,0.0,53,0.0,893,0.0,152,3.0,14207,686.0,137457,1778596
2020-08-28,23:01:00,,154,Andorra,77285,1124,26.0,53,0.0,902,9.0,169,3.0,14544,686.0,137457,1778573
2020-08-29,12:29:00,,154,Andorra,77285,1124,0.0,53,0.0,902,0.0,169,3.0,14544,686.0,137457,1778573
2020-08-30,23:00:00,,154,Andorra,77285,1124,0.0,53,0.0,902,0.0,169,3.0,14544,686.0,137457,1778573
2020-08-31,18:58:00,,154,Andorra,77286,1124,0.0,53,0.0,902,0.0,169,3.0,14543,686.0,137457,1778550
2020-09-01,23:00:00,,154,Andorra,77286,1176,52.0,53,0.0,908,6.0,215,3.0,15216,686.0,137457,1778550
2020-09-02,23:01:00,,154,Andorra,77286,1199,23.0,53,0.0,909,1.0,237,3.0,15514,686.0,137457,1778550
2020-09-03,23:01:00,,154,Andorra,77287,1199,0.0,53,0.0,909,0.0,237,3.0,15514,686.0,137457,1778527
2020-09-04,07:01:00,,154,Andorra,77287,1199,0.0,53,0.0,909,0.0,237,3.0,15514,686.0,137457,1778527
2020-09-05,23:31:00,,154,Andorra,77287,1215,16.0,53,0.0,928,19.0,234,3.0,15721,686.0,137457,1778527
2020-09-06,18:30:00,,154,Andorra,77288,1215,0.0,53,0.0,928,0.0,234,3.0,15720,686.0,137457,1778504
2020-09-07,23:39:00,,154,Andorra,77288,1261,46.0,53,0.0,934,6.0,274,3.0,16316,686.0,137457,1778504
2020-09-08,22:10:00,,154,Andorra,77288,1261,0.0,53,0.0,934,0.0,274,3.0,16316,686.0,137457,1778504
2020-09-10,22:01:00,,154,Andorra,77289,1301,40.0,53,0.0,938,4.0,310,3.0,16833,686.0,137457,1778481
2020-09-11,22:00:00,,154,Andorra,77289,1344,43.0,53,0.0,943,5.0,348,4.0,17389,686.0,137457,1778481
2020-09-12,22:22:00,,154,Andorra,77290,1344,0.0,53,0.0,943,0.0,348,4.0,17389,686.0,137457,1778458
2020-09-13,22:01:00,,154,Andorra,77290,1344,0.0,53,0.0,943,0.0,348,4.0,17389,686.0,137457,1778458
2020-09-14,22:04:00,,154,Andorra,77290,1438,94.0,53,0.0,945,2.0,440,4.0,18605,686.0,137457,1778458
2020-09-15,21:00:00,,154,Andorra,77291,1438,0.0,53,0.0,945,0.0,440,4.0,18605,686.0,137457,1778435
2020-09-16,21:01:00,,154,Andorra,77291,1438,0.0,53,0.0,945,0.0,440,4.0,18605,686.0,137457,1778435
2020-09-18,20:01:00,,154,Andorra,77292,1483,45.0,53,0.0,1054,109.0,376,4.0,19187,686.0,137457,1778412
2020-09-19,21:00:00,,154,Andorra,77292,1564,81.0,53,0.0,1164,110.0,347,4.0,20235,686.0,137457,1778412
2020-09-20,22:31:00,,154,Andorra,77293,1564,0.0,53,0.0,1164,0.0,347,4.0,20235,686.0,137457,1778389
2020-09-21,21:01:00,,154,Andorra,77293,1681,117.0,53,0.0,1199,35.0,429,4.0,21748,686.0,137457,1778389
2020-09-22,21:01:00,,154,Andorra,77293,1681,0.0,53,0.0,1199,0.0,429,4.0,21748,686.0,137457,1778389
2020-09-23,19:58:00,,154,Andorra,77294,1681,0.0,53,0.0,1199,0.0,429,4.0,21748,686.0,137457,1778366
2020-09-24,21:00:00,,154,Andorra,77294,1753,72.0,53,0.0,1203,4.0,497,4.0,22680,686.0,137457,1778366
2020-09-25,21:00:00,,154,Andorra,77294,1836,83.0,53,0.0,1263,60.0,520,9.0,23753,686.0,137457,1778366
2020-09-26,21:00:00,,154,Andorra,77295,1836,0.0,53,0.0,1263,0.0,520,9.0,23753,686.0,137457,1778343
2020-09-27,22:45:00,,154,Andorra,77295,1836,0.0,53,0.0,1263,0.0,520,9.0,23753,686.0,137457,1778343
2020-09-28,22:00:00,,154,Andorra,77295,1966,130.0,53,0.0,1265,2.0,648,9.0,25435,686.0,137457,1778343
2020-09-29,21:35:00,,154,Andorra,77296,1966,0.0,53,0.0,1265,0.0,648,9.0,25435,686.0,137457,1778320
2020-09-30,22:00:00,,154,Andorra,77296,2050,84.0,53,0.0,1432,167.0,565,9.0,26521,686.0,137457,1778320
2020-10-01,21:31:00,,154,Andorra,77296,2050,0.0,53,0.0,1432,0.0,565,9.0,26521,686.0,137457,1778320
2020-10-02,22:36:00,,154,Andorra,77297,2110,60.0,53,0.0,1540,108.0,517,9.0,27297,686.0,137457,1778297
2020-10-03,22:24:00,,154,Andorra,77297,2110,0.0,53,0.0,1540,0.0,517,9.0,27297,686.0,137457,1778297
2020-10-04,21:01:00,,154,Andorra,77297,2110,0.0,53,0.0,1540,0.0,517,9.0,27297,686.0,137457,1778297
2020-10-05,22:13:00,,154,Andorra,77298,2370,260.0,53,0.0,1615,75.0,702,9.0,30661,686.0,137457,1778274
2020-10-06,23:01:00,,154,Andorra,77298,2370,0.0,53,0.0,1615,0.0,702,9.0,30661,686.0,137457,1778274
2020-10-07,23:01:00,,154,Andorra,77298,2568,198.0,53,0.0,1715,100.0,800,9.0,33222,686.0,137457,1778274
2020-10-08,23:59:00,,154,Andorra,77299,2568,0.0,54,1.0,1715,0.0,799,9.0,33222,699.0,137457,1778251
2020-10-09,23:00:00,,154,Andorra,77299,2696,128.0,55,1.0,1814,99.0,827,9.0,34878,712.0,137457,1778251
2020-10-10,23:00:00,,154,Andorra,77299,2696,0.0,55,0.0,1814,0.0,827,9.0,34878,712.0,137457,1778251
2020-10-12,23:10:00,,154,Andorra,77300,2696,0.0,55,0.0,1814,0.0,827,25.0,34877,712.0,137457,1778228
2020-10-13,23:01:00,,154,Andorra,77300,2995,299.0,57,2.0,1928,114.0,1010,25.0,38745,737.0,137457,1778228
2020-10-14,23:01:00,,154,Andorra,77301,3190,195.0,59,2.0,2011,83.0,1120,25.0,41267,763.0,137457,1778205
2020-10-15,14:09:00,11:06:00,154,Andorra,77301,3190,0.0,59,0.0,2011,0.0,1120,25.0,41267,763.0,137457,1778205
2020-10-16,22:08:00,19:06:00,154,Andorra,77301,3377,187.0,59,0.0,2057,46.0,1261,22.0,43686,763.0,137457,1778205
2020-10-17,23:01:00,19:58:00,154,Andorra,77302,3377,0.0,59,0.0,2057,0.0,1261,22.0,43686,763.0,137457,1778182
2020-10-18,22:05:00,19:03:00,154,Andorra,77302,3377,0.0,59,0.0,2057,0.0,1261,22.0,43686,763.0,137457,1778182
2020-10-19,22:05:00,18:59:00,154,Andorra,77302,3623,246.0,62,3.0,2273,216.0,1288,22.0,46868,802.0,137457,1778182
2020-10-20,22:05:00,19:04:00,154,Andorra,77303,3623,0.0,62,0.0,2273,0.0,1288,22.0,46868,802.0,137457,1778159
2020-10-21,22:05:00,19:03:00,154,Andorra,77303,3811,188.0,63,1.0,2470,197.0,1278,22.0,49300,815.0,137457,1778159
2020-10-22,22:05:00,19:04:00,154,Andorra,77303,3811,0.0,63,0.0,2470,0.0,1278,22.0,49300,815.0,137457,1778159
2020-10-23,22:05:00,19:02:00,154,Andorra,77304,4038,227.0,69,6.0,2729,259.0,1240,22.0,52235,893.0,137457,1778136
2020-10-24,23:41:00,20:40:00,154,Andorra,77304,4038,0.0,69,0.0,2729,0.0,1240,22.0,52235,893.0,137457,1778136
2020-10-25,23:00:00,20:58:00,154,Andorra,77304,4038,0.0,69,0.0,2729,0.0,1240,22.0,52235,893.0,137457,1778136
2020-10-26,23:00:00,20:56:00,154,Andorra,77305,4325,287.0,72,3.0,2957,228.0,1296,22.0,55947,931.0,137457,1778113
2020-10-27,23:00:00,20:58:00,154,Andorra,77305,4410,85.0,72,0.0,3029,72.0,1309,22.0,57047,931.0,137457,1778113
2020-10-28,23:00:00,20:58:00,154,Andorra,77305,4517,107.0,72,0.0,3144,115.0,1301,22.0,58431,931.0,137457,1778113
2020-10-29,23:00:00,20:57:00,154,Andorra,77306,4567,50.0,73,1.0,3260,116.0,1234,22.0,59077,944.0,146308,1892583
2020-10-30,23:00:00,20:58:00,154,Andorra,77306,4665,98.0,75,2.0,3377,117.0,1213,22.0,60345,970.0,146308,1892583
2020-10-31,23:00:00,20:59:00,154,Andorra,77306,4665,0.0,75,0.0,3377,0.0,1213,22.0,60345,970.0,146308,1892583
2020-11-01,23:00:00,20:59:00,154,Andorra,77307,4825,160.0,75,0.0,3475,98.0,1275,22.0,62413,970.0,146308,1892558
2020-11-02,23:00:00,20:57:00,154,Andorra,77307,4888,63.0,75,0.0,3548,73.0,1265,22.0,63228,970.0,146308,1892558
2020-11-03,23:00:00,20:59:00,154,Andorra,77307,4910,22.0,75,0.0,3627,79.0,1208,22.0,63513,970.0,146308,1892558
2020-11-04,23:00:00,20:57:00,154,Andorra,77308,4910,0.0,75,0.0,3627,0.0,1208,22.0,63512,970.0,146308,1892534
2020-11-05,23:00:00,20:59:00,154,Andorra,77308,5045,135.0,75,0.0,3734,107.0,1236,22.0,65258,970.0,146308,1892534
2020-11-06,23:00:00,20:58:00,154,Andorra,77308,5135,90.0,75,0.0,3858,124.0,1202,22.0,66423,970.0,146308,1892534
2020-11-07,23:00:00,20:57:00,154,Andorra,77309,5319,184.0,75,0.0,4043,185.0,1201,22.0,68802,970.0,146308,1892509
2020-11-08,23:00:00,20:49:00,154,Andorra,77309,5319,0.0,75,0.0,4043,0.0,1201,22.0,68802,970.0,146308,1892509
2020-11-09,23:00:00,20:59:00,154,Andorra,77309,5437,118.0,75,0.0,4332,289.0,1030,22.0,70328,970.0,146308,1892509
2020-11-10,23:00:00,20:59:00,154,Andorra,77310,5477,40.0,75,0.0,4405,73.0,997,22.0,70845,970.0,146308,1892485
2020-11-11,23:00:00,20:56:00,154,Andorra,77310,5567,90.0,75,0.0,4488,83.0,1004,22.0,72009,970.0,146308,1892485
2020-11-12,23:00:00,20:59:00,154,Andorra,77310,5567,0.0,75,0.0,4488,0.0,1004,22.0,72009,970.0,146308,1892485
2020-11-13,23:00:00,20:58:00,154,Andorra,77311,5725,158.0,75,0.0,4675,187.0,975,20.0,74052,970.0,154640,2000233
2020-11-14,23:00:00,20:57:00,154,Andorra,77311,5725,0.0,75,0.0,4675,0.0,975,20.0,74052,970.0,154640,2000233
2020-11-15,23:00:00,20:53:00,154,Andorra,77311,5725,0.0,75,0.0,4675,0.0,975,20.0,74052,970.0,154640,2000233
2020-11-16,23:00:00,20:59:00,154,Andorra,77312,5914,189.0,76,1.0,4830,155.0,1008,20.0,76495,983.0,154640,2000207
2020-11-17,23:00:00,20:58:00,154,Andorra,77312,5951,37.0,76,0.0,4965,135.0,910,20.0,76974,983.0,161318,2086584
2020-11-18,23:00:00,20:57:00,154,Andorra,77312,6018,67.0,76,0.0,5055,90.0,887,20.0,77840,983.0,161318,2086584
2020-11-19,23:00:00,20:59:00,154,Andorra,77313,6066,48.0,76,0.0,5127,72.0,863,20.0,78460,983.0,161318,2086557
2020-11-20,23:00:00,20:59:00,154,Andorra,77313,6142,76.0,76,0.0,5239,112.0,827,20.0,79443,983.0,161318,2086557
2020-11-21,23:00:00,20:58:00,154,Andorra,77313,6207,65.0,76,0.0,5290,51.0,841,20.0,80284,983.0,161318,2086557
2020-11-22,23:00:00,20:59:00,154,Andorra,77314,6256,49.0,76,0.0,5358,68.0,822,20.0,80917,983.0,161318,2086530
2020-11-23,23:00:00,20:58:00,154,Andorra,77314,6304,48.0,76,0.0,5405,47.0,823,20.0,81538,983.0,161318,2086530
2020-11-24,23:00:00,20:57:00,154,Andorra,77314,6351,47.0,76,0.0,5503,98.0,772,20.0,82146,983.0,168635,2181170
2020-11-25,23:00:00,20:58:00,154,Andorra,77315,6428,77.0,76,0.0,5542,39.0,810,20.0,83140,983.0,168635,2181142
2020-11-26,23:00:00,20:47:00,154,Andorra,77315,6534,106.0,76,0.0,5649,107.0,809,20.0,84511,983.0,168635,2181142
2020-11-27,23:00:00,20:59:00,154,Andorra,77315,6610,76.0,76,0.0,5710,61.0,824,20.0,85494,983.0,168635,2181142
2020-11-28,23:00:00,20:46:00,154,Andorra,77316,6610,0.0,76,0.0,5710,0.0,824,20.0,85493,983.0,168635,2181114
2020-11-29,23:00:00,20:51:00,154,Andorra,77316,6712,102.0,76,0.0,5794,84.0,842,20.0,86813,983.0,168635,2181114
2020-11-30,23:00:00,20:57:00,154,Andorra,77316,6745,33.0,76,0.0,5873,79.0,796,20.0,87239,983.0,168635,2181114
2020-12-01,23:00:00,20:55:00,154,Andorra,77317,6790,45.0,76,0.0,5940,67.0,774,20.0,87820,983.0,168635,2181086
2020-12-02,23:00:00,20:58:00,154,Andorra,77317,6842,52.0,76,0.0,5988,48.0,778,20.0,88493,983.0,168635,2181086
2020-12-03,23:00:00,20:59:00,154,Andorra,77317,6904,62.0,77,1.0,6066,78.0,761,20.0,89295,996.0,168635,2181086
2020-12-04,23:00:00,20:57:00,154,Andorra,77318,6955,51.0,77,0.0,6130,64.0,748,20.0,89953,996.0,168635,2181057
2020-12-05,23:00:00,20:58:00,154,Andorra,77318,7005,50.0,78,1.0,6171,41.0,756,20.0,90600,1009.0,168635,2181057
2020-12-06,23:00:00,20:51:00,154,Andorra,77318,7050,45.0,78,0.0,6238,67.0,734,20.0,91182,1009.0,168635,2181057
2020-12-07,23:00:00,20:57:00,154,Andorra,77319,7084,34.0,78,0.0,6293,55.0,713,20.0,91620,1009.0,173151,2239437
2020-12-08,23:00:00,20:59:00,154,Andorra,77319,7127,43.0,78,0.0,6367,74.0,682,20.0,92177,1009.0,173151,2239437
2020-12-09,23:00:00,20:59:00,154,Andorra,77319,7162,35.0,78,0.0,6452,85.0,632,20.0,92629,1009.0,173151,2239437
2020-12-10,23:00:00,20:59:00,154,Andorra,77320,7190,28.0,78,0.0,6505,53.0,607,17.0,92990,1009.0,173151,2239408
2020-12-11,23:00:00,20:59:00,154,Andorra,77320,7236,46.0,78,0.0,6598,93.0,560,17.0,93585,1009.0,173151,2239408
2020-12-12,23:00:00,20:58:00,154,Andorra,77320,7288,52.0,78,0.0,6629,31.0,581,17.0,94258,1009.0,173151,2239408
2020-12-13,23:00:00,20:59:00,154,Andorra,77321,7338,50.0,79,1.0,6629,0.0,630,17.0,94903,1022.0,173151,2239379
2020-12-14,23:35:00,21:34:00,154,Andorra,77321,7382,44.0,79,0.0,6706,77.0,597,17.0,95472,1022.0,173151,2239379
2020-12-15,23:00:00,20:59:00,154,Andorra,77321,7382,0.0,79,0.0,6706,0.0,597,17.0,95472,1022.0,180088,2329096
2020-12-16,23:00:00,20:58:00,154,Andorra,77322,7446,64.0,79,0.0,6819,113.0,548,17.0,96299,1022.0,180088,2329065
2020-12-17,23:00:00,20:56:00,154,Andorra,77322,7466,20.0,79,0.0,6875,56.0,512,17.0,96557,1022.0,180088,2329065
2020-12-18,23:00:00,20:57:00,154,Andorra,77322,7519,53.0,80,1.0,6919,44.0,520,17.0,97243,1035.0,180088,2329065
2020-12-19,23:59:00,22:11:00,154,Andorra,77323,7560,41.0,80,0.0,6963,44.0,517,17.0,97772,1035.0,180088,2329035
2020-12-20,23:00:00,20:54:00,154,Andorra,77323,7577,17.0,81,1.0,6997,34.0,499,17.0,97992,1048.0,180088,2329035
2020-12-21,23:00:00,20:59:00,154,Andorra,77323,7602,25.0,81,0.0,7028,31.0,493,17.0,98315,1048.0,180088,2329035
2020-12-22,23:00:00,20:59:00,154,Andorra,77324,7633,31.0,82,1.0,7073,45.0,478,17.0,98715,1060.0,180088,2329005
2020-12-23,23:00:00,20:58:00,154,Andorra,77324,7669,36.0,82,0.0,7106,33.0,481,17.0,99180,1060.0,180088,2329005
2020-12-24,23:00:00,20:55:00,154,Andorra,77325,7699,30.0,83,1.0,7171,65.0,445,15.0,99567,1073.0,180088,2328975
2020-12-25,23:00:00,20:59:00,154,Andorra,77325,7756,57.0,83,0.0,7203,32.0,470,15.0,100304,1073.0,180088,2328975
2020-12-26,23:00:00,20:59:00,154,Andorra,77325,7756,0.0,83,0.0,7203,0.0,470,15.0,100304,1073.0,180088,2328975
2020-12-27,23:00:00,20:56:00,154,Andorra,77326,7806,50.0,83,0.0,7252,49.0,471,15.0,100949,1073.0,180088,2328945
2020-12-28,23:00:00,20:58:00,154,Andorra,77326,7875,69.0,83,0.0,7318,66.0,474,15.0,101842,1073.0,180088,2328945
2020-12-29,23:00:00,20:54:00,154,Andorra,77326,7919,44.0,84,1.0,7360,42.0,475,15.0,102411,1086.0,180088,2328945
2020-12-30,23:00:00,20:54:00,154,Andorra,77327,7983,64.0,84,0.0,7384,24.0,515,15.0,103237,1086.0,180088,2328915
2020-12-31,23:00:00,20:44:00,154,Andorra,77327,8049,66.0,84,0.0,7432,48.0,533,15.0,104090,1086.0,180088,2328915
2021-01-01,23:00:00,20:54:00,154,Andorra,77327,8117,68.0,84,0.0,7463,31.0,570,15.0,104970,1086.0,180088,2328915
2021-01-02,23:00:00,20:56:00,154,Andorra,77328,8166,49.0,84,0.0,7463,0.0,619,15.0,105602,1086.0,180088,2328885
2021-01-03,23:00:00,20:59:00,154,Andorra,77328,8166,0.0,84,0.0,7463,0.0,619,15.0,105602,1086.0,180088,2328885
2021-01-04,23:00:00,20:57:00,154,Andorra,77328,8249,83.0,84,0.0,7548,85.0,617,15.0,106675,1086.0,180088,2328885
2021-01-05,23:00:00,20:51:00,154,Andorra,77329,8308,59.0,84,0.0,7585,37.0,639,15.0,107437,1086.0,180088,2328855
2021-01-06,23:00:00,20:59:00,154,Andorra,77329,8348,40.0,84,0.0,7615,30.0,649,15.0,107954,1086.0,180088,2328855
2021-01-07,23:00:00,20:59:00,154,Andorra,77329,8348,0.0,84,0.0,7615,0.0,649,15.0,107954,1086.0,180088,2328855
2021-01-08,23:00:00,20:59:00,154,Andorra,77330,8489,141.0,84,0.0,7724,109.0,681,15.0,109776,1086.0,180088,2328825
2021-01-09,23:00:00,20:55:00,154,Andorra,77330,8586,97.0,85,1.0,7724,0.0,777,15.0,111031,1099.0,180088,2328825
2021-01-10,23:32:00,21:29:00,154,Andorra,77330,8586,0.0,85,0.0,7724,0.0,777,15.0,111031,1099.0,180088,2328825
2021-01-11,23:40:00,21:37:00,154,Andorra,77331,8586,0.0,85,0.0,7724,0.0,777,15.0,111029,1099.0,180088,2328794
2021-01-12,23:52:00,21:48:00,154,Andorra,77331,8682,96.0,86,1.0,7930,206.0,666,15.0,112271,1112.0,180088,2328794
