scrap_date,scrap_time,update_time_GMT,Country_id,Country,Population,TotalCases,NewCases,TotalDeaths,NewDeaths,TotalRecovered,NewRecovered,ActiveCases,SeriousCritical,Tot_Cases_1Mpop,Deaths_1Mpop,TotalTests,Tests_1Mpop
2020-08-02,20:00:00,,53,Armenia,2963736,39050,209.0,754,5.0,29750,193.0,8546,10.0,13176.0,254.0,166701,56247.0
2020-08-08,20:00:00,,53,Armenia,2963826,40185,200.0,785,8.0,32395,387.0,7005,,13558.0,265.0,174438,58856.0
2020-08-12,20:00:00,,53,Armenia,2963887,40794,201.0,806,3.0,33492,335.0,6496,,13764.0,272.0,179032,60404.0
2020-08-16,20:00:00,,53,Armenia,2963947,41663,168.0,818,1.0,34584,100.0,6261,,14057.0,276.0,185310,62521.0
2020-08-17,20:00:00,,53,Armenia,2963962,41701,38.0,824,6.0,34655,71.0,6222,,14069.0,278.0,185594,62617.0
2020-08-18,20:00:00,,53,Armenia,2963977,41846,145.0,832,8.0,34982,327.0,6032,,14118.0,281.0,186661,62977.0
2020-08-19,20:00:00,,53,Armenia,2963992,42056,210.0,833,1.0,35226,244.0,5997,,14189.0,281.0,188567,63619.0
2020-08-20,17:53:00,,53,Armenia,2964007,42319,263.0,836,3.0,35476,250.0,6007,,14278.0,282.0,190560,64291.0
2020-08-23,21:09:00,,53,Armenia,2964053,42792,176.0,852,2.0,35991,84.0,5949,,14437.0,287.0,195194,65854.0
2020-08-24,17:10:00,,53,Armenia,2964068,42825,33.0,854,2.0,36049,58.0,5922,,14448.0,288.0,195574,65982.0
2020-08-25,23:00:00,,53,Armenia,2964083,42936,111.0,858,4.0,36475,426.0,5603,,14485.0,289.0,196873,66420.0
2020-08-26,22:59:00,,53,Armenia,2964098,43067,131.0,861,3.0,36726,251.0,5480,,14530.0,290.0,198569,66991.0
2020-08-27,23:00:00,,53,Armenia,2964113,43270,203.0,864,3.0,36988,262.0,5418,,14598.0,291.0,200507,67645.0
2020-08-28,23:01:00,,53,Armenia,2964128,43451,181.0,869,5.0,37264,276.0,5318,,14659.0,293.0,202253,68234.0
2020-08-29,12:29:00,,53,Armenia,2964143,43626,175.0,872,3.0,37563,299.0,5191,,14718.0,294.0,203979,68816.0
2020-08-30,23:00:00,,53,Armenia,2964158,43750,124.0,877,5.0,37650,87.0,5223,,14760.0,296.0,205450,69311.0
2020-08-31,18:58:00,,53,Armenia,2964173,43781,31.0,879,2.0,37722,72.0,5180,,14770.0,297.0,205940,69476.0
2020-09-01,23:00:00,,53,Armenia,2964188,43878,97.0,881,2.0,38356,634.0,4641,,14803.0,297.0,206929,69810.0
2020-09-02,23:01:00,,53,Armenia,2964203,44075,197.0,884,3.0,38631,275.0,4560,,14869.0,298.0,209389,70639.0
2020-09-03,23:01:00,,53,Armenia,2964219,44271,196.0,887,3.0,38855,224.0,4529,,14935.0,299.0,211281,71277.0
2020-09-04,07:01:00,,53,Armenia,2964234,44271,,887,,38855,,4529,,14935.0,299.0,211281,71277.0
2020-09-05,23:31:00,,53,Armenia,2964249,44649,188.0,895,4.0,39823,566.0,3931,,15062.0,302.0,215810,72804.0
2020-09-06,18:30:00,,53,Armenia,2964264,44783,134.0,897,2.0,40089,266.0,3797,,15108.0,303.0,218139,73590.0
2020-09-07,23:39:00,,53,Armenia,2964279,44845,62.0,900,3.0,40121,32.0,3824,,15128.0,304.0,219177,73939.0
2020-09-08,22:10:00,,53,Armenia,2964294,44953,108.0,903,3.0,40592,471.0,3458,,15165.0,305.0,221041,74568.0
2020-09-09,22:01:00,,53,Armenia,2964309,45152,199.0,905,2.0,41023,431.0,3224,,15232.0,305.0,224559,75754.0
2020-09-10,22:01:00,,53,Armenia,2964324,45326,174.0,906,1.0,41233,210.0,3187,,15291.0,306.0,227809,76850.0
2020-09-11,22:00:00,,53,Armenia,2964339,45503,177.0,909,3.0,41434,201.0,3160,,15350.0,307.0,231259,78014.0
2020-09-12,22:22:00,,53,Armenia,2964354,45675,172.0,911,2.0,41605,171.0,3159,,15408.0,307.0,234631,79151.0
2020-09-13,22:01:00,,53,Armenia,2964369,45862,187.0,916,5.0,41659,54.0,3287,,15471.0,309.0,238312,80392.0
2020-09-14,22:04:00,,53,Armenia,2964385,45969,107.0,919,3.0,41693,34.0,3357,,15507.0,310.0,240943,81279.0
2020-09-15,21:00:00,,53,Armenia,2964400,46119,150.0,920,1.0,41941,248.0,3258,,15558.0,310.0,243704,82210.0
2020-09-16,21:01:00,,53,Armenia,2964415,46376,257.0,923,3.0,42069,128.0,3384,,15644.0,311.0,247839,83605.0
2020-09-18,20:01:00,,53,Armenia,2964445,46910,239.0,926,1.0,42369,138.0,3615,,15824.0,312.0,255927,86332.0
2020-09-19,21:00:00,,53,Armenia,2964460,47154,244.0,928,2.0,42551,182.0,3675,,15906.0,313.0,259664,87592.0
2020-09-20,22:31:00,,53,Armenia,2964475,47431,277.0,930,2.0,42608,57.0,3893,,16000.0,314.0,263608,88922.0
2020-09-21,21:01:00,,53,Armenia,2964490,47552,121.0,936,6.0,42637,29.0,3979,,16041.0,316.0,265241,89473.0
2020-09-22,21:01:00,,53,Armenia,2964505,47667,115.0,938,2.0,42676,39.0,4053,,16079.0,316.0,266066,89751.0
2020-09-23,19:58:00,,53,Armenia,2964520,47877,210.0,942,4.0,43026,350.0,3909,,16150.0,318.0,268322,90511.0
2020-09-24,21:00:00,,53,Armenia,2964535,48251,374.0,945,3.0,43266,240.0,4040,,16276.0,319.0,272235,91831.0
2020-09-25,21:00:00,,53,Armenia,2964550,48643,392.0,947,2.0,43401,135.0,4295,,16408.0,319.0,272235,91830.0
2020-09-26,21:00:00,,53,Armenia,2964566,49072,429.0,948,1.0,43576,175.0,4548,,16553.0,320.0,280366,94572.0
2020-09-27,22:45:00,,53,Armenia,2964581,49400,328.0,951,3.0,43613,37.0,4836,,16663.0,321.0,284226,95874.0
2020-09-28,22:00:00,,53,Armenia,2964596,49574,174.0,957,6.0,43665,52.0,4952,,16722.0,323.0,286161,96526.0
2020-09-29,21:35:00,,53,Armenia,2964611,49901,327.0,958,1.0,43849,184.0,5094,,16832.0,323.0,289047,97499.0
2020-09-30,22:00:00,,53,Armenia,2964626,50359,458.0,959,1.0,44001,152.0,5399,,16987.0,323.0,292193,98560.0
2020-10-01,21:31:00,,53,Armenia,2964641,50850,491.0,963,4.0,44219,218.0,5668,,17152.0,325.0,296327,99954.0
2020-10-02,22:36:00,,53,Armenia,2964656,51382,532.0,966,3.0,44406,187.0,6010,,17332.0,326.0,300224,101268.0
2020-10-03,22:24:00,,53,Armenia,2964671,51925,543.0,972,6.0,44583,177.0,6370,,17515.0,328.0,303707,102442.0
2020-10-04,21:01:00,,53,Armenia,2964686,52496,571.0,977,5.0,44672,89.0,6847,,17707.0,330.0,306965,103540.0
2020-10-05,22:13:00,,53,Armenia,2964701,52677,181.0,984,7.0,44710,38.0,6983,,17768.0,332.0,308019,103895.0
2020-10-06,23:01:00,,53,Armenia,2964716,53083,406.0,990,6.0,44932,222.0,7161,,17905.0,334.0,309945,104545.0
2020-10-07,23:01:00,,53,Armenia,2964732,53755,672.0,995,5.0,45110,178.0,7650,,18131.0,336.0,312823,105515.0
2020-10-08,23:59:00,,53,Armenia,2964747,54473,718.0,1004,9.0,45312,202.0,8157,,18374.0,339.0,316479,106747.0
2020-10-09,23:00:00,,53,Armenia,2964762,55087,614.0,1010,6.0,45528,216.0,8549,,18581.0,341.0,319791,107864.0
2020-10-10,23:00:00,,53,Armenia,2964777,55736,649.0,1016,6.0,45771,243.0,8949,,18799.0,343.0,322528,108787.0
2020-10-12,23:10:00,,53,Armenia,2964807,56821,370.0,1026,6.0,45891,67.0,9904,,19165.0,346.0,327163,110349.0
2020-10-13,23:01:00,,53,Armenia,2964822,57566,745.0,1032,6.0,46318,427.0,10216,,19416.0,348.0,329277,111061.0
2020-10-14,23:01:00,,53,Armenia,2964837,58624,1058.0,1039,7.0,46713,395.0,10872,,19773.0,350.0,332154,112031.0
2020-10-15,14:09:00,11:06,53,Armenia,2964852,59995,1371.0,1046,7.0,47119,406.0,11830,,20235.0,353.0,336111,113365.0
2020-10-16,22:08:00,19:06,53,Armenia,2964867,61460,1465.0,1056,10.0,47541,422.0,12863,,20729.0,356.0,340116,114715.0
2020-10-17,23:01:00,19:58,53,Armenia,2964882,63000,1540.0,1067,11.0,47925,384.0,14008,,21249.0,360.0,344053,116043.0
2020-10-18,22:05:00,19:03,53,Armenia,2964897,64694,1694.0,1081,14.0,48104,179.0,15509,,21820.0,365.0,348149,117424.0
2020-10-19,22:05:00,18:59,53,Armenia,2964913,65460,766.0,1091,10.0,48208,104.0,16161,,22078.0,368.0,349871,118004.0
2020-10-20,19:50:00,16:42,53,Armenia,2964928,66694,1234.0,1101,10.0,48734,526.0,16859,,22494.0,371.0,352764,118979.0
2020-10-20,22:05:00,19:04,53,Armenia,2964928,66694,1234.0,1101,10.0,48734,526.0,16859,,22494.0,371.0,352764,118979.0
2020-10-21,22:05:00,19:03,53,Armenia,2964943,68530,1836.0,1121,20.0,49219,485.0,18190,,23113.0,378.0,357104,120442.0
2020-10-22,22:05:00,19:04,53,Armenia,2964958,70836,2306.0,1131,10.0,49787,568.0,19918,,23891.0,381.0,362293,122192.0
2020-10-23,22:05:00,19:02,53,Armenia,2964973,73310,2474.0,1145,14.0,50276,489.0,21889,,24725.0,386.0,368053,124134.0
2020-10-24,22:06:00,19:05,53,Armenia,2964988,75523,2213.0,1157,12.0,50701,425.0,23665,,25472.0,390.0,372550,125650.0
2020-10-24,23:41:00,20:40,53,Armenia,2964988,75523,2213.0,1157,12.0,50701,425.0,23665,,25472.0,390.0,372550,125650.0
