Date,Scrap_time,Update_time_GMT,Country_id,Country,Population,TotalCases,NewCases,TotalDeaths,NewDeaths,TotalRecovered,NewRecovered,ActiveCases,SeriousCritical,Tot_Cases_1Mpop,Deaths_1Mpop,TotalTests,Tests_1Mpop
2020-08-02,20:00:00,,142,Aruba,106806,121,,3,,105,,13,,1133,28.0,11795,110434
2020-08-08,20:00:00,,142,Aruba,106813,396,275.0,3,0.0,114,9.0,279,,3707,28.0,14047,131510
2020-08-12,20:00:00,,142,Aruba,106818,717,321.0,3,0.0,114,0.0,600,,6712,28.0,14047,131504
2020-08-16,20:00:00,,142,Aruba,106823,1048,331.0,4,1.0,193,79.0,851,,9811,37.0,14047,131498
2020-08-17,20:00:00,,142,Aruba,106824,1102,54.0,4,0.0,200,7.0,898,,10316,37.0,16261,152222
2020-08-18,20:00:00,,142,Aruba,106826,1121,19.0,4,0.0,212,12.0,905,,10494,37.0,16261,152219
2020-08-19,20:00:00,,142,Aruba,106827,1205,84.0,4,0.0,277,65.0,924,,11280,37.0,16919,158378
2020-08-20,17:53:00,,142,Aruba,106828,1296,91.0,5,1.0,277,0.0,1014,,12132,47.0,17278,161737
2020-08-23,21:09:00,,142,Aruba,106832,1534,238.0,7,2.0,446,169.0,1081,2.0,14359,66.0,18402,172252
2020-08-24,17:10:00,,142,Aruba,106833,1568,34.0,7,0.0,455,9.0,1106,5.0,14677,66.0,18756,175564
2020-08-25,23:00:00,,142,Aruba,106834,1628,60.0,7,0.0,461,6.0,1160,5.0,15239,66.0,19314,180785
2020-08-26,22:59:00,,142,Aruba,106835,1670,42.0,8,1.0,565,104.0,1097,7.0,15632,75.0,19604,183498
2020-08-27,23:00:00,,142,Aruba,106837,1848,178.0,8,0.0,608,43.0,1232,7.0,17297,75.0,20212,189185
2020-08-28,23:01:00,,142,Aruba,106838,1906,58.0,9,1.0,743,135.0,1154,7.0,17840,84.0,20472,191617
2020-08-29,12:29:00,,142,Aruba,106839,1906,0.0,9,0.0,743,0.0,1154,7.0,17840,84.0,20472,191615
2020-08-30,23:00:00,,142,Aruba,106840,1997,91.0,10,1.0,765,22.0,1222,7.0,18692,94.0,21114,197623
2020-08-31,18:58:00,,142,Aruba,106842,1997,0.0,10,0.0,765,0.0,1222,7.0,18691,94.0,21114,197619
2020-09-01,23:00:00,,142,Aruba,106843,2006,9.0,10,0.0,768,3.0,1228,7.0,18775,94.0,21266,199040
2020-09-02,23:01:00,,142,Aruba,106844,2104,98.0,10,0.0,857,89.0,1237,7.0,19692,94.0,21523,201443
2020-09-03,23:01:00,,142,Aruba,106845,2292,188.0,13,3.0,1031,174.0,1248,7.0,21452,122.0,22271,208442
2020-09-04,07:01:00,,142,Aruba,106847,2292,0.0,13,0.0,1031,0.0,1248,7.0,21451,122.0,22271,208438
2020-09-05,23:31:00,,142,Aruba,106848,2358,66.0,13,0.0,1119,88.0,1226,7.0,22069,122.0,22665,212124
2020-09-06,18:30:00,,142,Aruba,106849,2428,70.0,14,1.0,1206,87.0,1208,7.0,22724,131.0,23005,215304
2020-09-07,23:39:00,,142,Aruba,106850,2482,54.0,15,1.0,1244,38.0,1223,7.0,23229,140.0,23551,220412
2020-09-08,22:10:00,,142,Aruba,106852,2482,0.0,15,0.0,1244,0.0,1223,9.0,23228,140.0,23551,220408
2020-09-10,22:01:00,,142,Aruba,106854,2730,248.0,15,0.0,1351,107.0,1364,11.0,25549,140.0,24442,228742
2020-09-11,22:00:00,,142,Aruba,106855,2819,89.0,16,1.0,1407,56.0,1396,11.0,26382,150.0,24442,228740
2020-09-12,22:22:00,,142,Aruba,106856,2898,79.0,18,2.0,1451,44.0,1429,11.0,27121,168.0,25098,234877
2020-09-13,22:01:00,,142,Aruba,106858,2994,96.0,18,0.0,1542,91.0,1434,11.0,28018,168.0,25467,238326
2020-09-14,22:04:00,,142,Aruba,106859,3046,52.0,18,0.0,1542,0.0,1486,11.0,28505,168.0,25767,241131
2020-09-15,21:00:00,,142,Aruba,106860,3060,14.0,20,2.0,1566,24.0,1474,11.0,28636,187.0,26033,243618
2020-09-16,21:01:00,,142,Aruba,106861,3152,92.0,22,2.0,1610,44.0,1520,11.0,29496,206.0,26399,247041
2020-09-18,20:01:00,,142,Aruba,106864,3382,230.0,23,1.0,1742,132.0,1617,11.0,31648,215.0,27347,255905
2020-09-19,21:00:00,,142,Aruba,106865,3460,78.0,23,0.0,2128,386.0,1309,11.0,32377,215.0,27760,259767
2020-09-20,22:31:00,,142,Aruba,106866,3551,91.0,23,0.0,2239,111.0,1289,11.0,33229,215.0,28441,266137
2020-09-21,21:01:00,,142,Aruba,106868,3551,0.0,23,0.0,2239,0.0,1289,11.0,33228,215.0,28441,266132
2020-09-22,21:01:00,,142,Aruba,106869,3587,36.0,24,1.0,2369,130.0,1194,11.0,33564,225.0,28772,269227
2020-09-23,19:58:00,,142,Aruba,106870,3665,78.0,25,1.0,2426,57.0,1214,11.0,34294,234.0,29291,274081
2020-09-24,21:00:00,,142,Aruba,106871,3721,56.0,25,0.0,2501,75.0,1195,11.0,34818,234.0,29610,277063
2020-09-25,21:00:00,,142,Aruba,106873,3756,35.0,25,0.0,2664,163.0,1067,11.0,35145,234.0,29865,279444
2020-09-26,21:00:00,,142,Aruba,106874,3799,43.0,25,0.0,2753,89.0,1021,11.0,35547,234.0,30182,282407
2020-09-27,22:45:00,,142,Aruba,106875,3844,45.0,25,0.0,2948,195.0,871,11.0,35967,234.0,30640,286690
2020-09-28,22:00:00,,142,Aruba,106876,3844,0.0,25,0.0,2948,0.0,871,12.0,35967,234.0,30640,286687
2020-09-29,21:35:00,,142,Aruba,106877,3934,90.0,26,1.0,3181,233.0,727,12.0,36809,243.0,31337,293206
2020-09-30,22:00:00,,142,Aruba,106879,3934,0.0,26,0.0,3181,0.0,727,12.0,36808,243.0,31337,293201
2020-10-01,21:31:00,,142,Aruba,106880,3998,64.0,27,1.0,3327,146.0,644,12.0,37406,253.0,31957,298999
2020-10-02,22:36:00,,142,Aruba,106881,4038,40.0,30,3.0,3406,79.0,602,12.0,37780,281.0,32255,301784
2020-10-03,22:24:00,,142,Aruba,106882,4074,36.0,30,0.0,3474,68.0,570,12.0,38117,281.0,32551,304551
2020-10-04,21:01:00,,142,Aruba,106884,4074,0.0,30,0.0,3474,0.0,570,12.0,38116,281.0,32551,304545
2020-10-05,22:13:00,,142,Aruba,106885,4094,20.0,31,1.0,3612,138.0,451,12.0,38303,290.0,32982,308575
2020-10-06,23:01:00,,142,Aruba,106886,4108,14.0,31,0.0,3643,31.0,434,12.0,38433,290.0,33290,311453
2020-10-07,23:01:00,,142,Aruba,106887,4133,25.0,31,0.0,3678,35.0,424,12.0,38667,290.0,33519,313593
2020-10-08,23:59:00,,142,Aruba,106889,4150,17.0,31,0.0,3718,40.0,401,12.0,38825,290.0,33736,315617
2020-10-09,23:00:00,,142,Aruba,106890,4150,0.0,31,0.0,3718,0.0,401,12.0,38825,290.0,33736,315614
2020-10-10,23:00:00,,142,Aruba,106891,4188,38.0,32,1.0,3753,35.0,403,12.0,39180,299.0,34305,320934
2020-10-12,23:10:00,,142,Aruba,106894,4197,9.0,33,1.0,3790,37.0,374,12.0,39263,309.0,34905,326538
2020-10-13,23:01:00,,142,Aruba,106895,4229,32.0,33,0.0,3849,59.0,347,4.0,39562,309.0,35284,330081
2020-10-14,23:01:00,,142,Aruba,106896,4229,0.0,33,0.0,3849,0.0,347,4.0,39562,309.0,35284,330078
2020-10-15,14:09:00,11:06:00,142,Aruba,106897,4255,26.0,32,,3875,26.0,348,4.0,39805,299.0,35495,332049
2020-10-16,22:08:00,19:06:00,142,Aruba,106899,4285,30.0,32,0.0,3910,35.0,343,4.0,40085,299.0,35684,333810
2020-10-17,23:01:00,19:58:00,142,Aruba,106900,4304,19.0,34,2.0,3983,73.0,287,4.0,40262,318.0,36162,338279
2020-10-18,22:05:00,19:03:00,142,Aruba,106901,4322,18.0,34,0.0,3983,0.0,305,4.0,40430,318.0,36461,341073
2020-10-19,22:05:00,18:59:00,142,Aruba,106902,4322,0.0,34,0.0,3983,0.0,305,4.0,40430,318.0,36461,341069
2020-10-20,22:05:00,19:04:00,142,Aruba,106903,4355,33.0,34,0.0,4065,82.0,256,4.0,40738,318.0,36975,345874
2020-10-21,22:05:00,19:03:00,142,Aruba,106905,4355,0.0,34,0.0,4065,0.0,256,4.0,40737,318.0,36975,345868
2020-10-22,22:05:00,19:04:00,142,Aruba,106906,4369,14.0,35,1.0,4084,19.0,250,4.0,40868,327.0,37127,347286
2020-10-23,22:05:00,19:02:00,142,Aruba,106907,4389,20.0,36,1.0,4120,36.0,233,4.0,41054,337.0,37370,349556
2020-10-24,23:41:00,20:40:00,142,Aruba,106908,4401,12.0,36,0.0,4160,40.0,205,4.0,41166,337.0,37643,352106
2020-10-25,23:00:00,20:58:00,142,Aruba,106910,4420,19.0,36,0.0,4209,49.0,175,4.0,41343,337.0,38206,357366
2020-10-26,23:00:00,20:56:00,142,Aruba,106911,4422,2.0,36,0.0,4222,13.0,164,4.0,41362,337.0,38406,359233
2020-10-27,23:00:00,20:58:00,142,Aruba,106912,4437,15.0,36,0.0,4253,31.0,148,4.0,41501,337.0,38701,361989
2020-10-28,23:00:00,20:58:00,142,Aruba,106913,4437,0.0,36,0.0,4253,0.0,148,4.0,41501,337.0,38701,361986
2020-10-29,23:00:00,20:57:00,142,Aruba,106915,4472,35.0,37,1.0,4286,33.0,149,4.0,41828,346.0,39106,365767
2020-10-30,23:00:00,20:58:00,142,Aruba,106916,4494,22.0,37,0.0,4286,0.0,171,4.0,42033,346.0,39418,368682
2020-10-31,23:00:00,20:59:00,142,Aruba,106917,4494,0.0,37,0.0,4286,0.0,171,4.0,42033,346.0,39418,368679
2020-11-01,23:00:00,20:59:00,142,Aruba,106918,4513,19.0,38,1.0,4319,33.0,156,4.0,42210,355.0,39715,371453
2020-11-02,23:00:00,20:57:00,142,Aruba,106920,4519,6.0,38,0.0,4326,7.0,155,4.0,42265,355.0,39991,374027
2020-11-03,23:00:00,20:59:00,142,Aruba,106921,4524,5.0,38,0.0,4331,5.0,155,4.0,42312,355.0,40404,377886
2020-11-04,23:00:00,20:57:00,142,Aruba,106922,4553,29.0,39,1.0,4348,17.0,166,4.0,42582,365.0,40936,382859
2020-11-05,23:00:00,20:59:00,142,Aruba,106923,4553,0.0,39,0.0,4348,0.0,166,4.0,42582,365.0,40936,382855
2020-11-06,23:00:00,20:58:00,142,Aruba,106924,4564,11.0,39,0.0,4352,4.0,173,4.0,42685,365.0,41208,385395
2020-11-07,23:00:00,20:57:00,142,Aruba,106926,4578,14.0,39,0.0,4367,15.0,172,4.0,42815,365.0,41437,387530
2020-11-08,23:00:00,20:49:00,142,Aruba,106927,4589,11.0,40,1.0,4383,16.0,166,4.0,42917,374.0,41761,390556
2020-11-09,23:00:00,20:59:00,142,Aruba,106928,4600,11.0,40,0.0,4389,6.0,171,4.0,43020,374.0,42189,394555
2020-11-10,23:00:00,20:59:00,142,Aruba,106929,4622,22.0,42,2.0,4399,10.0,181,4.0,43225,393.0,42791,400181
2020-11-11,23:00:00,20:56:00,142,Aruba,106931,4622,0.0,42,0.0,4399,0.0,181,4.0,43224,393.0,42791,400174
2020-11-12,23:00:00,20:59:00,142,Aruba,106932,4631,9.0,43,1.0,4419,20.0,169,4.0,43308,402.0,43017,402284
2020-11-13,23:00:00,20:58:00,142,Aruba,106933,4639,8.0,43,0.0,4497,78.0,99,4.0,43382,402.0,43354,405431
2020-11-14,23:00:00,20:57:00,142,Aruba,106934,4650,11.0,43,0.0,4511,14.0,96,4.0,43485,402.0,43623,407943
2020-11-15,23:00:00,20:53:00,142,Aruba,106936,4658,8.0,44,1.0,4521,10.0,93,4.0,43559,411.0,43918,410694
2020-11-16,23:00:00,20:59:00,142,Aruba,106937,4668,10.0,44,0.0,4535,14.0,89,4.0,43652,411.0,44721,418200
2020-11-17,23:00:00,20:58:00,142,Aruba,106938,4676,8.0,44,0.0,4547,12.0,85,4.0,43726,411.0,45023,421020
2020-11-18,23:00:00,20:57:00,142,Aruba,106939,4685,9.0,45,1.0,4558,11.0,82,4.0,43810,421.0,45233,422979
2020-11-19,23:00:00,20:59:00,142,Aruba,106941,4693,8.0,45,0.0,4569,11.0,79,4.0,43884,421.0,45489,425365
2020-11-20,23:00:00,20:59:00,142,Aruba,106942,4698,5.0,45,0.0,4580,11.0,73,4.0,43930,421.0,45770,427989
2020-11-21,23:00:00,20:58:00,142,Aruba,106943,4724,26.0,45,0.0,4588,8.0,91,4.0,44173,421.0,46072,430809
2020-11-22,23:00:00,20:59:00,142,Aruba,106944,4731,7.0,45,0.0,4596,8.0,90,4.0,44238,421.0,46687,436556
2020-11-23,23:00:00,20:58:00,142,Aruba,106945,4737,6.0,45,0.0,4607,11.0,85,4.0,44294,421.0,47093,440348
2020-11-24,23:00:00,20:57:00,142,Aruba,106947,4751,14.0,45,0.0,4618,11.0,88,4.0,44424,421.0,47379,443014
2020-11-25,23:00:00,20:58:00,142,Aruba,106948,4778,27.0,45,0.0,4632,14.0,101,4.0,44676,421.0,47749,446469
2020-11-26,23:00:00,20:47:00,142,Aruba,106949,4791,13.0,45,0.0,4640,8.0,106,4.0,44797,421.0,48137,450093
2020-11-27,23:00:00,20:59:00,142,Aruba,106950,4808,17.0,45,0.0,4648,8.0,115,4.0,44956,421.0,48572,454156
2020-11-28,23:00:00,20:46:00,142,Aruba,106952,4808,0.0,45,0.0,4648,0.0,115,4.0,44955,421.0,48572,454148
2020-11-29,23:00:00,20:51:00,142,Aruba,106953,4838,30.0,45,0.0,4679,31.0,114,4.0,45235,421.0,49648,464204
2020-11-30,23:00:00,20:57:00,142,Aruba,106954,4845,7.0,45,0.0,4692,13.0,108,4.0,45300,421.0,50129,468697
2020-12-01,23:00:00,20:55:00,142,Aruba,106955,4872,27.0,45,0.0,4705,13.0,122,4.0,45552,421.0,50598,473077
2020-12-02,23:00:00,20:58:00,142,Aruba,106957,4902,30.0,45,0.0,4718,13.0,139,4.0,45832,421.0,50953,476388
2020-12-03,23:00:00,20:59:00,142,Aruba,106958,4902,0.0,45,0.0,4718,0.0,139,4.0,45831,421.0,50953,476383
2020-12-04,23:00:00,20:57:00,142,Aruba,106959,4923,21.0,45,0.0,4733,15.0,145,4.0,46027,421.0,51383,480399
2020-12-05,23:00:00,20:58:00,142,Aruba,106960,4942,19.0,45,0.0,4746,13.0,151,4.0,46204,421.0,51728,483620
2020-12-06,23:00:00,20:51:00,142,Aruba,106962,4965,23.0,45,0.0,4788,42.0,132,4.0,46418,421.0,52719,492876
2020-12-07,23:00:00,20:57:00,142,Aruba,106963,4965,0.0,45,0.0,4788,0.0,132,4.0,46418,421.0,52719,492871
2020-12-08,23:00:00,20:59:00,142,Aruba,106964,4984,19.0,45,0.0,4827,39.0,112,4.0,46595,421.0,53643,501505
2020-12-09,23:00:00,20:59:00,142,Aruba,106965,4996,12.0,45,0.0,4856,29.0,95,4.0,46707,421.0,53920,504090
2020-12-10,23:00:00,20:59:00,142,Aruba,106966,5011,15.0,46,1.0,4865,9.0,100,4.0,46847,430.0,54368,508274
2020-12-11,23:00:00,20:59:00,142,Aruba,106968,5031,20.0,46,0.0,4879,14.0,106,4.0,47033,430.0,54861,512873
2020-12-12,23:00:00,20:58:00,142,Aruba,106969,5044,13.0,46,0.0,4890,11.0,108,4.0,47154,430.0,55294,516916
2020-12-13,23:00:00,20:59:00,142,Aruba,106970,5049,5.0,46,0.0,4896,6.0,107,4.0,47200,430.0,55812,521754
2020-12-14,23:35:00,21:34:00,142,Aruba,106971,5056,7.0,46,0.0,4903,7.0,107,4.0,47265,430.0,56300,526311
2020-12-15,23:00:00,20:59:00,142,Aruba,106973,5079,23.0,46,0.0,4911,8.0,122,4.0,47479,430.0,56864,531573
2020-12-16,23:00:00,20:58:00,142,Aruba,106974,5106,27.0,47,1.0,4919,8.0,140,4.0,47731,439.0,57268,535345
2020-12-17,23:00:00,20:56:00,142,Aruba,106975,5124,18.0,47,0.0,4919,0.0,158,4.0,47899,439.0,57807,540379
2020-12-18,23:00:00,20:57:00,142,Aruba,106976,5138,14.0,47,0.0,4928,9.0,163,4.0,48029,439.0,58279,544786
2020-12-19,23:59:00,22:11:00,142,Aruba,106978,5155,17.0,47,0.0,4937,9.0,171,4.0,48187,439.0,58799,549636
2020-12-20,23:00:00,20:54:00,142,Aruba,106979,5155,0.0,47,0.0,4937,0.0,171,4.0,48187,439.0,58799,549631
2020-12-21,23:00:00,20:59:00,142,Aruba,106980,5176,21.0,47,0.0,4969,32.0,160,4.0,48383,439.0,59890,559824
2020-12-22,23:00:00,20:59:00,142,Aruba,106981,5199,23.0,47,0.0,4997,28.0,155,4.0,48597,439.0,60541,565904
2020-12-23,23:00:00,20:58:00,142,Aruba,106983,5228,29.0,47,0.0,5008,11.0,173,4.0,48868,439.0,60980,569997
2020-12-24,23:00:00,20:55:00,142,Aruba,106984,5228,0.0,47,0.0,5008,0.0,173,4.0,48867,439.0,60980,569992
2020-12-25,23:00:00,20:59:00,142,Aruba,106985,5257,29.0,47,0.0,5031,23.0,179,4.0,49138,439.0,61532,575146
2020-12-26,23:00:00,20:59:00,142,Aruba,106986,5287,30.0,49,2.0,5076,45.0,162,4.0,49418,458.0,62284,582170
2020-12-27,23:00:00,20:56:00,142,Aruba,106987,5287,0.0,49,0.0,5076,0.0,162,4.0,49417,458.0,62284,582164
2020-12-28,23:00:00,20:58:00,142,Aruba,106989,5305,18.0,49,0.0,5092,16.0,164,4.0,49585,458.0,63075,589547
2020-12-29,23:00:00,20:54:00,142,Aruba,106990,5373,68.0,49,0.0,5118,26.0,206,4.0,50220,458.0,64722,604935
2020-12-30,23:00:00,20:54:00,142,Aruba,106991,5442,69.0,49,0.0,5132,14.0,261,4.0,50864,458.0,65457,611799
2020-12-31,23:00:00,20:44:00,142,Aruba,106992,5489,47.0,49,0.0,5149,17.0,291,4.0,51303,458.0,66177,618523
2021-01-01,23:00:00,20:54:00,142,Aruba,106994,5509,20.0,49,0.0,5179,30.0,281,4.0,51489,458.0,66705,623446
2021-01-02,23:00:00,20:56:00,142,Aruba,106995,5532,23.0,49,0.0,5209,30.0,274,4.0,51703,458.0,67058,626740
