Scrap_time,Update_time_GMT,Date,Continent_id,Continent,TotalCases,NewCases,TotalDeaths,NewDeaths,TotalRecovered,NewRecovered,ActiveCases,SeriousCritical
2020-08-02 20:00,,2020-08-02,3,Asia,4422098,,98815,,3271998,,1051285,19080
2020-08-08 20:00,,2020-08-08,3,Asia,4952344,530246.0,108049,9234.0,3734818,462820.0,1109477,18725
2020-08-12 20:00,,2020-08-12,3,Asia,5221611,269267.0,112834,4785.0,3965536,230718.0,1143241,18873
2020-08-16 20:00,,2020-08-16,3,Asia,5593009,371398.0,118990,6156.0,4282593,317057.0,1191426,18931
2020-08-17 20:00,,2020-08-17,3,Asia,5723906,130897.0,121347,2357.0,4453388,170795.0,1149171,18845
2020-08-18 20:00,,2020-08-18,3,Asia,5826494,102588.0,123117,1770.0,4547577,94189.0,1155800,18929
2020-08-19 20:00,,2020-08-19,3,Asia,5849583,23089.0,123575,458.0,4564561,16984.0,1161447,18918
2020-08-20 17:53,,2020-08-20,3,Asia,5973153,123570.0,125693,2118.0,4670379,105818.0,1177081,19111
2020-08-23 21:09,,2020-08-23,3,Asia,6296289,323136.0,130228,4535.0,4978725,308346.0,1187336,18992
2020-08-24 17:10,,2020-08-24,3,Asia,6336744,40455.0,130818,590.0,5018266,39541.0,1187660,18994
2020-08-25 23:00,,2020-08-25,3,Asia,6474168,137424.0,133282,2464.0,5159676,141410.0,1181210,18937
2020-08-26 22:59,,2020-08-26,3,Asia,6577413,103245.0,134877,1595.0,5240533,80857.0,1202003,18902
2020-08-27 23:00,,2020-08-27,3,Asia,6680411,102998.0,136532,1655.0,5323647,83114.0,1220232,18867
2020-08-28 23:01,,2020-08-28,3,Asia,6783852,103441.0,138128,1596.0,5411575,87928.0,1234149,18911
2020-08-29 12:29,,2020-08-29,3,Asia,6802622,18770.0,138412,284.0,5421761,10186.0,1242449,18639
2020-08-30 23:00,,2020-08-30,3,Asia,6991385,188763.0,141158,2746.0,5598323,176562.0,1251904,18820
2020-08-31 18:58,,2020-08-31,3,Asia,7039215,47830.0,141826,668.0,5640144,41821.0,1257245,18828
2020-09-01 23:00,,2020-09-01,3,Asia,7187049,147834.0,144061,2235.0,5765264,125120.0,1277724,18797
2020-09-02 23:01,,2020-09-02,3,Asia,7296376,109327.0,145640,1579.0,5854882,89618.0,1295854,18842
2020-09-03 23:01,,2020-09-03,3,Asia,7407501,111125.0,147322,1682.0,5943174,88292.0,1317005,18909
2020-09-04 07:01,,2020-09-04,3,Asia,7410094,2593.0,147343,21.0,5947859,4685.0,1314892,18920
2020-09-05 23:31,,2020-09-05,3,Asia,7639420,229326.0,150487,3144.0,6131826,183967.0,1357107,18971
2020-09-06 18:30,,2020-09-06,3,Asia,7706791,67371.0,151382,895.0,6217893,86067.0,1337516,19013
2020-09-07 23:39,,2020-09-07,3,Asia,7851364,144573.0,153667,2285.0,6343642,125749.0,1354055,19152
2020-09-08 22:10,,2020-09-08,3,Asia,7968893,117529.0,155348,1681.0,6441579,97937.0,1371966,19232
2020-09-09 22:01,,2020-09-09,3,Asia,8094445,125552.0,157119,1771.0,6533286,91707.0,1404040,19195
2020-09-10 22:01,,2020-09-10,3,Asia,8226145,131700.0,159043,1924.0,6631227,97941.0,1435875,19244
2020-09-11 22:00,,2020-09-11,3,Asia,8354612,128467.0,160755,1712.0,6736865,105638.0,1456992,19312
2020-09-12 22:22,,2020-09-12,3,Asia,8479925,125313.0,162516,1761.0,6836482,99617.0,1480927,19313
2020-09-13 22:01,,2020-09-13,3,Asia,8592407,112482.0,164149,1633.0,6945239,108757.0,1483019,19373
2020-09-14 22:04,,2020-09-14,3,Asia,8714495,122088.0,166152,2003.0,7060003,114764.0,1488340,19432
2020-09-15 21:00,,2020-09-15,3,Asia,8833736,119241.0,167992,1840.0,7164125,104122.0,1501619,19537
2020-09-16 21:01,,2020-09-16,3,Asia,8964870,131134.0,169849,1857.0,7269686,105561.0,1525335,19589
2020-09-18 20:01,,2020-09-18,3,Asia,9164370,199500.0,172609,2760.0,7445069,175383.0,1546692,19609
2020-09-19 21:00,,2020-09-19,3,Asia,9318229,153859.0,174826,2217.0,7596055,150986.0,1547348,19645
2020-09-20 22:31,,2020-09-20,3,Asia,9464492,146263.0,177135,2309.0,7761189,165134.0,1526168,19700
2020-09-21 21:01,,2020-09-21,3,Asia,9534132,69640.0,178215,1080.0,7835820,74631.0,1520097,19720
2020-09-22 21:01,,2020-09-22,3,Asia,9680526,146394.0,180533,2318.0,8002673,166853.0,1497320,19841
2020-09-23 19:58,,2020-09-23,3,Asia,9780908,100382.0,181870,1337.0,8091458,88785.0,1507580,19832
2020-09-24 21:00,,2020-09-24,3,Asia,9908780,127872.0,183727,1857.0,8207466,116008.0,1517587,20573
2020-09-25 21:00,,2020-09-25,3,Asia,10030614,121834.0,185485,1758.0,8315849,108383.0,1529280,20703
2020-09-26 21:00,,2020-09-26,3,Asia,10159158,128544.0,187685,2200.0,8451179,135330.0,1520294,20739
2020-09-27 22:45,,2020-09-27,3,Asia,10274332,115174.0,189105,1420.0,8571949,120770.0,1513278,20802
2020-09-28 22:00,,2020-09-28,3,Asia,10387399,113067.0,190858,1753.0,8687817,115868.0,1508724,20711
2020-09-29 21:35,,2020-09-29,3,Asia,10500271,112872.0,192763,1905.0,8801269,113452.0,1506239,20704
2020-09-30 22:00,,2020-09-30,3,Asia,10624928,124657.0,194639,1876.0,8918248,116979.0,1512041,20728
2020-10-01 21:31,,2020-10-01,3,Asia,10726405,101477.0,196006,1367.0,9004672,86424.0,1525727,20768
2020-10-02 22:36,,2020-10-02,3,Asia,10866897,140492.0,198275,2269.0,9135573,130901.0,1533049,20721
2020-10-03 22:24,,2020-10-03,3,Asia,10976177,109280.0,199850,1575.0,9245455,109882.0,1530872,20706
2020-10-04 21:01,,2020-10-04,3,Asia,11036030,59853.0,200770,920.0,9312166,66711.0,1523094,20769
2020-10-05 22:13,,2020-10-05,3,Asia,11179981,143951.0,203115,2345.0,9473441,161275.0,1503425,20734
2020-10-06 23:01,,2020-10-06,3,Asia,11289320,109339.0,204824,1709.0,9588559,115118.0,1495937,20696
2020-10-07 23:01,,2020-10-07,3,Asia,11406312,116992.0,206558,1734.0,9698773,110214.0,1500981,20751
2020-10-08 23:59,,2020-10-08,3,Asia,11515202,108890.0,208390,1832.0,9808616,109843.0,1498196,20809
2020-10-09 23:00,,2020-10-09,3,Asia,11621645,106443.0,209984,1594.0,9917705,109089.0,1493956,20815
2020-10-10 23:00,,2020-10-10,3,Asia,11716798,95153.0,211274,1290.0,10000913,83208.0,1504611,20872
2020-10-12 23:10,,2020-10-12,3,Asia,11919381,202583.0,214647,3373.0,10255507,254594.0,1449227,20945
2020-10-13 23:01,,2020-10-13,3,Asia,12019107,99726.0,216089,1442.0,10360295,104788.0,1442723,21014
2020-10-14 23:01,,2020-10-14,3,Asia,12120734,101627.0,217628,1539.0,10473485,113190.0,1429621,20785
2020-10-15 14:09,11:06:00,2020-10-15,3,Asia,12150954,30220.0,218199,571.0,10499348,25863.0,1433407,20839
2020-10-16 22:08,19:06:00,2020-10-16,3,Asia,12325132,174178.0,220838,2639.0,10681195,181847.0,1423099,20866
2020-10-17 23:01,19:58:00,2020-10-17,3,Asia,12424048,98916.0,222686,1848.0,10782324,101129.0,1419038,20887
2020-10-18 22:05,19:03:00,2020-10-18,3,Asia,12513333,89285.0,224003,1317.0,10887965,105641.0,1401365,20787
2020-10-19 22:05,18:59:00,2020-10-19,3,Asia,12595937,82604.0,225481,1478.0,10990388,102423.0,1380068,20811
2020-10-20 22:05,19:04:00,2020-10-20,3,Asia,12686942,91005.0,226986,1505.0,11085219,94831.0,1374737,20946
2020-10-21 22:05,19:03:00,2020-10-21,3,Asia,12785522,98580.0,228581,1595.0,11196587,111368.0,1360354,20945
2020-10-22 22:05,19:04:00,2020-10-22,3,Asia,12882491,96969.0,230105,1524.0,11302103,105516.0,1350283,21027
2020-10-23 22:05,19:02:00,2020-10-23,3,Asia,12979523,97032.0,231679,1574.0,11400102,97999.0,1347742,21086
2020-10-24 23:41,20:40:00,2020-10-24,3,Asia,13069200,89677.0,233092,1413.0,11491288,91186.0,1344820,21126
2020-10-25 23:00,20:58:00,2020-10-25,3,Asia,13153565,84365.0,234360,1268.0,11593743,102455.0,1325462,21131
2020-10-26 23:00,20:56:00,2020-10-26,3,Asia,13228688,75123.0,235812,1452.0,11691863,98120.0,1301013,21109
2020-10-27 23:00,20:58:00,2020-10-27,3,Asia,13312445,83757.0,237179,1367.0,11782662,90799.0,1292604,21048
2020-10-28 23:00,20:58:00,2020-10-28,3,Asia,13405228,92783.0,238670,1491.0,11875086,92424.0,1291472,21133
2020-10-29 23:00,20:57:00,2020-10-29,3,Asia,13498919,93691.0,240140,1470.0,11965343,90257.0,1293436,21293
2020-10-30 23:00,20:58:00,2020-10-30,3,Asia,13590887,91968.0,241541,1401.0,12058603,93260.0,1290743,21384
2020-10-31 23:00,20:59:00,2020-10-31,3,Asia,13677323,86436.0,242910,1369.0,12148120,89517.0,1286293,21611
2020-11-01 23:00,20:59:00,2020-11-01,3,Asia,13765927,88604.0,244366,1456.0,12255862,107742.0,1265699,21965
2020-11-02 23:00,20:57:00,2020-11-02,3,Asia,13847336,81409.0,245829,1463.0,12346675,90813.0,1254832,22164
2020-11-03 23:00,20:59:00,2020-11-03,3,Asia,13940328,92992.0,247386,1557.0,12431940,85265.0,1261002,22438
2020-11-04 23:00,20:57:00,2020-11-04,3,Asia,14038105,97777.0,249117,1731.0,12529291,97351.0,1259697,22470
2020-11-05 23:00,20:59:00,2020-11-05,3,Asia,14135147,97042.0,250769,1652.0,12618638,89347.0,1265740,22648
2020-11-06 23:00,20:58:00,2020-11-06,3,Asia,14235350,100203.0,252365,1596.0,12706645,88007.0,1276340,22790
2020-11-07 23:00,20:57:00,2020-11-07,3,Asia,14323221,87871.0,253805,1440.0,12780817,74172.0,1288599,22989
2020-11-08 23:00,20:49:00,2020-11-08,3,Asia,14425289,102068.0,255352,1547.0,12880832,100015.0,1289105,23039
2020-11-09 23:00,20:59:00,2020-11-09,3,Asia,14506979,81690.0,256780,1428.0,12958557,77725.0,1291642,23421
2020-11-10 23:00,20:59:00,2020-11-10,3,Asia,14604194,97215.0,258370,1590.0,13043107,84550.0,1302717,23633
2020-11-11 23:00,20:56:00,2020-11-11,3,Asia,14706785,102591.0,260035,1665.0,13129349,86242.0,1317401,23759
2020-11-12 23:00,20:59:00,2020-11-12,3,Asia,14804265,97480.0,261646,1611.0,13211314,81965.0,1331305,24016
2020-11-13 23:00,20:58:00,2020-11-13,3,Asia,14904310,100045.0,263277,1631.0,13295511,84197.0,1345522,24251
2020-11-14 23:00,20:57:00,2020-11-14,3,Asia,14998944,94634.0,264786,1509.0,13371457,75946.0,1362701,24454
2020-11-15 23:00,20:53:00,2020-11-15,3,Asia,15079202,80258.0,266225,1439.0,13461269,89812.0,1351708,24545
2020-11-16 23:00,20:59:00,2020-11-16,3,Asia,15161166,81964.0,267711,1486.0,13537326,76057.0,1356129,24785
2020-11-17 23:00,20:58:00,2020-11-17,3,Asia,15254850,93684.0,269308,1597.0,13700564,163238.0,1284978,24955
2020-11-18 23:00,20:57:00,2020-11-18,3,Asia,15360116,105266.0,271087,1779.0,13789741,89177.0,1299288,25145
2020-11-19 23:00,20:59:00,2020-11-19,3,Asia,15461948,101832.0,272781,1694.0,13880397,90656.0,1308770,25233
2020-11-20 23:00,20:59:00,2020-11-20,3,Asia,15575100,113152.0,274535,1754.0,13977561,97164.0,1323004,25395
2020-11-21 23:00,20:58:00,2020-11-21,3,Asia,15679126,104026.0,276436,1901.0,14066178,88617.0,1336512,25640
2020-11-22 23:00,20:59:00,2020-11-22,3,Asia,15784399,105273.0,278164,1728.0,14168694,102516.0,1337541,25783
2020-11-23 23:00,20:58:00,2020-11-23,3,Asia,15879953,95554.0,279798,1634.0,14253224,84530.0,1346931,26024
2020-11-24 23:00,20:57:00,2020-11-24,3,Asia,15989184,109231.0,281513,1715.0,14340075,86851.0,1367596,26199
2020-11-25 23:00,20:58:00,2020-11-25,3,Asia,16096142,106958.0,283296,1783.0,14427475,87400.0,1385371,26464
2020-11-26 23:00,20:47:00,2020-11-26,3,Asia,16234682,138540.0,285089,1793.0,14511537,84062.0,1438056,26649
2020-11-27 23:00,20:59:00,2020-11-27,3,Asia,16380770,146088.0,286737,1648.0,14596961,85424.0,1497072,26959
2020-11-28 23:00,20:46:00,2020-11-28,3,Asia,16508393,127623.0,288438,1701.0,14685246,88285.0,1534709,27059
2020-11-29 23:00,20:51:00,2020-11-29,3,Asia,16634977,126584.0,290133,1695.0,14791641,106395.0,1553203,27163
2020-11-30 23:00,20:57:00,2020-11-30,3,Asia,16752040,117063.0,291746,1613.0,14891476,99835.0,1568818,27151
2020-12-01 23:00,20:55:00,2020-12-01,3,Asia,16871534,119494.0,293404,1658.0,14984431,92955.0,1593699,27311
2020-12-02 23:00,20:58:00,2020-12-02,3,Asia,16997215,125681.0,295116,1712.0,15075263,90832.0,1626836,27590
2020-12-03 23:00,20:59:00,2020-12-03,3,Asia,17125854,128639.0,296752,1636.0,15167284,92021.0,1661818,27935
2020-12-04 23:00,20:57:00,2020-12-04,3,Asia,17259511,133657.0,298508,1756.0,15266566,99282.0,1694437,27966
2020-12-05 23:00,20:58:00,2020-12-05,3,Asia,17376023,116512.0,299977,1469.0,15350693,84127.0,1725353,28107
2020-12-06 23:00,20:51:00,2020-12-06,3,Asia,17501104,125081.0,301602,1625.0,15460500,109807.0,1739002,28094
2020-12-07 23:00,20:57:00,2020-12-07,3,Asia,17613550,112446.0,303100,1498.0,15554748,94248.0,1755702,28202
2020-12-08 23:00,20:59:00,2020-12-08,3,Asia,17732129,118579.0,304748,1648.0,15661050,106302.0,1766331,28180
2020-12-09 23:00,20:59:00,2020-12-09,3,Asia,17843374,111245.0,306212,1464.0,15747118,86068.0,1790044,28166
2020-12-10 23:00,20:59:00,2020-12-10,3,Asia,18755653,912279.0,307869,1657.0,16552010,804892.0,1895774,28243
2020-12-11 23:00,20:59:00,2020-12-11,3,Asia,18870709,115056.0,309323,1454.0,16635547,83537.0,1925839,28187
2020-12-12 23:00,20:58:00,2020-12-12,3,Asia,18978296,107587.0,310757,1434.0,17145664,510117.0,1521875,28090
2020-12-13 23:00,20:59:00,2020-12-13,3,Asia,19083989,105693.0,312220,1463.0,17265693,120029.0,1506076,27408
2020-12-14 23:35,21:34:00,2020-12-14,3,Asia,19179006,95017.0,313631,1411.0,17376458,110765.0,1488917,27426
2020-12-15 23:00,20:59:00,2020-12-15,3,Asia,19285325,106319.0,315165,1534.0,17489175,112717.0,1480985,27462
2020-12-16 23:00,20:58:00,2020-12-16,3,Asia,19388890,103565.0,316565,1400.0,17593324,104149.0,1479001,27528
2020-12-17 23:00,20:56:00,2020-12-17,3,Asia,19489919,101029.0,318125,1560.0,17720068,126744.0,1451726,27312
2020-12-18 23:00,20:57:00,2020-12-18,3,Asia,19594323,104404.0,319479,1354.0,17828813,108745.0,1446031,27214
2020-12-19 23:59,22:11:00,2020-12-19,3,Asia,19691206,96883.0,320906,1427.0,17936486,107673.0,1433814,27021
2020-12-20 23:00,20:54:00,2020-12-20,3,Asia,19779754,88548.0,322398,1492.0,18041873,105387.0,1415483,26703
2020-12-21 23:00,20:59:00,2020-12-21,3,Asia,19860456,80702.0,323761,1363.0,18152478,110605.0,1384217,26534
2020-12-22 23:00,20:59:00,2020-12-22,3,Asia,19947846,87390.0,325215,1454.0,18260907,108429.0,1361724,26336
2020-12-23 23:00,20:58:00,2020-12-23,3,Asia,20037668,89822.0,326633,1418.0,18377205,116298.0,1333830,26162
2020-12-24 23:00,20:55:00,2020-12-24,3,Asia,20122125,84457.0,328018,1385.0,18483203,105998.0,1310904,25988
2020-12-25 23:00,20:59:00,2020-12-25,3,Asia,20213463,91338.0,329406,1388.0,18592876,109673.0,1291181,25874
2020-12-26 23:00,20:59:00,2020-12-26,3,Asia,20288377,74914.0,330633,1227.0,18683954,91078.0,1273790,25623
2020-12-27 23:00,20:56:00,2020-12-27,3,Asia,20361798,73421.0,332002,1369.0,18785878,101924.0,1243918,25285
2020-12-28 23:00,20:58:00,2020-12-28,3,Asia,20431205,69407.0,333240,1238.0,18876993,91115.0,1220972,25165
2020-12-29 23:00,20:54:00,2020-12-29,3,Asia,20511347,80142.0,334630,1390.0,18971384,94391.0,1205333,25133
2020-12-30 23:00,20:54:00,2020-12-30,3,Asia,20596491,85144.0,336105,1475.0,19068370,96986.0,1192016,24976
2020-12-31 23:00,20:44:00,2020-12-31,3,Asia,20677864,81373.0,337279,1174.0,19160376,92006.0,1180209,24816
2021-01-01 23:00,20:54:00,2021-01-01,3,Asia,20755995,78131.0,338412,1133.0,19244446,84070.0,1173137,24780
2021-01-02 23:00,20:56:00,2021-01-02,3,Asia,20830178,74183.0,339651,1239.0,19329876,85430.0,1160651,24739
2021-01-03 23:00,20:59:00,2021-01-03,3,Asia,20895990,65812.0,340688,1037.0,19412642,82766.0,1142660,24102
2021-01-04 23:00,20:57:00,2021-01-04,3,Asia,20968420,72430.0,341704,1016.0,19492984,80342.0,1133732,24424
2021-01-05 23:00,20:51:00,2021-01-05,3,Asia,21054604,86184.0,342979,1275.0,19568402,75418.0,1143223,24357
2021-01-06 23:00,20:59:00,2021-01-06,3,Asia,21140512,85908.0,344044,1065.0,19647832,79430.0,1148636,24355
2021-01-07 23:00,20:59:00,2021-01-07,3,Asia,21226298,85786.0,345176,1132.0,19723306,75474.0,1157816,24199
2021-01-08 23:00,20:59:00,2021-01-08,3,Asia,21314295,87997.0,346336,1160.0,19802709,79403.0,1165250,24224
2021-01-09 23:00,20:55:00,2021-01-09,3,Asia,21399448,85153.0,347479,1143.0,19873497,70788.0,1178472,24006
2021-01-10 23:32,21:29:00,2021-01-10,3,Asia,21480389,80941.0,348455,976.0,19954035,80538.0,1177899,23983
2021-01-11 23:40,21:37:00,2021-01-11,3,Asia,21554768,74379.0,349433,978.0,20024218,70183.0,1181117,23976
2021-01-12 23:52,21:48:00,2021-01-12,3,Asia,21637541,82773.0,350779,1346.0,20095296,71078.0,1191466,24507
2021-01-13 23:58,21:57:00,2021-01-13,3,Asia,21715215,77674.0,352091,1312.0,20162533,67237.0,1200591,24507
2021-01-14 23:55,21:54:00,2021-01-14,3,Asia,21807527,92312.0,353291,1200.0,20243754,81221.0,1210482,24448
2021-01-15 19:50,00:00:00,2021-01-15,3,Asia,21892437,84910.0,354538,1247.0,20317143,73389.0,1220756,24167
2021-01-16 23:55,21:54:00,2021-01-16,3,Asia,21977048,84611.0,355653,1115.0,20389110,71967.0,1232285,24287
2021-01-17 23:55,21:54:00,2021-01-17,3,Asia,22051081,74033.0,356603,950.0,20464908,75798.0,1229570,25965
2021-01-18 23:55,21:42:00,2021-01-18,3,Asia,22120203,69122.0,357699,1096.0,20543031,78123.0,1219473,24230
2021-01-19 08:37:00,00:00:00,2021-01-19,3,Asia,22196006,75803.0,358886,1187.0,20613600,70569.0,1223520,24111
2021-01-20 09:12:00,00:00:00,2021-01-20,3,Asia,22277157,81151.0,360136,1250.0,20695444,81844.0,1221577,24225
2021-01-21 23:55,21:54:00,2021-01-21,3,Asia,22352876,75719.0,361375,1239.0,20773510,78066.0,1217991,24145
2021-01-22 21:22:10,00:00:00,2021-01-21,3,Asia,22353840,964.0,361393,18.0,20775003,1493.0,1217444,24143
2021-01-22 21:22:34,19:21:00,2021-01-22,3,Asia,22428777,74937.0,362414,1021.0,20848507,73504.0,1217856,24108
