Date,Scrap_time,Update_time_GMT,Country_id,Country,Population,TotalCases,NewCases,TotalDeaths,NewDeaths,TotalRecovered,NewRecovered,ActiveCases,SeriousCritical,Tot_Cases_1Mpop,Deaths_1Mpop,TotalTests,Tests_1Mpop
2020-08-02,20:00:00,,50,Bahrain,1705856,41190,,147,,38211,,2832,43,24146,86.0,835211,489614
2020-08-08,20:00:00,,50,Bahrain,1706831,43307,2117.0,159,12.0,40276,2065.0,2872,40,25373,93.0,886095,519146
2020-08-12,20:00:00,,50,Bahrain,1707481,44804,1497.0,165,6.0,41504,1228.0,3135,38,26240,97.0,923342,540763
2020-08-16,20:00:00,,50,Bahrain,1708132,46430,1626.0,170,5.0,42806,1302.0,3454,35,27182,100.0,962334,563384
2020-08-17,20:00:00,,50,Bahrain,1708294,46835,405.0,173,3.0,43128,322.0,3534,39,27416,101.0,972003,568990
2020-08-18,20:00:00,,50,Bahrain,1708457,47185,350.0,175,2.0,43529,401.0,3481,41,27618,102.0,981208,574324
2020-08-19,20:00:00,,50,Bahrain,1708619,47581,396.0,175,0.0,43921,392.0,3485,45,27848,102.0,991140,580083
2020-08-20,17:53:00,,50,Bahrain,1708782,47950,369.0,179,4.0,44278,357.0,3493,38,28061,105.0,1000787,585673
2020-08-23,21:09:00,,50,Bahrain,1709269,49038,1088.0,184,5.0,45589,1311.0,3265,33,28689,108.0,1029969,602579
2020-08-24,17:10:00,,50,Bahrain,1709432,49330,292.0,184,0.0,45981,392.0,3165,34,28858,108.0,1039571,608138
2020-08-25,23:00:00,,50,Bahrain,1709594,49719,389.0,186,2.0,46311,330.0,3222,33,29082,109.0,1048935,613558
2020-08-26,22:59:00,,50,Bahrain,1709757,50076,357.0,186,0.0,46673,362.0,3217,32,29288,109.0,1058509,619099
2020-08-27,23:00:00,,50,Bahrain,1709919,50393,317.0,187,1.0,47049,376.0,3157,30,29471,109.0,1067907,624537
2020-08-28,23:01:00,,50,Bahrain,1710082,50756,363.0,189,2.0,47370,321.0,3197,32,29680,111.0,1078767,630828
2020-08-29,12:29:00,,50,Bahrain,1710244,51113,357.0,189,0.0,47760,390.0,3164,30,29886,111.0,1088418,636411
2020-08-30,23:00:00,,50,Bahrain,1710407,51391,278.0,189,0.0,48275,515.0,2927,32,30046,111.0,1095373,640417
2020-08-31,18:58:00,,50,Bahrain,1710569,51574,183.0,190,1.0,48654,379.0,2730,33,30150,111.0,1100729,643487
2020-09-01,23:00:00,,50,Bahrain,1710732,51972,398.0,190,0.0,49047,393.0,2735,36,30380,111.0,1108088,647727
2020-09-02,23:01:00,,50,Bahrain,1710894,52440,468.0,190,0.0,49395,348.0,2855,37,30651,111.0,1118837,653949
2020-09-03,23:01:00,,50,Bahrain,1711057,52807,367.0,190,0.0,49645,250.0,2972,34,30862,111.0,1128829,659726
2020-09-04,07:01:00,,50,Bahrain,1711219,53433,626.0,190,0.0,50013,368.0,3230,39,31225,111.0,1140563,666521
2020-09-05,23:31:00,,50,Bahrain,1711382,54095,662.0,196,6.0,50323,310.0,3576,32,31609,115.0,1152274,673300
2020-09-06,18:30:00,,50,Bahrain,1711544,54771,676.0,199,3.0,50645,322.0,3927,28,32001,116.0,1162349,679123
2020-09-07,23:39:00,,50,Bahrain,1711707,55415,644.0,200,1.0,50946,301.0,4269,31,32374,117.0,1172808,685169
2020-09-08,22:10:00,,50,Bahrain,1711870,56076,661.0,202,2.0,51240,294.0,4634,31,32757,118.0,1183388,691284
2020-09-09,22:01:00,,50,Bahrain,1712032,56778,702.0,203,1.0,51574,334.0,5001,30,33164,119.0,1194923,697956
2020-09-10,22:01:00,,50,Bahrain,1712195,57450,672.0,206,3.0,51819,245.0,5425,27,33553,120.0,1207260,705095
2020-09-11,22:00:00,,50,Bahrain,1712357,58207,757.0,208,2.0,52284,465.0,5715,27,33992,121.0,1207260,705028
2020-09-12,22:22:00,,50,Bahrain,1712520,58839,632.0,210,2.0,52776,492.0,5853,27,34358,123.0,1230227,718372
2020-09-13,22:01:00,,50,Bahrain,1712682,59586,747.0,211,1.0,53192,416.0,6183,26,34791,123.0,1240204,724130
2020-09-14,22:04:00,,50,Bahrain,1712845,60307,721.0,212,1.0,53681,489.0,6414,29,35209,124.0,1252898,731472
2020-09-15,21:00:00,,50,Bahrain,1713007,60965,658.0,213,1.0,54204,523.0,6548,30,35589,124.0,1264235,738021
2020-09-16,21:01:00,,50,Bahrain,1713170,61643,678.0,216,3.0,54831,627.0,6596,32,35982,126.0,1276075,744862
2020-09-18,20:01:00,,50,Bahrain,1713495,63189,1546.0,218,2.0,56087,1256.0,6884,39,36877,127.0,1301170,759366
2020-09-19,21:00:00,,50,Bahrain,1713657,63879,690.0,221,3.0,56700,613.0,6958,42,37276,129.0,1313471,766473
2020-09-20,22:31:00,,50,Bahrain,1713820,64499,620.0,221,0.0,57299,599.0,6979,46,37635,129.0,1324002,772544
2020-09-21,21:01:00,,50,Bahrain,1713982,65039,540.0,223,2.0,57950,651.0,6866,51,37946,130.0,1333275,777882
2020-09-22,21:01:00,,50,Bahrain,1714145,65752,713.0,227,4.0,58626,676.0,6899,49,38358,132.0,1344713,784480
2020-09-23,19:58:00,,50,Bahrain,1714307,66402,650.0,231,4.0,59367,741.0,6804,46,38734,135.0,1355399,790640
2020-09-24,21:00:00,,50,Bahrain,1714470,67014,612.0,231,0.0,60117,750.0,6666,54,39087,135.0,1366396,796979
2020-09-25,21:00:00,,50,Bahrain,1714632,67701,687.0,234,3.0,60853,736.0,6614,56,39484,136.0,1378104,803732
2020-09-26,21:00:00,,50,Bahrain,1714795,68190,489.0,239,5.0,61475,622.0,6476,55,39766,139.0,1388323,809615
2020-09-27,22:45:00,,50,Bahrain,1714957,68775,585.0,242,3.0,62252,777.0,6281,58,40103,141.0,1398454,815446
2020-09-28,22:00:00,,50,Bahrain,1715120,69361,586.0,243,1.0,62887,635.0,6231,60,40441,142.0,1407572,820684
2020-09-29,21:35:00,,50,Bahrain,1715283,69848,487.0,246,3.0,63549,662.0,6053,60,40721,143.0,1418129,826761
2020-09-30,22:00:00,,50,Bahrain,1715445,70422,574.0,248,2.0,64267,718.0,5907,57,41052,145.0,1429432,833272
2020-10-01,21:31:00,,50,Bahrain,1715608,70864,442.0,253,5.0,64838,571.0,5773,60,41305,147.0,1439332,838963
2020-10-02,22:36:00,,50,Bahrain,1715770,71374,510.0,255,2.0,65550,712.0,5569,60,41599,149.0,1450153,845191
2020-10-03,22:24:00,,50,Bahrain,1715933,71803,429.0,257,2.0,66184,634.0,5362,57,41845,150.0,1458920,850220
2020-10-04,21:01:00,,50,Bahrain,1716095,72310,507.0,259,2.0,66813,629.0,5238,55,42136,151.0,1468655,855812
2020-10-05,22:13:00,,50,Bahrain,1716258,72662,352.0,261,2.0,67475,662.0,4926,63,42337,152.0,1478163,861271
2020-10-06,23:01:00,,50,Bahrain,1716420,73116,454.0,262,1.0,67933,458.0,4921,60,42598,153.0,1488703,867330
2020-10-07,23:01:00,,50,Bahrain,1716583,73476,360.0,262,0.0,68606,673.0,4608,71,42804,153.0,1498843,873155
2020-10-08,23:59:00,,50,Bahrain,1716745,73932,456.0,264,2.0,69411,805.0,4257,68,43065,154.0,1509071,879030
2020-10-09,23:00:00,,50,Bahrain,1716908,74422,490.0,266,2.0,69854,443.0,4302,64,43347,155.0,1519596,885077
2020-10-10,23:00:00,,50,Bahrain,1717070,74860,438.0,272,6.0,70406,552.0,4182,61,43598,158.0,1530133,891130
2020-10-12,23:10:00,,50,Bahrain,1717395,75614,754.0,278,6.0,71249,843.0,4087,57,44028,162.0,1548011,901372
2020-10-13,23:01:00,,50,Bahrain,1717558,75948,334.0,284,6.0,71687,438.0,3977,57,44219,165.0,1557638,906891
2020-10-14,23:01:00,,50,Bahrain,1717720,76272,324.0,287,3.0,72164,477.0,3821,51,44403,167.0,1568037,912859
2020-10-15,14:09:00,11:06:00,50,Bahrain,1717883,76621,349.0,287,0.0,72561,397.0,3773,52,44602,167.0,1577500,918281
2020-10-16,22:08:00,19:06:00,50,Bahrain,1718045,76954,333.0,289,2.0,73013,452.0,3652,47,44792,168.0,1588422,924552
2020-10-17,23:01:00,19:58:00,50,Bahrain,1718208,77325,371.0,293,4.0,73421,408.0,3611,41,45003,171.0,1599549,930940
2020-10-18,22:05:00,19:03:00,50,Bahrain,1718370,77571,246.0,298,5.0,73841,420.0,3432,43,45142,173.0,1607692,935591
2020-10-19,22:05:00,18:59:00,50,Bahrain,1718533,77902,331.0,301,3.0,74320,479.0,3281,39,45331,175.0,1617632,941287
2020-10-20,22:05:00,19:04:00,50,Bahrain,1718696,78224,322.0,304,3.0,74683,363.0,3237,33,45514,177.0,1628076,947274
2020-10-21,22:05:00,19:03:00,50,Bahrain,1718858,78533,309.0,307,3.0,75089,406.0,3137,30,45689,179.0,1638436,953212
2020-10-22,22:05:00,19:04:00,50,Bahrain,1719021,78907,374.0,308,1.0,75424,335.0,3175,31,45902,179.0,1648827,959166
2020-10-23,22:05:00,19:02:00,50,Bahrain,1719183,79211,304.0,310,2.0,75840,416.0,3061,27,46075,180.0,1659781,965448
2020-10-24,23:41:00,20:40:00,50,Bahrain,1719346,79574,363.0,312,2.0,76143,303.0,3119,28,46282,181.0,1670411,971539
2020-10-25,23:00:00,20:58:00,50,Bahrain,1719508,79975,401.0,312,0.0,76474,331.0,3189,29,46510,181.0,1678847,976353
2020-10-26,23:00:00,20:56:00,50,Bahrain,1719671,80255,280.0,315,3.0,76776,302.0,3164,26,46669,183.0,1688454,981847
2020-10-27,23:00:00,20:58:00,50,Bahrain,1719833,80533,278.0,316,1.0,77132,356.0,3085,24,46826,184.0,1698489,987589
2020-10-28,23:00:00,20:58:00,50,Bahrain,1719996,80765,232.0,316,0.0,77421,289.0,3028,24,46957,184.0,1709902,994131
2020-10-29,23:00:00,20:57:00,50,Bahrain,1720158,81022,257.0,317,1.0,77697,276.0,3008,20,47101,184.0,1721676,1000882
2020-10-30,23:00:00,20:58:00,50,Bahrain,1720321,81262,240.0,319,2.0,78102,405.0,2841,18,47237,185.0,1732371,1007005
2020-10-31,23:00:00,20:59:00,50,Bahrain,1720483,81466,204.0,320,1.0,78365,263.0,2781,19,47351,186.0,1741755,1012364
2020-11-01,23:00:00,20:59:00,50,Bahrain,1720646,81645,179.0,321,1.0,78719,354.0,2605,21,47450,187.0,1749872,1016985
2020-11-02,23:00:00,20:57:00,50,Bahrain,1720808,81923,278.0,322,1.0,78997,278.0,2604,23,47607,187.0,1759316,1022378
2020-11-03,23:00:00,20:59:00,50,Bahrain,1720971,82133,210.0,323,1.0,79318,321.0,2492,21,47725,188.0,1770015,1028498
2020-11-04,23:00:00,20:57:00,50,Bahrain,1721133,82624,491.0,327,4.0,79929,611.0,2368,18,48006,190.0,1791603,1040944
2020-11-05,23:00:00,20:59:00,50,Bahrain,1721296,82624,0.0,328,1.0,79929,0.0,2367,18,48001,191.0,1791603,1040845
2020-11-06,23:00:00,20:58:00,50,Bahrain,1721458,82786,162.0,328,0.0,80174,245.0,2284,19,48091,191.0,1803190,1047478
2020-11-07,23:00:00,20:57:00,50,Bahrain,1721621,83023,237.0,329,1.0,80526,352.0,2168,20,48224,191.0,1814090,1053710
2020-11-08,23:00:00,20:49:00,50,Bahrain,1721783,83264,241.0,329,0.0,80763,237.0,2172,24,48359,191.0,1823595,1059132
2020-11-09,23:00:00,20:59:00,50,Bahrain,1721946,83456,192.0,329,0.0,81000,237.0,2127,26,48466,191.0,1833427,1064741
2020-11-10,23:00:00,20:59:00,50,Bahrain,1722108,83632,176.0,330,1.0,81225,225.0,2077,24,48564,192.0,1843726,1070622
2020-11-11,23:00:00,20:56:00,50,Bahrain,1722271,83811,179.0,332,2.0,81415,190.0,2064,24,48663,193.0,1854081,1076533
2020-11-12,23:00:00,20:59:00,50,Bahrain,1722434,84042,231.0,332,0.0,81658,243.0,2052,27,48793,193.0,1865380,1082991
2020-11-13,23:00:00,20:58:00,50,Bahrain,1722596,84192,150.0,332,0.0,81846,188.0,2014,29,48875,193.0,1877181,1089740
2020-11-14,23:00:00,20:57:00,50,Bahrain,1722759,84349,157.0,332,0.0,82038,192.0,1979,26,48962,193.0,1885616,1094533
2020-11-15,23:00:00,20:53:00,50,Bahrain,1722921,84523,174.0,333,1.0,82300,262.0,1890,22,49058,193.0,1894421,1099540
2020-11-16,23:00:00,20:59:00,50,Bahrain,1723084,84703,180.0,335,2.0,82469,169.0,1899,21,49158,194.0,1903910,1104943
2020-11-17,23:00:00,20:58:00,50,Bahrain,1723246,84882,179.0,337,2.0,82680,211.0,1865,20,49257,196.0,1914445,1110953
2020-11-18,23:00:00,20:57:00,50,Bahrain,1723409,85008,126.0,337,0.0,82900,220.0,1771,16,49325,196.0,1924122,1116463
2020-11-19,23:00:00,20:59:00,50,Bahrain,1723571,85182,174.0,337,0.0,83087,187.0,1758,14,49422,196.0,1933816,1121982
2020-11-20,23:00:00,20:59:00,50,Bahrain,1723734,85317,135.0,337,0.0,83244,157.0,1736,15,49495,196.0,1945049,1128393
2020-11-21,23:00:00,20:58:00,50,Bahrain,1723896,85467,150.0,338,1.0,83416,172.0,1713,15,49578,196.0,1954535,1133789
2020-11-22,23:00:00,20:59:00,50,Bahrain,1724059,85591,124.0,338,0.0,83617,201.0,1636,15,49645,196.0,1962910,1138540
2020-11-23,23:00:00,20:58:00,50,Bahrain,1724221,85705,114.0,339,1.0,83829,212.0,1537,16,49707,197.0,1972822,1144182
2020-11-24,23:00:00,20:57:00,50,Bahrain,1724384,85886,181.0,339,0.0,84017,188.0,1530,15,49807,197.0,1983248,1150120
2020-11-25,23:00:00,20:58:00,50,Bahrain,1724546,86016,130.0,340,1.0,84166,149.0,1510,10,49877,197.0,1993184,1155773
2020-11-26,23:00:00,20:47:00,50,Bahrain,1724709,86185,169.0,341,1.0,84335,169.0,1509,12,49971,198.0,2003210,1161477
2020-11-27,23:00:00,20:59:00,50,Bahrain,1724871,86347,162.0,341,0.0,84510,175.0,1496,12,50060,198.0,2015598,1168550
2020-11-28,23:00:00,20:46:00,50,Bahrain,1725034,86515,168.0,341,0.0,84653,143.0,1521,14,50153,198.0,2025774,1174339
2020-11-29,23:00:00,20:51:00,50,Bahrain,1725196,86645,130.0,341,0.0,84785,132.0,1519,14,50223,198.0,2033895,1178936
2020-11-30,23:00:00,20:57:00,50,Bahrain,1725359,86787,142.0,341,0.0,84977,192.0,1469,15,50301,198.0,2043740,1184530
2020-12-01,23:00:00,20:55:00,50,Bahrain,1725521,86956,169.0,341,0.0,85141,164.0,1474,14,50394,198.0,2053974,1190350
2020-12-02,23:00:00,20:58:00,50,Bahrain,1725684,87137,181.0,341,0.0,85357,216.0,1439,13,50494,198.0,2064477,1196324
2020-12-03,23:00:00,20:59:00,50,Bahrain,1725847,87270,133.0,341,0.0,85463,106.0,1466,12,50566,198.0,2075343,1202507
2020-12-04,23:00:00,20:57:00,50,Bahrain,1726009,87432,162.0,341,0.0,85598,135.0,1493,12,50656,198.0,2088613,1210082
2020-12-05,23:00:00,20:58:00,50,Bahrain,1726172,87600,168.0,341,0.0,85710,112.0,1549,12,50748,198.0,2099301,1216160
2020-12-06,23:00:00,20:51:00,50,Bahrain,1726334,87732,132.0,341,0.0,85876,166.0,1515,10,50820,198.0,2108301,1221259
2020-12-07,23:00:00,20:57:00,50,Bahrain,1726497,87930,198.0,341,0.0,86030,154.0,1559,10,50930,198.0,2119355,1227546
2020-12-08,23:00:00,20:59:00,50,Bahrain,1726659,88111,181.0,341,0.0,86215,185.0,1555,11,51030,197.0,2129571,1233348
2020-12-09,23:00:00,20:59:00,50,Bahrain,1726822,88294,183.0,345,4.0,86348,133.0,1601,10,51131,200.0,2139302,1238867
2020-12-10,23:00:00,20:59:00,50,Bahrain,1726984,88495,201.0,347,2.0,86518,170.0,1630,6,51243,201.0,2149366,1244578
2020-12-11,23:00:00,20:59:00,50,Bahrain,1727147,88632,137.0,347,0.0,86684,166.0,1601,6,51317,201.0,2160368,1250830
2020-12-12,23:00:00,20:58:00,50,Bahrain,1727309,88965,333.0,348,1.0,87025,341.0,1592,6,51505,201.0,2180017,1262089
2020-12-13,23:00:00,20:59:00,50,Bahrain,1727472,89143,178.0,348,0.0,87182,157.0,1613,7,51603,201.0,2191887,1268841
2020-12-14,23:35:00,21:34:00,50,Bahrain,1727634,89268,125.0,348,0.0,87332,150.0,1588,8,51671,201.0,2202876,1275083
2020-12-15,23:00:00,20:59:00,50,Bahrain,1727797,89268,0.0,348,0.0,87332,0.0,1588,8,51666,201.0,2202876,1274962
2020-12-16,23:00:00,20:58:00,50,Bahrain,1727959,89444,176.0,349,1.0,87490,158.0,1605,9,51763,202.0,2214897,1281800
2020-12-17,23:00:00,20:56:00,50,Bahrain,1728122,89600,156.0,349,0.0,87690,200.0,1561,10,51848,202.0,2224692,1287347
2020-12-18,23:00:00,20:57:00,50,Bahrain,1728284,89743,143.0,349,0.0,87846,156.0,1548,11,51926,202.0,2234549,1292929
2020-12-19,23:59:00,22:11:00,50,Bahrain,1728447,90062,319.0,349,0.0,88178,332.0,1535,9,52106,202.0,2252164,1302999
2020-12-20,23:00:00,20:54:00,50,Bahrain,1728609,90062,0.0,349,0.0,88178,0.0,1535,9,52101,202.0,2252164,1302876
2020-12-21,23:00:00,20:59:00,50,Bahrain,1728772,90282,220.0,349,0.0,88331,153.0,1602,12,52223,202.0,2262042,1308468
2020-12-22,23:00:00,20:59:00,50,Bahrain,1728934,90450,168.0,350,1.0,88542,211.0,1558,13,52315,202.0,2272640,1314475
2020-12-23,23:00:00,20:58:00,50,Bahrain,1729097,90634,184.0,350,0.0,88666,124.0,1618,15,52417,202.0,2282216,1319889
2020-12-24,23:00:00,20:55:00,50,Bahrain,1729260,90817,183.0,350,0.0,88826,160.0,1641,18,52518,202.0,2291410,1325081
2020-12-25,23:00:00,20:59:00,50,Bahrain,1729422,91070,253.0,350,0.0,88963,137.0,1757,13,52659,202.0,2300729,1330346
2020-12-26,23:00:00,20:59:00,50,Bahrain,1729585,91304,234.0,351,1.0,89152,189.0,1801,13,52790,203.0,2309696,1335405
2020-12-27,23:00:00,20:56:00,50,Bahrain,1729747,91518,214.0,351,0.0,89326,174.0,1841,12,52908,203.0,2317781,1339954
2020-12-28,23:00:00,20:58:00,50,Bahrain,1729910,91733,215.0,351,0.0,89456,130.0,1926,11,53028,203.0,2326844,1345067
2020-12-29,23:00:00,20:54:00,50,Bahrain,1730072,91935,202.0,351,0.0,89643,187.0,1941,11,53139,203.0,2335470,1349926
2020-12-30,23:00:00,20:54:00,50,Bahrain,1730235,92169,234.0,351,0.0,89804,161.0,2014,10,53270,203.0,2345325,1355495
2020-12-31,23:00:00,20:44:00,50,Bahrain,1730397,92425,256.0,352,1.0,90026,222.0,2047,10,53413,203.0,2355313,1361140
2021-01-01,23:00:00,20:54:00,50,Bahrain,1730560,92675,250.0,352,0.0,90217,191.0,2106,10,53552,203.0,2366275,1367346
2021-01-02,23:00:00,20:56:00,50,Bahrain,1730722,92913,238.0,352,0.0,90369,152.0,2192,10,53685,203.0,2374156,1371772
