Date,Scrap_time,Update_time_GMT,Country_id,Country,Population,TotalCases,NewCases,TotalDeaths,NewDeaths,TotalRecovered,NewRecovered,ActiveCases,SeriousCritical,Tot_Cases_1Mpop,Deaths_1Mpop,TotalTests,Tests_1Mpop
2020-08-02,20:00:00,,39,Belarus,9449043,68067,,567,,62896,,4604,,7204,60.0,1319976,139694
2020-08-08,20:00:00,,39,Belarus,9448992,68738,671.0,585,18.0,64744,1848.0,3409,,7275,62.0,1363011,144249
2020-08-12,20:00:00,,39,Belarus,9448959,69005,267.0,592,7.0,65219,475.0,3194,,7303,63.0,1377540,145787
2020-08-16,20:00:00,,39,Belarus,9448925,69424,419.0,607,15.0,66747,1528.0,2070,,7347,64.0,1412589,149497
2020-08-17,20:00:00,,39,Belarus,9448916,69589,165.0,613,6.0,67149,402.0,1827,,7365,65.0,1422158,150510
2020-08-18,20:00:00,,39,Belarus,9448908,69673,84.0,617,4.0,67339,190.0,1717,,7374,65.0,1429532,151291
2020-08-19,20:00:00,,39,Belarus,9448899,69673,0.0,617,0.0,67339,0.0,1717,,7374,65.0,1429532,151291
2020-08-20,17:53:00,,39,Belarus,9448891,69801,128.0,622,5.0,67647,308.0,1532,,7387,66.0,1437110,152093
2020-08-23,21:09:00,,39,Belarus,9448866,70468,667.0,642,20.0,68839,1192.0,987,,7458,68.0,1474075,156005
2020-08-24,17:10:00,,39,Belarus,9448857,70645,177.0,646,4.0,68925,86.0,1074,,7477,68.0,1477939,156415
2020-08-25,23:00:00,,39,Belarus,9448849,70727,82.0,652,6.0,69097,172.0,978,,7485,69.0,1480047,156638
2020-08-26,22:59:00,,39,Belarus,9448840,70974,247.0,657,5.0,69378,281.0,939,,7511,70.0,1487902,157469
2020-08-27,23:00:00,,39,Belarus,9448832,71165,191.0,662,5.0,69650,272.0,853,,7532,70.0,1497421,158477
2020-08-28,23:01:00,,39,Belarus,9448823,71346,181.0,667,5.0,69887,237.0,792,,7551,71.0,1504964,159275
2020-08-29,12:29:00,,39,Belarus,9448815,71346,0.0,667,0.0,69887,0.0,792,,7551,71.0,1504964,159275
2020-08-30,23:00:00,,39,Belarus,9448806,71687,341.0,676,9.0,70452,565.0,559,,7587,72.0,1527049,161613
2020-08-31,18:58:00,,39,Belarus,9448798,71843,156.0,681,5.0,70468,16.0,694,,7603,72.0,1532119,162150
2020-09-01,23:00:00,,39,Belarus,9448789,71843,0.0,681,0.0,70468,0.0,694,,7603,72.0,1532119,162150
2020-09-02,23:01:00,,39,Belarus,9448781,72141,298.0,691,10.0,70900,432.0,550,,7635,73.0,1543966,163404
2020-09-03,23:01:00,,39,Belarus,9448772,72302,161.0,696,5.0,71205,305.0,401,,7652,74.0,1554129,164479
2020-09-04,07:01:00,,39,Belarus,9448764,72302,0.0,696,0.0,71205,0.0,401,,7652,74.0,1554129,164480
2020-09-05,23:31:00,,39,Belarus,9448756,72663,361.0,705,9.0,71843,638.0,115,,7690,75.0,1574991,166688
2020-09-06,18:30:00,,39,Belarus,9448747,72859,196.0,711,6.0,71864,21.0,284,,7711,75.0,1585776,167829
2020-09-07,23:39:00,,39,Belarus,9448739,73031,172.0,716,5.0,71883,19.0,432,,7729,76.0,1591247,168408
2020-09-08,22:10:00,,39,Belarus,9448730,73208,177.0,721,5.0,71916,33.0,571,,7748,76.0,1591247,168409
2020-09-09,22:01:00,,39,Belarus,9448722,73402,194.0,726,5.0,71999,83.0,677,,7768,77.0,1605547,169922
2020-09-10,22:01:00,,39,Belarus,9448713,73591,189.0,732,6.0,72203,204.0,656,,7788,77.0,1618213,171263
2020-09-11,22:00:00,,39,Belarus,9448705,73784,193.0,738,6.0,72369,166.0,677,,7809,78.0,1629812,172491
2020-09-12,22:22:00,,39,Belarus,9448696,73975,191.0,744,6.0,72547,178.0,684,,7829,79.0,1642109,173792
2020-09-13,22:01:00,,39,Belarus,9448688,74173,198.0,750,6.0,72584,37.0,839,,7850,79.0,1654618,175116
2020-09-14,22:04:00,,39,Belarus,9448679,74360,187.0,756,6.0,72609,25.0,995,,7870,80.0,1661933,175891
2020-09-15,21:00:00,,39,Belarus,9448671,74552,192.0,761,5.0,72661,52.0,1130,,7890,81.0,1666468,176371
2020-09-16,21:01:00,,39,Belarus,9448662,74763,211.0,767,6.0,72810,149.0,1186,,7913,81.0,1672256,176983
2020-09-18,20:01:00,,39,Belarus,9448646,75230,467.0,773,6.0,73098,288.0,1359,,7962,82.0,1700790,180004
2020-09-19,21:00:00,,39,Belarus,9448637,75461,231.0,776,3.0,73212,114.0,1473,,7986,82.0,1715380,181548
2020-09-20,22:31:00,,39,Belarus,9448629,75674,213.0,780,4.0,73265,53.0,1629,,8009,83.0,1730754,183175
2020-09-21,21:01:00,,39,Belarus,9448620,75898,224.0,785,5.0,73301,36.0,1812,,8033,83.0,1739250,184074
2020-09-22,21:01:00,,39,Belarus,9448612,76104,206.0,791,6.0,73386,85.0,1927,,8055,84.0,1744682,184650
2020-09-23,19:58:00,,39,Belarus,9448603,76357,253.0,796,5.0,73564,178.0,1997,,8081,84.0,1759393,186207
2020-09-24,21:00:00,,39,Belarus,9448595,76651,294.0,802,6.0,73733,169.0,2116,,8112,85.0,1776271,187993
2020-09-25,21:00:00,,39,Belarus,9448586,76957,306.0,807,5.0,73925,192.0,2225,,8145,85.0,1792426,189703
2020-09-26,21:00:00,,39,Belarus,9448578,77289,332.0,813,6.0,74046,121.0,2430,,8180,86.0,1809522,191513
2020-09-27,22:45:00,,39,Belarus,9448569,77609,320.0,818,5.0,74120,74.0,2671,,8214,87.0,1825481,193202
2020-09-28,22:00:00,,39,Belarus,9448561,77946,337.0,822,4.0,74167,47.0,2957,,8250,87.0,1835232,194234
2020-09-29,21:35:00,,39,Belarus,9448552,78260,314.0,828,6.0,74320,153.0,3112,,8283,88.0,1841704,194919
2020-09-30,22:00:00,,39,Belarus,9448544,78631,371.0,833,5.0,74525,205.0,3273,,8322,88.0,1858732,196722
2020-10-01,21:31:00,,39,Belarus,9448536,79019,388.0,839,6.0,74777,252.0,3403,,8363,89.0,1877440,198702
2020-10-02,22:36:00,,39,Belarus,9448527,79421,402.0,844,5.0,74982,205.0,3595,,8406,89.0,1897263,200800
2020-10-03,22:24:00,,39,Belarus,9448519,79852,431.0,851,7.0,75148,166.0,3853,,8451,90.0,1897263,200800
2020-10-04,21:01:00,,39,Belarus,9448510,79852,0.0,851,0.0,75148,0.0,3853,,8451,90.0,1897263,200800
2020-10-05,22:13:00,,39,Belarus,9448502,80696,844.0,862,11.0,75303,155.0,4531,,8541,91.0,1949656,206346
2020-10-06,23:01:00,,39,Belarus,9448493,81090,394.0,868,6.0,75376,73.0,4846,,8582,92.0,1957957,207224
2020-10-07,23:01:00,,39,Belarus,9448485,81505,415.0,874,6.0,75683,307.0,4948,,8626,93.0,1976828,209222
2020-10-08,23:59:00,,39,Belarus,9448476,81982,477.0,880,6.0,76081,398.0,5021,,8677,93.0,1999089,211578
2020-10-09,23:00:00,,39,Belarus,9448468,82471,489.0,885,5.0,76543,462.0,5043,,8729,94.0,2023307,214141
2020-10-10,23:00:00,,39,Belarus,9448459,82471,0.0,885,0.0,76543,0.0,5043,,8729,94.0,2023307,214141
2020-10-12,23:10:00,,39,Belarus,9448442,83998,1527.0,901,16.0,77423,880.0,5674,,8890,95.0,2087430,220928
2020-10-13,23:01:00,,39,Belarus,9448434,84524,526.0,906,5.0,77797,374.0,5821,,8946,96.0,2095917,221827
2020-10-14,23:01:00,,39,Belarus,9448426,85121,597.0,911,5.0,78218,421.0,5992,,9009,96.0,2118816,224251
2020-10-15,14:09:00,11:06:00,39,Belarus,9448417,85734,613.0,916,5.0,78583,365.0,6235,,9074,97.0,2144544,226974
2020-10-16,22:08:00,19:06:00,39,Belarus,9448409,86392,658.0,921,5.0,78990,407.0,6481,,9144,97.0,2170047,229673
2020-10-17,23:01:00,19:58:00,39,Belarus,9448400,86392,0.0,921,0.0,78990,0.0,6481,,9144,97.0,2170047,229673
2020-10-18,22:05:00,19:03:00,39,Belarus,9448392,87698,1306.0,929,8.0,79757,767.0,7012,,9282,98.0,2222310,235205
2020-10-19,22:05:00,18:59:00,39,Belarus,9448383,88290,592.0,933,4.0,80130,373.0,7227,,9344,99.0,2235892,236643
2020-10-20,22:05:00,19:04:00,39,Belarus,9448375,88909,619.0,937,4.0,80503,373.0,7469,,9410,99.0,2244310,237534
2020-10-21,22:05:00,19:03:00,39,Belarus,9448366,89642,733.0,941,4.0,80905,402.0,7796,,9488,100.0,2267862,240027
2020-10-22,22:05:00,19:04:00,39,Belarus,9448358,90380,738.0,945,4.0,81501,596.0,7934,,9566,100.0,2294631,242860
2020-10-23,22:05:00,19:02:00,39,Belarus,9448349,91167,787.0,945,0.0,82136,635.0,8086,,9649,100.0,2320856,245636
2020-10-24,23:41:00,20:40:00,39,Belarus,9448341,91978,811.0,953,8.0,82670,534.0,8355,,9735,101.0,2347375,248443
2020-10-25,23:00:00,20:58:00,39,Belarus,9448332,92823,845.0,957,4.0,83237,567.0,8629,,9824,101.0,2372445,251097
2020-10-26,23:00:00,20:56:00,39,Belarus,9448324,93707,884.0,961,4.0,83748,511.0,8998,,9918,102.0,2386740,252610
2020-10-27,23:00:00,20:58:00,39,Belarus,9448316,94609,902.0,965,4.0,84237,489.0,9407,,10013,102.0,2395368,253523
2020-10-28,23:00:00,20:58:00,39,Belarus,9448307,95545,936.0,969,4.0,84690,453.0,9886,,10112,103.0,2418399,255961
2020-10-29,23:00:00,20:57:00,39,Belarus,9448299,96529,984.0,973,4.0,85332,642.0,10224,,10217,103.0,2444162,258688
2020-10-30,23:00:00,20:58:00,39,Belarus,9448290,97499,970.0,977,4.0,85982,650.0,10540,,10319,103.0,2470207,261445
2020-10-31,23:00:00,20:59:00,39,Belarus,9448282,98482,983.0,980,3.0,86663,681.0,10839,,10423,104.0,2495602,264133
2020-11-01,23:00:00,20:59:00,39,Belarus,9448273,99459,977.0,985,5.0,87188,525.0,11286,,10527,104.0,2522817,267014
2020-11-02,23:00:00,20:57:00,39,Belarus,9448265,100400,941.0,989,4.0,87400,212.0,12011,,10626,105.0,2537798,268599
2020-11-03,23:00:00,20:59:00,39,Belarus,9448256,101329,929.0,992,3.0,87985,585.0,12352,,10725,105.0,2547858,269664
2020-11-04,23:00:00,20:57:00,39,Belarus,9448248,102313,984.0,995,3.0,88701,716.0,12617,,10829,105.0,2573132,272340
2020-11-05,23:00:00,20:59:00,39,Belarus,9448239,103295,982.0,998,3.0,89131,430.0,13166,,10933,106.0,2600742,275262
2020-11-06,23:00:00,20:58:00,39,Belarus,9448231,104286,991.0,1001,3.0,89555,424.0,13730,,11038,106.0,2628891,278242
2020-11-07,23:00:00,20:57:00,39,Belarus,9448222,105283,997.0,1004,3.0,90058,503.0,14221,,11143,106.0,2658817,281409
2020-11-08,23:00:00,20:49:00,39,Belarus,9448214,106279,996.0,1007,3.0,90998,940.0,14274,,11249,107.0,2689137,284619
2020-11-09,23:00:00,20:59:00,39,Belarus,9448206,107262,983.0,1011,4.0,91353,355.0,14898,,11353,107.0,2707573,286570
2020-11-10,23:00:00,20:59:00,39,Belarus,9448197,108300,1038.0,1016,5.0,91646,293.0,15638,,11463,108.0,2720390,287927
2020-11-11,23:00:00,20:56:00,39,Belarus,9448189,109357,1057.0,1022,6.0,92266,620.0,16069,,11574,108.0,2750021,291063
2020-11-12,23:00:00,20:59:00,39,Belarus,9448180,110455,1098.0,1027,5.0,92843,577.0,16585,,11691,109.0,2780552,294295
2020-11-13,23:00:00,20:58:00,39,Belarus,9448172,111622,1167.0,1033,6.0,93570,727.0,17019,,11814,109.0,2814373,297875
2020-11-14,23:00:00,20:57:00,39,Belarus,9448163,112870,1248.0,1039,6.0,94337,767.0,17494,,11946,110.0,2847856,301419
2020-11-15,23:00:00,20:53:00,39,Belarus,9448155,114185,1315.0,1046,7.0,95843,1506.0,17296,,12085,111.0,2882743,305112
2020-11-16,23:00:00,20:59:00,39,Belarus,9448146,115448,1263.0,1053,7.0,96462,619.0,17933,,12219,111.0,2903032,307259
2020-11-17,23:00:00,20:58:00,39,Belarus,9448138,116699,1251.0,1060,7.0,97318,856.0,18321,,12352,112.0,2917080,308747
2020-11-18,23:00:00,20:57:00,39,Belarus,9448129,118008,1309.0,1067,7.0,98318,1000.0,18623,,12490,113.0,2947761,311994
2020-11-19,23:00:00,20:59:00,39,Belarus,9448121,119390,1382.0,1074,7.0,99584,1266.0,18732,,12636,114.0,2977802,315174
2020-11-20,23:00:00,20:59:00,39,Belarus,9448112,120847,1457.0,1081,7.0,100749,1165.0,19017,,12791,114.0,3009490,318528
2020-11-21,23:00:00,20:58:00,39,Belarus,9448104,122435,1588.0,1089,8.0,102113,1364.0,19233,,12959,115.0,3041384,321904
2020-11-22,23:00:00,20:59:00,39,Belarus,9448096,123999,1564.0,1096,7.0,103848,1735.0,19055,,13124,116.0,3074066,325364
2020-11-23,23:00:00,20:58:00,39,Belarus,9448087,125482,1483.0,1104,8.0,104698,850.0,19680,,13281,117.0,3091238,327181
2020-11-24,23:00:00,20:57:00,39,Belarus,9448079,126953,1471.0,1112,8.0,105835,1137.0,20006,,13437,118.0,3101820,328302
2020-11-25,23:00:00,20:58:00,39,Belarus,9448070,128449,1496.0,1119,7.0,107452,1617.0,19878,,13595,118.0,3128178,331092
2020-11-26,23:00:00,20:47:00,39,Belarus,9448062,130012,1563.0,1128,9.0,108769,1317.0,20115,,13761,119.0,3158352,334286
2020-11-27,23:00:00,20:59:00,39,Belarus,9448053,131633,1621.0,1136,8.0,110152,1383.0,20345,,13932,120.0,3188876,337517
2020-11-28,23:00:00,20:46:00,39,Belarus,9448045,133324,1691.0,1143,7.0,111455,1303.0,20726,,14111,121.0,3220795,340895
2020-11-29,23:00:00,20:51:00,39,Belarus,9448036,135008,1684.0,1151,8.0,113375,1920.0,20482,,14290,122.0,3253148,344320
2020-11-30,23:00:00,20:57:00,39,Belarus,9448028,136647,1639.0,1158,7.0,114341,966.0,21148,,14463,123.0,3269576,346059
2020-12-01,23:00:00,20:55:00,39,Belarus,9448019,138219,1572.0,1166,8.0,115587,1246.0,21466,,14629,123.0,3279137,347071
2020-12-02,23:00:00,20:58:00,39,Belarus,9448011,139908,1689.0,1174,8.0,117195,1608.0,21539,,14808,124.0,3306693,349988
2020-12-03,23:00:00,20:59:00,39,Belarus,9448002,141609,1701.0,1181,7.0,118924,1729.0,21504,,14988,125.0,3335788,353068
2020-12-04,23:00:00,20:57:00,39,Belarus,9447994,143383,1774.0,1190,9.0,120571,1647.0,21622,,15176,126.0,3367889,356466
2020-12-05,23:00:00,20:58:00,39,Belarus,9447986,145279,1896.0,1198,8.0,122339,1768.0,21742,,15377,127.0,3398759,359734
2020-12-06,23:00:00,20:51:00,39,Belarus,9447977,147157,1878.0,1207,9.0,124774,2435.0,21176,,15576,128.0,3430515,363095
2020-12-07,23:00:00,20:57:00,39,Belarus,9447969,148953,1796.0,1215,8.0,126084,1310.0,21654,,15766,129.0,3449089,365061
2020-12-08,23:00:00,20:59:00,39,Belarus,9447960,150602,1649.0,1222,7.0,127528,1444.0,21852,,15940,129.0,3461753,366402
2020-12-09,23:00:00,20:59:00,39,Belarus,9447952,152453,1851.0,1230,8.0,129950,2422.0,21273,,16136,130.0,3487468,369124
2020-12-10,23:00:00,20:59:00,39,Belarus,9447943,154392,1939.0,1238,8.0,132085,2135.0,21069,,16341,131.0,3517016,372252
2020-12-11,23:00:00,20:59:00,39,Belarus,9447935,156359,1967.0,1246,8.0,133930,1845.0,21183,,16550,132.0,3548306,375564
2020-12-12,23:00:00,20:58:00,39,Belarus,9447926,158334,1975.0,1254,8.0,135922,1992.0,21158,,16759,133.0,3578661,378777
2020-12-13,23:00:00,20:59:00,39,Belarus,9447918,160295,1961.0,1263,9.0,138464,2542.0,20568,,16966,134.0,3609517,382044
2020-12-14,23:35:00,21:34:00,39,Belarus,9447909,162148,1853.0,1273,10.0,139785,1321.0,21090,,17162,135.0,3625620,383748
2020-12-15,23:00:00,20:59:00,39,Belarus,9447901,164059,1911.0,1282,9.0,141443,1658.0,21334,,17365,136.0,3634324,384670
2020-12-16,23:00:00,20:58:00,39,Belarus,9447892,165897,1838.0,1291,9.0,143373,1930.0,21233,,17559,137.0,3659372,387322
2020-12-17,23:00:00,20:56:00,39,Belarus,9447884,167731,1834.0,1299,8.0,145397,2024.0,21035,,17753,137.0,3688179,390371
2020-12-18,23:00:00,20:57:00,39,Belarus,9447876,169648,1917.0,1308,9.0,147316,1919.0,21024,,17956,138.0,3718238,393553
2020-12-19,23:59:00,22:11:00,39,Belarus,9447867,171579,1931.0,1316,8.0,149353,2037.0,20910,,18161,139.0,3748073,396711
2020-12-20,23:00:00,20:54:00,39,Belarus,9447859,173523,1944.0,1324,8.0,151635,2282.0,20564,,18366,140.0,3778152,399895
2020-12-21,23:00:00,20:59:00,39,Belarus,9447850,175416,1893.0,1333,9.0,152930,1295.0,21153,,18567,141.0,3794812,401659
2020-12-22,23:00:00,20:59:00,39,Belarus,9447842,177274,1858.0,1341,8.0,154807,1877.0,21126,,18763,142.0,3803118,402538
2020-12-23,23:00:00,20:58:00,39,Belarus,9447833,179196,1922.0,1349,8.0,157079,2272.0,20768,,18967,143.0,3827451,405114
2020-12-24,23:00:00,20:55:00,39,Belarus,9447825,181113,1917.0,1358,9.0,159437,2358.0,20318,,19170,144.0,3854965,408027
2020-12-25,23:00:00,20:59:00,39,Belarus,9447816,183006,1893.0,1367,9.0,161832,2395.0,19807,,19370,145.0,3883776,411077
2020-12-26,23:00:00,20:59:00,39,Belarus,9447808,184922,1916.0,1376,9.0,164538,2706.0,19008,,19573,146.0,3912583,414126
2020-12-27,23:00:00,20:56:00,39,Belarus,9447799,186747,1825.0,1385,9.0,166036,1498.0,19326,,19766,147.0,3924079,415343
2020-12-28,23:00:00,20:58:00,39,Belarus,9447791,188588,1841.0,1394,9.0,167421,1385.0,19773,,19961,148.0,3933309,416320
2020-12-29,23:00:00,20:54:00,39,Belarus,9447782,190404,1816.0,1404,10.0,169257,1836.0,19743,,20153,149.0,3937864,416803
2020-12-30,23:00:00,20:54:00,39,Belarus,9447774,192361,1957.0,1414,10.0,171901,2644.0,19046,,20360,150.0,3962318,419392
2020-12-31,23:00:00,20:44:00,39,Belarus,9447766,194284,1923.0,1424,10.0,175147,3246.0,17713,,20564,151.0,3988420,422155
2021-01-01,23:00:00,20:54:00,39,Belarus,9447757,196223,1939.0,1433,9.0,178102,2955.0,16688,,20769,152.0,4015511,425023
2021-01-02,23:00:00,20:56:00,39,Belarus,9447749,198125,1902.0,1442,9.0,181109,3007.0,15574,,20971,153.0,4037453,427345
2021-01-03,23:00:00,20:59:00,39,Belarus,9447740,199962,1837.0,1451,9.0,182630,1521.0,15881,,21165,154.0,4042784,427910
2021-01-04,23:00:00,20:57:00,39,Belarus,9447732,201831,1869.0,1461,10.0,183625,995.0,16745,,21363,155.0,4047470,428407
2021-01-05,23:00:00,20:51:00,39,Belarus,9447723,203104,1273.0,1471,10.0,184574,949.0,17059,,21498,156.0,4050922,428772
2021-01-06,23:00:00,20:59:00,39,Belarus,9447715,204958,1854.0,1480,9.0,186394,1820.0,17084,,21694,157.0,4068847,430670
2021-01-07,23:00:00,20:59:00,39,Belarus,9447706,206796,1838.0,1489,9.0,188789,2395.0,16518,,21888,158.0,4092580,433182
2021-01-08,23:00:00,20:59:00,39,Belarus,9447698,208601,1805.0,1498,9.0,190966,2177.0,16137,,22080,159.0,4114543,435507
2021-01-09,23:00:00,20:55:00,39,Belarus,9447689,210368,1767.0,1507,9.0,192620,1654.0,16241,,22267,160.0,4117994,435873
2021-01-10,23:32:00,21:29:00,39,Belarus,9447681,212201,1833.0,1517,10.0,194984,2364.0,15700,,22461,161.0,4130911,437241
2021-01-11,23:40:00,21:37:00,39,Belarus,9447672,213993,1792.0,1526,9.0,196284,1300.0,16183,,22650,162.0,4139118,438110
2021-01-12,23:52:00,21:48:00,39,Belarus,9447664,215724,1731.0,1535,9.0,197851,1567.0,16338,,22834,162.0,4144027,438630
2021-01-13,23:58:00,21:57:00,39,Belarus,9447656,217696,1972.0,1544,9.0,200132,2281.0,16020,,23042,163.0,4166539,441013
2021-01-14,23:55:00,21:54:00,39,Belarus,9447647,219663,1967.0,1554,10.0,202446,2314.0,15663,,23251,164.0,4191207,443624
2021-01-15,19:39:38,00:00:00,39,Belarus,9447630,221604,1941.0,1564,10.0,204500,2054.0,15540,,23456,166.0,4216095,446260
2021-01-16,23:55:00,21:54:00,39,Belarus,9447630,223537,1933.0,1573,9.0,206676,2176.0,15288,,23661,166.0,4238864,448670
