scrap_date,scrap_time,update_time_GMT,Country_id,Country,Population,TotalCases,NewCases,TotalDeaths,NewDeaths,TotalRecovered,NewRecovered,ActiveCases,SeriousCritical,Tot_Cases_1Mpop,Deaths_1Mpop,TotalTests,Tests_1Mpop
2020-08-02,20:00:00,,2,Brazil,212690082,2708876,,93616,,1884051,,731209,8318,12736,440.0,13096132,61574
2020-08-08,20:00:00,,2,Brazil,212714814,2988796,279920.0,100240,6624.0,2068394,184343.0,820162,8318,14051,471.0,13206188,62084
2020-08-12,20:00:00,,2,Brazil,212731302,3112393,123597.0,103099,2859.0,2243124,174730.0,766170,8318,14631,485.0,13231548,62198
2020-08-16,20:00:00,,2,Brazil,212747790,3317832,205439.0,107297,4198.0,2404272,161148.0,806263,8318,15595,504.0,13464336,63288
2020-08-17,20:00:00,,2,Brazil,212751912,3343925,26093.0,108054,757.0,2432456,28184.0,803415,8318,15717,508.0,13464336,63287
2020-08-18,20:00:00,,2,Brazil,212756034,3363235,19310.0,108654,600.0,2478494,46038.0,776087,8318,15808,511.0,13729872,64533
2020-08-19,20:00:00,,2,Brazil,212760156,3411872,48637.0,110019,1365.0,2554179,75685.0,747674,8318,16036,517.0,13729872,64532
2020-08-20,17:53:00,,2,Brazil,212764278,3460413,48541.0,111189,1170.0,2615254,61075.0,733970,8318,16264,523.0,13729872,64531
2020-08-23,21:09:00,,2,Brazil,212776644,3589469,129056.0,114469,3280.0,2709638,94384.0,765362,8318,16870,538.0,14144344,66475
2020-08-24,17:10:00,,2,Brazil,212780766,3605783,16314.0,114772,303.0,2709638,0.0,781373,8318,16946,539.0,14144344,66474
2020-08-25,23:00:00,,2,Brazil,212784888,3636167,30384.0,115646,874.0,2778709,69071.0,741812,8318,17088,543.0,14144344,66473
2020-08-26,22:59:00,,2,Brazil,212789010,3683224,47057.0,116964,1318.0,2848395,69686.0,717865,8318,17309,550.0,14172764,66605
2020-08-27,23:00:00,,2,Brazil,212793132,3731022,47798.0,117996,1032.0,2908848,60453.0,704178,8318,17534,555.0,14172764,66603
2020-08-28,23:01:00,,2,Brazil,212797254,3772945,41923.0,118988,992.0,2947250,38402.0,706707,8318,17730,559.0,14172764,66602
2020-08-29,12:29:00,,2,Brazil,212801376,3812605,39660.0,119594,606.0,2976796,29546.0,716215,8318,17916,562.0,14172764,66601
2020-08-30,23:00:00,,2,Brazil,212805498,3847739,35134.0,120546,952.0,3006812,30016.0,720381,8318,18081,566.0,14352484,67444
2020-08-31,18:58:00,,2,Brazil,212809620,3862311,14572.0,120896,350.0,3031559,24747.0,709856,8318,18149,568.0,14352484,67443
2020-09-01,23:00:00,,2,Brazil,212813742,3919452,57141.0,121727,831.0,3097734,66175.0,699991,8318,18417,572.0,14352484,67442
2020-09-02,23:01:00,,2,Brazil,212817864,3961502,42050.0,122941,1214.0,3159096,61362.0,679465,8318,18615,578.0,14352484,67440
2020-09-03,23:01:00,,2,Brazil,212821986,4007502,46000.0,124057,1116.0,3210405,51309.0,673040,8318,18830,583.0,14352484,67439
2020-09-04,07:01:00,,2,Brazil,212826108,4046150,38648.0,124729,672.0,3247610,37205.0,673811,8318,19012,586.0,14408116,67699
2020-09-05,23:31:00,,2,Brazil,212830230,4093586,47436.0,125659,930.0,3278243,30633.0,689684,8318,19234,590.0,14408116,67698
2020-09-06,18:30:00,,2,Brazil,212834352,4123000,29414.0,126230,571.0,3296702,18459.0,700068,8318,19372,593.0,14408116,67696
2020-09-07,23:39:00,,2,Brazil,212838474,4139257,16257.0,126736,506.0,3317227,20525.0,695294,8318,19448,595.0,14408116,67695
2020-09-08,22:10:00,,2,Brazil,212842596,4150311,11054.0,127084,348.0,3355564,38337.0,667663,8318,19499,597.0,14408116,67694
2020-09-09,22:01:00,,2,Brazil,212846718,4179471,29160.0,128119,1035.0,3397234,41670.0,654118,8318,19636,602.0,14408116,67692
2020-09-10,22:01:00,,2,Brazil,212850840,4210556,31085.0,128857,738.0,3453336,56102.0,628363,8318,19782,605.0,14408116,67691
2020-09-11,22:00:00,,2,Brazil,212854962,4251455,40899.0,129865,1008.0,3497337,44001.0,624253,8318,19973,610.0,14505652,68148
2020-09-12,22:22:00,,2,Brazil,212859084,4297949,46494.0,130870,1005.0,3530655,33318.0,636424,8318,20192,615.0,14505652,68147
2020-09-13,22:01:00,,2,Brazil,212863206,4319184,21235.0,131408,538.0,3553421,22766.0,634355,8318,20291,617.0,14505652,68145
2020-09-14,22:04:00,,2,Brazil,212867328,4335066,15882.0,131736,328.0,3573958,20537.0,629372,8318,20365,619.0,14505652,68144
2020-09-15,21:00:00,,2,Brazil,212871450,4356690,21624.0,132297,561.0,3613184,39226.0,611209,8318,20466,621.0,14505652,68143
2020-09-16,21:01:00,,2,Brazil,212875572,4392351,35661.0,133355,1058.0,3671128,57944.0,587868,8318,20633,626.0,14617980,68669
2020-09-18,20:01:00,,2,Brazil,212883816,4457443,65092.0,135031,1676.0,3753082,81954.0,569330,8318,20938,634.0,14617980,68666
2020-09-19,21:00:00,,2,Brazil,212887938,4503002,45559.0,136035,1004.0,3789139,36057.0,577828,8318,21152,639.0,14617980,68665
2020-09-20,22:31:00,,2,Brazil,212892060,4531539,28537.0,136677,642.0,3820095,30956.0,574767,8318,21286,642.0,15011116,70510
2020-09-21,21:01:00,,2,Brazil,212896182,4547150,15611.0,136997,320.0,3851227,31132.0,558926,8318,21359,643.0,15011116,70509
2020-09-22,21:01:00,,2,Brazil,212900304,4566123,18973.0,137445,448.0,3887199,35972.0,541479,8318,21447,646.0,15011116,70508
2020-09-23,19:58:00,,2,Brazil,212904426,4602241,36118.0,138410,965.0,3945627,58428.0,518204,8318,21616,650.0,17900000,84075
2020-09-24,21:00:00,,2,Brazil,212908548,4627780,25539.0,139065,655.0,3992886,47259.0,495829,8318,21736,653.0,17900000,84074
2020-09-25,21:00:00,,2,Brazil,212912670,4667384,39604.0,140040,975.0,4023789,30903.0,503555,8318,21922,658.0,17900000,84072
2020-09-26,21:00:00,,2,Brazil,212916792,4694648,27264.0,140783,743.0,4040949,17160.0,512916,8318,22049,661.0,17900000,84070
2020-09-27,22:45:00,,2,Brazil,212920914,4719099,24451.0,141503,720.0,4050837,9888.0,526759,8318,22164,665.0,17900000,84069
2020-09-28,22:00:00,,2,Brazil,212925036,4736831,17732.0,141877,374.0,4060088,9251.0,534866,8318,22246,666.0,17900000,84067
2020-09-29,21:35:00,,2,Brazil,212929158,4753410,16579.0,142280,403.0,4084182,24094.0,526948,8318,22324,668.0,17900000,84066
2020-09-30,22:00:00,,2,Brazil,212933280,4787637,34227.0,143243,963.0,4135088,50906.0,509306,8318,22484,673.0,17900000,84064
2020-10-01,21:31:00,,2,Brazil,212937402,4820116,32479.0,144103,860.0,4180376,45288.0,495637,8318,22636,677.0,17900000,84062
2020-10-02,22:36:00,,2,Brazil,212941524,4856024,35908.0,144966,863.0,4212772,32396.0,498286,8318,22804,681.0,17900000,84061
2020-10-03,22:24:00,,2,Brazil,212945646,4888926,32902.0,145555,589.0,4232593,19821.0,510778,8318,22959,684.0,17900000,84059
2020-10-04,21:01:00,,2,Brazil,212949768,4906833,17907.0,146011,456.0,4248574,15981.0,512248,8318,23042,686.0,17900000,84057
2020-10-05,22:13:00,,2,Brazil,212953890,4918022,11189.0,146417,406.0,4263208,14634.0,508397,8318,23094,688.0,17900000,84056
2020-10-06,23:01:00,,2,Brazil,212958012,4946913,28891.0,146908,491.0,4295302,32094.0,504703,8318,23230,690.0,17900000,84054
2020-10-07,23:01:00,,2,Brazil,212962134,4978531,31618.0,147759,851.0,4352871,57569.0,477901,8318,23378,694.0,17900000,84053
2020-10-08,23:59:00,,2,Brazil,212966256,5006528,27997.0,148449,690.0,4391424,38553.0,466655,8318,23509,697.0,17900000,84051
2020-10-09,23:00:00,,2,Brazil,212970378,5035744,29216.0,149189,740.0,4414564,23140.0,471991,8318,23645,701.0,17900000,84049
2020-10-10,23:00:00,,2,Brazil,212974500,5073483,37739.0,150023,834.0,4433595,19031.0,489865,8318,23822,704.0,17900000,84048
2020-10-12,23:10:00,,2,Brazil,212982744,5096209,22726.0,150555,532.0,4470165,36570.0,475489,8318,23928,707.0,17900000,84044
2020-10-13,23:01:00,,2,Brazil,212986866,5105033,8824.0,150772,217.0,4495269,25104.0,458992,8318,23969,708.0,17900000,84043
2020-10-14,23:01:00,,2,Brazil,212990988,5117825,12792.0,151161,389.0,4526975,31706.0,439689,8318,24028,710.0,17900000,84041
2020-10-15,14:09:00,11:06:00,2,Brazil,212995110,5141498,23673.0,151779,618.0,4568813,41838.0,420906,8318,24139,713.0,17900000,84039
2020-10-16,22:08:00,19:06:00,2,Brazil,212999232,5176524,35026.0,152641,862.0,4599446,30633.0,424437,8318,24303,717.0,17900000,84038
2020-10-17,23:01:00,19:58:00,2,Brazil,213003354,5205686,29162.0,153358,717.0,4619560,20114.0,432768,8318,24439,720.0,17900000,84036
2020-10-18,22:05:00,19:03:00,2,Brazil,213007476,5224821,19135.0,153730,372.0,4635315,15755.0,435776,8318,24529,722.0,17900000,84035
2020-10-19,22:05:00,18:59:00,2,Brazil,213011598,5237961,13140.0,153982,252.0,4650030,14715.0,433949,8318,24590,723.0,17900000,84033
2020-10-20,22:05:00,19:04:00,2,Brazil,213015720,5255277,17316.0,154327,345.0,4681659,31629.0,419291,8318,24671,724.0,17900000,84031
2020-10-21,22:05:00,19:03:00,2,Brazil,213019842,5276942,21665.0,154906,579.0,4721593,39934.0,400443,8318,24772,727.0,17900000,84030
2020-10-22,22:05:00,19:04:00,2,Brazil,213023964,5303520,26578.0,155500,594.0,4756489,34896.0,391531,8318,24896,730.0,17900000,84028
2020-10-23,22:05:00,19:02:00,2,Brazil,213028086,5332634,29114.0,155996,496.0,4785297,28808.0,391341,8318,25033,732.0,21900000,102803
2020-10-24,23:41:00,20:40:00,2,Brazil,213032208,5358498,25864.0,156565,569.0,4797872,12575.0,404061,8318,25153,735.0,21900000,102801
2020-10-25,23:00:00,20:58:00,2,Brazil,213036330,5382087,23589.0,156952,387.0,4817898,20026.0,407237,8318,25264,737.0,21900000,102799
2020-10-26,23:00:00,20:56:00,2,Brazil,213040452,5395920,13833.0,157226,274.0,4835915,18017.0,402779,8318,25328,738.0,21900000,102797
2020-10-27,23:00:00,20:58:00,2,Brazil,213044574,5415671,19751.0,157528,302.0,4865930,30015.0,392213,8318,25420,739.0,21900000,102795
2020-10-28,23:00:00,20:58:00,2,Brazil,213048696,5445475,29804.0,158101,573.0,4904046,38116.0,383328,8318,25560,742.0,21900000,102793
2020-10-29,23:00:00,20:57:00,2,Brazil,213052818,5474840,29365.0,158611,510.0,4934548,30502.0,381681,8318,25697,744.0,21900000,102791
2020-10-30,23:00:00,20:58:00,2,Brazil,213056940,5499875,25035.0,159104,493.0,4954159,19611.0,386612,8318,25814,747.0,21900000,102789
2020-10-31,23:00:00,20:59:00,2,Brazil,213061062,5523352,23477.0,159668,564.0,4966264,12105.0,397420,8318,25924,749.0,21900000,102787
2020-11-01,23:00:00,20:59:00,2,Brazil,213065184,5535605,12253.0,159902,234.0,4972898,6634.0,402805,8318,25981,750.0,21900000,102785
2020-11-02,23:00:00,20:57:00,2,Brazil,213069306,5545705,10100.0,160104,202.0,4980942,8044.0,404659,8318,26028,751.0,21900000,102783
2020-11-03,23:00:00,20:59:00,2,Brazil,213073428,5554647,8942.0,160282,178.0,4998408,17466.0,395957,8318,26069,752.0,21900000,102781
2020-11-04,23:00:00,20:57:00,2,Brazil,213077550,5575289,20642.0,160785,503.0,5028216,29808.0,386288,8318,26166,755.0,21900000,102779
2020-11-05,23:00:00,20:59:00,2,Brazil,213081672,5595081,19792.0,161269,484.0,5064344,36128.0,369468,8318,26258,757.0,21900000,102777
2020-11-06,23:00:00,20:58:00,2,Brazil,213085794,5617844,22763.0,161871,602.0,5064344,0.0,391629,8318,26364,760.0,21900000,102776
2020-11-07,23:00:00,20:57:00,2,Brazil,213089916,5636181,18337.0,162053,182.0,5064344,0.0,409784,8318,26450,760.0,21900000,102774
2020-11-08,23:00:00,20:49:00,2,Brazil,213094038,5653648,17467.0,162305,252.0,5064344,0.0,426999,8318,26531,762.0,21900000,102772
2020-11-09,23:00:00,20:59:00,2,Brazil,213098160,5664754,11106.0,162397,92.0,5064344,0.0,438013,8318,26583,762.0,21900000,102770
2020-11-10,23:00:00,20:59:00,2,Brazil,213102282,5679212,14458.0,162672,275.0,5064344,0.0,452196,8318,26650,763.0,21900000,102768
2020-11-11,23:00:00,20:56:00,2,Brazil,213106404,5730361,51149.0,163078,406.0,5064344,0.0,502939,8318,26890,765.0,21900000,102766
2020-11-12,23:00:00,20:59:00,2,Brazil,213110526,5751485,21124.0,163492,414.0,5064344,0.0,523649,8318,26988,767.0,21900000,102764
2020-11-13,23:00:00,20:58:00,2,Brazil,213114648,5787766,36281.0,164514,1022.0,5256767,192423.0,366485,8318,27158,772.0,21900000,102762
2020-11-14,23:00:00,20:57:00,2,Brazil,213118770,5819496,31730.0,164979,465.0,5267567,10800.0,386950,8318,27306,774.0,21900000,102760
2020-11-15,23:00:00,20:53:00,2,Brazil,213122892,5851239,31743.0,165696,717.0,5291511,23944.0,394032,8318,27455,777.0,21900000,102758
2020-11-16,23:00:00,20:59:00,2,Brazil,213127014,5864943,13704.0,165858,162.0,5291511,0.0,407574,8318,27519,778.0,21900000,102756
2020-11-17,23:00:00,20:58:00,2,Brazil,213131136,5881032,16089.0,166101,243.0,5322406,30895.0,392525,8318,27593,779.0,21900000,102754
2020-11-18,23:00:00,20:57:00,2,Brazil,213135258,5912903,31871.0,166847,746.0,5361592,39186.0,384464,8318,27742,783.0,21900000,102752
2020-11-19,23:00:00,20:59:00,2,Brazil,213139380,5952185,39282.0,167590,743.0,5389863,28271.0,394732,8318,27926,786.0,21900000,102750
2020-11-20,23:00:00,20:59:00,2,Brazil,213143502,5987219,35034.0,168218,628.0,5407498,17635.0,411503,8318,28090,789.0,21900000,102748
2020-11-21,23:00:00,20:58:00,2,Brazil,213147624,6020164,32945.0,168687,469.0,5422102,14604.0,429375,8318,28244,791.0,21900000,102746
2020-11-22,23:00:00,20:59:00,2,Brazil,213151746,6053806,33642.0,169022,335.0,5429158,7056.0,455626,8318,28401,793.0,21900000,102744
2020-11-23,23:00:00,20:58:00,2,Brazil,213155868,6073058,19252.0,169213,191.0,5432505,3347.0,471340,8318,28491,794.0,21900000,102742
2020-11-24,23:00:00,20:57:00,2,Brazil,213159990,6090197,17139.0,169569,356.0,5445095,12590.0,475533,8318,28571,796.0,21900000,102740
2020-11-25,23:00:00,20:58:00,2,Brazil,213164112,6127819,37622.0,170199,630.0,5476018,30923.0,481602,8318,28747,798.0,21900000,102738
2020-11-26,23:00:00,20:47:00,2,Brazil,213168234,6170827,43008.0,170832,633.0,5512847,36829.0,487148,8318,28948,801.0,21900000,102736
2020-11-27,23:00:00,20:59:00,2,Brazil,213172356,6209404,38577.0,171564,732.0,5528599,15752.0,509241,8318,29129,805.0,21900000,102734
2020-11-28,23:00:00,20:46:00,2,Brazil,213176478,6238350,28946.0,171998,434.0,5536524,7925.0,529828,8318,29264,807.0,21900000,102732
2020-11-29,23:00:00,20:51:00,2,Brazil,213180600,6295695,57345.0,172706,708.0,5562539,26015.0,560450,8318,29532,810.0,21900000,102730
2020-11-30,23:00:00,20:57:00,2,Brazil,213184722,6317049,21354.0,172866,160.0,5578118,15579.0,566065,8318,29632,811.0,21900000,102728
2020-12-01,23:00:00,20:55:00,2,Brazil,213188844,6344345,27296.0,173229,363.0,5601804,23686.0,569312,8318,29759,813.0,21900000,102726
2020-12-02,23:00:00,20:58:00,2,Brazil,213192966,6436650,92305.0,174515,1286.0,5656498,54694.0,605637,8318,30192,819.0,25700000,120548
2020-12-03,23:00:00,20:59:00,2,Brazil,213197088,6487084,50434.0,175270,755.0,5698353,41855.0,613461,8318,30428,822.0,25700000,120546
2020-12-04,23:00:00,20:57:00,2,Brazil,213201210,6496050,8966.0,175432,162.0,5725010,26657.0,595608,8318,30469,823.0,25700000,120543
2020-12-05,23:00:00,20:58:00,2,Brazil,213205332,6536245,40195.0,175990,558.0,5744369,19359.0,615886,8318,30657,825.0,25700000,120541
