scrap_date,scrap_time,update_time_GMT,Country_id,Country,Population,TotalCases,NewCases,TotalDeaths,NewDeaths,TotalRecovered,NewRecovered,ActiveCases,SeriousCritical,Tot_Cases_1Mpop,Deaths_1Mpop,TotalTests,Tests_1Mpop
2020-08-02,20:00:00,,77,Bulgaria,6943565,11836,,385,,6396,,5055,43,1705,55.0,271000,39029
2020-08-08,20:00:00,,77,Bulgaria,6942712,13209,1373.0,442,57.0,7622,1226.0,5145,55,1903,64.0,299924,43200
2020-08-12,20:00:00,,77,Bulgaria,6942144,13722,513.0,471,29.0,8154,532.0,5097,64,1977,68.0,313866,45212
2020-08-16,20:00:00,,77,Bulgaria,6941575,14333,611.0,495,24.0,9161,1007.0,4677,55,2065,71.0,333530,48048
2020-08-17,20:00:00,,77,Bulgaria,6941433,14365,32.0,498,3.0,9186,25.0,4681,56,2069,72.0,334311,48162
2020-08-18,20:00:00,,77,Bulgaria,6941291,14500,135.0,512,14.0,9442,256.0,4546,56,2089,74.0,339563,48919
2020-08-19,20:00:00,,77,Bulgaria,6941149,14669,169.0,519,7.0,9699,257.0,4451,61,2113,75.0,343230,49449
2020-08-20,17:53:00,,77,Bulgaria,6941007,14820,151.0,527,8.0,9931,232.0,4362,60,2135,76.0,351879,50696
2020-08-23,21:09:00,,77,Bulgaria,6940581,15227,407.0,545,18.0,10322,391.0,4360,74,2194,79.0,368498,53093
2020-08-24,17:10:00,,77,Bulgaria,6940439,15287,60.0,545,0.0,10338,16.0,4404,74,2203,79.0,370786,53424
2020-08-25,23:00:00,,77,Bulgaria,6940296,15386,99.0,563,18.0,10497,159.0,4326,65,2217,81.0,374374,53942
2020-08-26,22:59:00,,77,Bulgaria,6940154,15589,203.0,572,9.0,10601,104.0,4416,64,2246,82.0,380606,54841
2020-08-27,23:00:00,,77,Bulgaria,6940012,15751,162.0,586,14.0,10750,149.0,4415,60,2270,84.0,384450,55396
2020-08-28,23:01:00,,77,Bulgaria,6939870,15908,157.0,594,8.0,11044,294.0,4270,65,2292,86.0,392089,56498
2020-08-29,12:29:00,,77,Bulgaria,6939728,16065,157.0,603,9.0,11231,187.0,4231,59,2315,87.0,398426,57412
2020-08-30,23:00:00,,77,Bulgaria,6939586,16164,99.0,605,2.0,11253,22.0,4306,61,2329,87.0,403213,58103
2020-08-31,18:58:00,,77,Bulgaria,6939444,16190,26.0,613,8.0,11313,60.0,4264,63,2333,88.0,404683,58316
2020-09-01,23:00:00,,77,Bulgaria,6939302,16266,76.0,629,16.0,11483,170.0,4154,65,2344,91.0,409013,58942
2020-09-02,23:01:00,,77,Bulgaria,6939160,16454,188.0,642,13.0,11615,132.0,4197,62,2371,93.0,415797,59920
2020-09-03,23:01:00,,77,Bulgaria,6939018,16617,163.0,648,6.0,11760,145.0,4209,63,2395,93.0,421240,60706
2020-09-04,07:01:00,,77,Bulgaria,6938876,16775,158.0,658,10.0,11935,175.0,4182,61,2418,95.0,428266,61720
2020-09-05,23:31:00,,77,Bulgaria,6938733,16954,179.0,665,7.0,12046,111.0,4243,56,2443,96.0,436395,62893
2020-09-06,18:30:00,,77,Bulgaria,6938591,17050,96.0,671,6.0,12132,86.0,4247,57,2457,97.0,439753,63378
2020-09-07,23:39:00,,77,Bulgaria,6938449,17089,39.0,676,5.0,12157,25.0,4256,54,2463,97.0,441160,63582
2020-09-08,22:10:00,,77,Bulgaria,6938307,17146,57.0,677,1.0,12189,32.0,4280,53,2471,98.0,442380,63759
2020-09-09,22:01:00,,77,Bulgaria,6938165,17313,167.0,692,15.0,12297,108.0,4324,57,2495,100.0,446303,64326
2020-09-10,22:01:00,,77,Bulgaria,6938023,17435,122.0,702,10.0,12474,177.0,4259,60,2513,101.0,451448,65069
2020-09-11,22:00:00,,77,Bulgaria,6937881,17598,163.0,706,4.0,12619,145.0,4273,55,2537,102.0,456538,65804
2020-09-12,22:22:00,,77,Bulgaria,6937739,17799,201.0,713,7.0,12750,131.0,4336,56,2566,103.0,461403,66506
2020-09-13,22:01:00,,77,Bulgaria,6937597,17891,92.0,717,4.0,12758,8.0,4416,53,2579,103.0,463733,66843
2020-09-14,22:04:00,,77,Bulgaria,6937455,17918,27.0,720,3.0,12767,9.0,4431,53,2583,104.0,464657,66978
2020-09-15,21:00:00,,77,Bulgaria,6937312,18061,143.0,729,9.0,12930,163.0,4402,49,2603,105.0,467820,67435
2020-09-16,21:01:00,,77,Bulgaria,6937170,18216,155.0,736,7.0,13057,127.0,4423,46,2626,106.0,472132,68058
2020-09-18,20:01:00,,77,Bulgaria,6936886,18544,328.0,749,13.0,13391,334.0,4404,37,2673,108.0,482823,69602
2020-09-19,21:00:00,,77,Bulgaria,6936744,18733,189.0,753,4.0,13510,119.0,4470,34,2701,109.0,488865,70475
2020-09-20,22:31:00,,77,Bulgaria,6936602,18819,86.0,755,2.0,13558,48.0,4506,37,2713,109.0,491780,70896
2020-09-21,21:01:00,,77,Bulgaria,6936460,18863,44.0,761,6.0,13580,22.0,4522,37,2719,110.0,493029,71078
2020-09-22,21:01:00,,77,Bulgaria,6936318,19014,151.0,765,4.0,13727,147.0,4522,33,2741,110.0,496017,71510
2020-09-23,19:58:00,,77,Bulgaria,6936176,19123,109.0,767,2.0,13748,21.0,4608,31,2757,111.0,499066,71951
2020-09-24,21:00:00,,77,Bulgaria,6936034,19283,160.0,779,12.0,13867,119.0,4637,29,2780,112.0,502592,72461
2020-09-25,21:00:00,,77,Bulgaria,6935891,19573,290.0,785,6.0,14013,146.0,4775,30,2822,113.0,507451,73163
2020-09-26,21:00:00,,77,Bulgaria,6935749,19828,255.0,789,4.0,14132,119.0,4907,36,2859,114.0,512498,73892
2020-09-27,22:45:00,,77,Bulgaria,6935607,19997,169.0,789,0.0,14160,28.0,5048,36,2883,114.0,515208,74284
2020-09-28,22:00:00,,77,Bulgaria,6935465,20055,58.0,796,7.0,14176,16.0,5083,41,2892,115.0,516311,74445
2020-09-29,21:35:00,,77,Bulgaria,6935323,20271,216.0,807,11.0,14339,163.0,5125,42,2923,116.0,519613,74923
2020-09-30,22:00:00,,77,Bulgaria,6935181,20547,276.0,813,6.0,14489,150.0,5245,44,2963,117.0,524349,75607
2020-10-01,21:31:00,,77,Bulgaria,6935039,20833,286.0,825,12.0,14634,145.0,5374,44,3004,119.0,529292,76321
2020-10-02,22:36:00,,77,Bulgaria,6934897,21096,263.0,832,7.0,14787,153.0,5477,47,3042,120.0,534135,77021
2020-10-03,22:24:00,,77,Bulgaria,6934755,21336,240.0,838,6.0,14939,152.0,5559,50,3077,121.0,538955,77718
2020-10-04,21:01:00,,77,Bulgaria,6934613,21518,182.0,841,3.0,14984,45.0,5693,54,3103,121.0,541798,78130
2020-10-05,22:13:00,,77,Bulgaria,6934471,21587,69.0,844,3.0,15014,30.0,5729,56,3113,122.0,543076,78315
2020-10-06,23:01:00,,77,Bulgaria,6934328,21870,283.0,854,10.0,15179,165.0,5837,59,3154,123.0,546789,78852
2020-10-07,23:01:00,,77,Bulgaria,6934186,22306,436.0,862,8.0,15310,131.0,6134,57,3217,124.0,552220,79637
2020-10-08,23:59:00,,77,Bulgaria,6934044,22743,437.0,873,11.0,15448,138.0,6422,53,3280,126.0,556761,80294
2020-10-09,23:00:00,,77,Bulgaria,6933902,23259,516.0,880,7.0,15563,115.0,6816,56,3354,127.0,561970,81047
2020-10-10,23:00:00,,77,Bulgaria,6933760,23871,612.0,887,7.0,15713,150.0,7271,58,3443,128.0,568018,81921
2020-10-12,23:10:00,,77,Bulgaria,6933476,24402,531.0,892,5.0,15847,134.0,7663,62,3519,129.0,573004,82643
2020-10-13,23:01:00,,77,Bulgaria,6933334,24989,587.0,915,23.0,15975,128.0,8099,65,3604,132.0,577324,83268
2020-10-14,23:01:00,,77,Bulgaria,6933192,25774,785.0,923,8.0,16139,164.0,8712,64,3717,133.0,583143,84109
2020-10-15,14:09:00,11:06:00,77,Bulgaria,6933050,26593,819.0,929,6.0,16489,350.0,9175,67,3836,134.0,589041,84961
2020-10-16,22:08:00,19:06:00,77,Bulgaria,6932907,27507,914.0,944,15.0,16678,189.0,9885,74,3968,136.0,595365,85875
2020-10-17,23:01:00,19:58:00,77,Bulgaria,6932765,28505,998.0,958,14.0,16875,197.0,10672,76,4112,138.0,602807,86950
2020-10-18,22:05:00,19:03:00,77,Bulgaria,6932623,29108,603.0,968,10.0,16912,37.0,11228,79,4199,140.0,607409,87616
2020-10-19,22:05:00,18:59:00,77,Bulgaria,6932481,29503,395.0,986,18.0,16943,31.0,11574,74,4256,142.0,608990,87846
2020-10-20,22:05:00,19:04:00,77,Bulgaria,6932339,30527,1024.0,1008,22.0,17153,210.0,12366,88,4404,145.0,613396,88483
2020-10-21,22:05:00,19:03:00,77,Bulgaria,6932197,31863,1336.0,1019,11.0,17414,261.0,13430,93,4596,147.0,624901,90145
2020-10-22,22:05:00,19:04:00,77,Bulgaria,6932055,33335,1472.0,1048,29.0,17598,184.0,14689,107,4809,151.0,663639,95735
2020-10-23,22:05:00,19:02:00,77,Bulgaria,6931913,34930,1595.0,1064,16.0,17833,235.0,16033,112,5039,153.0,642677,92713
2020-10-24,23:41:00,20:40:00,77,Bulgaria,6931771,36519,1589.0,1077,13.0,18102,269.0,17340,127,5268,155.0,652508,94133
2020-10-25,23:00:00,20:58:00,77,Bulgaria,6931629,37562,1043.0,1084,7.0,18232,130.0,18246,138,5419,156.0,659602,95158
2020-10-26,23:00:00,20:56:00,77,Bulgaria,6931486,37889,327.0,1094,10.0,18354,122.0,18441,146,5466,158.0,661859,95486
2020-10-27,23:00:00,20:58:00,77,Bulgaria,6931344,40132,2243.0,1136,42.0,18650,296.0,20346,149,5790,164.0,669518,96593
2020-10-28,23:00:00,20:58:00,77,Bulgaria,6931202,42701,2569.0,1161,25.0,18943,293.0,22597,145,6161,168.0,680744,98214
2020-10-29,23:00:00,20:57:00,77,Bulgaria,6931060,45461,2760.0,1197,36.0,19159,216.0,25105,162,6559,173.0,690690,99651
2020-10-30,23:00:00,20:58:00,77,Bulgaria,6930918,48150,2689.0,1225,28.0,19695,536.0,27230,167,6947,177.0,702066,101295
2020-10-31,23:00:00,20:59:00,77,Bulgaria,6930776,51041,2891.0,1254,29.0,19877,182.0,29910,165,7364,181.0,714700,103120
2020-11-01,23:00:00,20:59:00,77,Bulgaria,6930634,52844,1803.0,1279,25.0,20045,168.0,31520,166,7625,185.0,721959,104169
2020-11-02,23:00:00,20:57:00,77,Bulgaria,6930492,54069,1225.0,1298,19.0,20530,485.0,32241,169,7802,187.0,727416,104959
2020-11-03,23:00:00,20:59:00,77,Bulgaria,6930350,56496,2427.0,1349,51.0,21037,507.0,34110,180,8152,195.0,735326,106102
2020-11-04,23:00:00,20:57:00,77,Bulgaria,6930208,60537,4041.0,1412,63.0,21544,507.0,37581,210,8735,204.0,746392,107701
2020-11-05,23:00:00,20:59:00,77,Bulgaria,6930066,64591,4054.0,1466,54.0,21947,403.0,41178,239,9320,212.0,759595,109609
2020-11-06,23:00:00,20:58:00,77,Bulgaria,6929923,68345,3754.0,1518,52.0,22709,762.0,44118,250,9862,219.0,770726,111217
2020-11-07,23:00:00,20:57:00,77,Bulgaria,6929781,72184,3839.0,1576,58.0,23436,727.0,47172,257,10416,227.0,784575,113218
2020-11-08,23:00:00,20:49:00,77,Bulgaria,6929639,74485,2301.0,1632,56.0,23805,369.0,49048,271,10749,236.0,793277,114476
2020-11-09,23:00:00,20:59:00,77,Bulgaria,6929497,75160,675.0,1665,33.0,24408,603.0,49087,272,10846,240.0,795428,114789
2020-11-10,23:00:00,20:59:00,77,Bulgaria,6929355,78976,3816.0,1771,106.0,25283,875.0,51922,270,11397,256.0,804254,116065
2020-11-11,23:00:00,20:56:00,77,Bulgaria,6929213,83366,4390.0,1851,80.0,25799,516.0,55716,280,12031,267.0,815322,117664
2020-11-12,23:00:00,20:59:00,77,Bulgaria,6929071,87311,3945.0,1898,47.0,26714,915.0,58699,276,12601,274.0,826152,119230
2020-11-13,23:00:00,20:58:00,77,Bulgaria,6928929,90725,3414.0,1970,72.0,27587,873.0,61168,284,13094,284.0,835037,120515
2020-11-14,23:00:00,20:57:00,77,Bulgaria,6928787,94937,4212.0,2055,85.0,28269,682.0,64613,288,13702,297.0,847450,122309
2020-11-15,23:00:00,20:53:00,77,Bulgaria,6928645,97435,2498.0,2091,36.0,28805,536.0,66539,295,14063,302.0,853900,123242
2020-11-16,23:00:00,20:59:00,77,Bulgaria,6928502,98251,816.0,2130,39.0,29375,570.0,66746,293,14181,307.0,856616,123637
2020-11-17,23:00:00,20:58:00,77,Bulgaria,6928360,101770,3519.0,2282,152.0,30317,942.0,69171,288,14689,329.0,864550,124784
2020-11-18,23:00:00,20:57:00,77,Bulgaria,6928218,106598,4828.0,2413,131.0,31536,1219.0,72649,303,15386,348.0,876161,126463
2020-11-19,23:00:00,20:59:00,77,Bulgaria,6928076,110536,3938.0,2530,117.0,32480,944.0,75526,313,15955,365.0,886110,127901
2020-11-20,23:00:00,20:59:00,77,Bulgaria,6927934,114435,3899.0,2649,119.0,33327,847.0,78459,344,16518,382.0,896421,129392
2020-11-21,23:00:00,20:58:00,77,Bulgaria,6927792,118418,3983.0,2778,129.0,34388,1061.0,81252,383,17093,401.0,906207,130807
2020-11-22,23:00:00,20:59:00,77,Bulgaria,6927650,120697,2279.0,2820,42.0,35752,1364.0,82125,408,17423,407.0,911936,131637
2020-11-23,23:00:00,20:58:00,77,Bulgaria,6927508,121820,1123.0,2880,60.0,36524,772.0,82416,408,17585,416.0,914723,132042
2020-11-24,23:00:00,20:57:00,77,Bulgaria,6927366,124966,3146.0,3069,189.0,38226,1702.0,83671,399,18039,443.0,921967,133091
2020-11-25,23:00:00,20:58:00,77,Bulgaria,6927224,129348,4382.0,3226,157.0,40102,1876.0,86020,392,18672,466.0,932441,134605
2020-11-26,23:00:00,20:47:00,77,Bulgaria,6927082,133060,3712.0,3367,141.0,42620,2518.0,87073,410,19209,486.0,941261,135881
2020-11-27,23:00:00,20:59:00,77,Bulgaria,6926939,136628,3568.0,3529,162.0,44875,2255.0,88224,430,19724,509.0,950354,137197
2020-11-28,23:00:00,20:46:00,77,Bulgaria,6926797,139955,3327.0,3680,151.0,46740,1865.0,89535,436,20205,531.0,959533,138525
2020-11-29,23:00:00,20:51:00,77,Bulgaria,6926655,141747,1792.0,3749,69.0,47779,1039.0,90219,431,20464,541.0,964461,139239
2020-11-30,23:00:00,20:57:00,77,Bulgaria,6926513,142486,739.0,3814,65.0,48594,815.0,90078,430,20571,551.0,966426,139526
2020-12-01,23:00:00,20:55:00,77,Bulgaria,6926371,145300,2814.0,4035,221.0,50565,1971.0,90700,457,20978,583.0,973251,140514
2020-12-02,23:00:00,20:58:00,77,Bulgaria,6926229,148775,3475.0,4188,153.0,53000,2435.0,91587,493,21480,605.0,982307,141824
2020-12-03,23:00:00,20:59:00,77,Bulgaria,6926087,151913,3138.0,4347,159.0,55206,2206.0,92360,523,21933,628.0,990785,143051
2020-12-04,23:00:00,20:57:00,77,Bulgaria,6925945,155193,3280.0,4503,156.0,57141,1935.0,93549,523,22407,650.0,999867,144365
2020-12-05,23:00:00,20:58:00,77,Bulgaria,6925803,158807,3614.0,4650,147.0,59677,2536.0,94480,504,22930,671.0,1009397,145744
2020-12-06,23:00:00,20:51:00,77,Bulgaria,6925661,160844,2037.0,4729,79.0,60673,996.0,95442,516,23224,683.0,1015383,146612
2020-12-07,23:00:00,20:57:00,77,Bulgaria,6925518,161421,577.0,4797,68.0,62246,1573.0,94378,516,23308,693.0,1016807,146820
2020-12-08,23:00:00,20:59:00,77,Bulgaria,6925376,164185,2764.0,5010,213.0,65616,3370.0,93559,523,23708,723.0,1023067,147727
2020-12-09,23:00:00,20:59:00,77,Bulgaria,6925234,168165,3980.0,5156,146.0,69028,3412.0,93981,514,24283,745.0,1032782,149133
2020-12-10,23:00:00,20:59:00,77,Bulgaria,6925092,171493,3328.0,5283,127.0,72078,3050.0,94132,544,24764,763.0,1041360,150375
2020-12-11,23:00:00,20:59:00,77,Bulgaria,6924950,174568,3075.0,5405,122.0,75232,3154.0,93931,542,25209,781.0,1049830,151601
2020-12-12,23:00:00,20:58:00,77,Bulgaria,6924808,177665,3097.0,5562,157.0,79522,4290.0,92581,588,25656,803.0,1058417,152844
2020-12-13,23:00:00,20:59:00,77,Bulgaria,6924666,178952,1287.0,5626,64.0,81757,2235.0,91569,595,25843,812.0,1062824,153484
2020-12-14,23:35:00,21:34:00,77,Bulgaria,6924524,179449,497.0,5688,62.0,83720,1963.0,90041,590,25915,821.0,1064458,153723
2020-12-15,23:00:00,20:59:00,77,Bulgaria,6924382,181544,2095.0,5838,150.0,85578,1858.0,90128,580,26218,843.0,1069756,154491
2020-12-16,23:00:00,20:58:00,77,Bulgaria,6924240,184287,2743.0,6005,167.0,87935,2357.0,90347,582,26615,867.0,1077493,155612
2020-12-17,23:00:00,20:56:00,77,Bulgaria,6924097,186246,1959.0,6196,191.0,90510,2575.0,89540,570,26898,895.0,1083606,156498
2020-12-18,23:00:00,20:57:00,77,Bulgaria,6923955,188288,2042.0,6339,143.0,93728,3218.0,88221,567,27194,916.0,1090431,157487
2020-12-19,23:59:00,22:11:00,77,Bulgaria,6923813,190027,1739.0,6496,157.0,96622,2894.0,86909,536,27445,938.0,1096621,158384
2020-12-20,23:00:00,20:54:00,77,Bulgaria,6923671,191029,1002.0,6551,55.0,98026,1404.0,86452,542,27591,946.0,1100834,158996
2020-12-21,23:00:00,20:59:00,77,Bulgaria,6923529,191195,166.0,6609,58.0,99758,1732.0,84828,536,27615,955.0,1101624,159113
2020-12-22,23:00:00,20:59:00,77,Bulgaria,6923387,192472,1277.0,6765,156.0,102666,2908.0,83041,523,27800,977.0,1105928,159738
2020-12-23,23:00:00,20:58:00,77,Bulgaria,6923245,194271,1799.0,6879,114.0,105090,2424.0,82302,526,28061,994.0,1112161,160642
