scrap_date,scrap_time,update_time_GMT,Country_id,Country,Population,TotalCases,NewCases,TotalDeaths,NewDeaths,TotalRecovered,NewRecovered,ActiveCases,SeriousCritical,Tot_Cases_1Mpop,Deaths_1Mpop,TotalTests,Tests_1Mpop
2020-08-02,20:00:00,,115,Cabo Verde,556498,2480,,24,,1837,,619,,4456,43.0,41634,74814
2020-08-08,20:00:00,,115,Cabo Verde,556597,2780,300.0,29,5.0,2042,205.0,709,,4995,52.0,61633,110732
2020-08-12,20:00:00,,115,Cabo Verde,556663,2920,140.0,33,4.0,2148,106.0,739,,5246,59.0,61633,110719
2020-08-16,20:00:00,,115,Cabo Verde,556729,3163,243.0,34,1.0,2302,154.0,827,,5681,61.0,61633,110706
2020-08-17,20:00:00,,115,Cabo Verde,556746,3179,16.0,35,1.0,2317,15.0,827,,5710,63.0,61633,110702
2020-08-18,20:00:00,,115,Cabo Verde,556762,3203,24.0,36,1.0,2336,19.0,831,,5753,65.0,61633,110699
2020-08-19,20:00:00,,115,Cabo Verde,556779,3253,50.0,36,0.0,2390,54.0,827,,5843,65.0,61633,110696
2020-08-20,17:53:00,,115,Cabo Verde,556795,3321,68.0,36,0.0,2442,52.0,843,,5964,65.0,73900,132724
2020-08-23,21:09:00,,115,Cabo Verde,556845,3455,134.0,37,1.0,2538,96.0,880,,6205,66.0,73900,132712
2020-08-24,17:10:00,,115,Cabo Verde,556861,3509,54.0,37,0.0,2540,2.0,932,,6301,66.0,74177,133206
2020-08-25,23:00:00,,115,Cabo Verde,556877,3532,23.0,37,0.0,2599,59.0,896,,6343,66.0,74177,133202
2020-08-26,22:59:00,,115,Cabo Verde,556894,3568,36.0,37,0.0,2673,74.0,858,,6407,66.0,76576,137506
2020-08-27,23:00:00,,115,Cabo Verde,556910,3630,62.0,38,1.0,2713,40.0,879,,6518,68.0,76576,137502
2020-08-28,23:01:00,,115,Cabo Verde,556927,3745,115.0,38,0.0,2807,94.0,900,,6724,68.0,76576,137497
2020-08-29,12:29:00,,115,Cabo Verde,556943,3745,0.0,38,0.0,2807,0.0,900,,6724,68.0,76576,137493
2020-08-30,23:00:00,,115,Cabo Verde,556960,3778,33.0,39,1.0,2855,48.0,884,,6783,70.0,76576,137489
2020-08-31,18:58:00,,115,Cabo Verde,556976,3852,74.0,40,1.0,2867,12.0,945,,6916,72.0,76576,137485
2020-09-01,23:00:00,,115,Cabo Verde,556993,3884,32.0,40,0.0,2916,49.0,928,,6973,72.0,76576,137481
2020-09-02,23:01:00,,115,Cabo Verde,557009,3970,86.0,40,0.0,3423,507.0,507,,7127,72.0,76576,137477
2020-09-03,23:01:00,,115,Cabo Verde,557026,4125,155.0,41,1.0,3502,79.0,582,,7405,74.0,76576,137473
2020-09-04,07:01:00,,115,Cabo Verde,557042,4125,0.0,41,0.0,3502,0.0,582,,7405,74.0,76576,137469
2020-09-05,23:31:00,,115,Cabo Verde,557059,4275,150.0,42,1.0,3611,109.0,622,,7674,75.0,76576,137465
2020-09-06,18:30:00,,115,Cabo Verde,557075,4275,0.0,42,0.0,3611,0.0,622,,7674,75.0,76576,137461
2020-09-07,23:39:00,,115,Cabo Verde,557092,4358,83.0,42,0.0,3790,179.0,526,,7823,75.0,76576,137457
2020-09-08,22:10:00,,115,Cabo Verde,557108,4358,0.0,42,0.0,3790,0.0,526,,7823,75.0,76576,137453
2020-09-10,22:01:00,,115,Cabo Verde,557141,4557,199.0,43,1.0,3993,203.0,521,,8179,77.0,76576,137445
2020-09-11,22:00:00,,115,Cabo Verde,557158,4557,0.0,43,0.0,3993,0.0,521,,8179,77.0,76576,137440
2020-09-12,22:22:00,,115,Cabo Verde,557174,4651,94.0,44,1.0,4076,83.0,531,,8347,79.0,76576,137436
2020-09-13,22:01:00,,115,Cabo Verde,557191,4711,60.0,44,0.0,4104,28.0,563,,8455,79.0,76576,137432
2020-09-14,22:04:00,,115,Cabo Verde,557207,4813,102.0,44,0.0,4119,15.0,650,,8638,79.0,76576,137428
2020-09-15,21:00:00,,115,Cabo Verde,557224,4839,26.0,45,1.0,4240,121.0,554,,8684,81.0,76576,137424
2020-09-16,21:01:00,,115,Cabo Verde,557240,4904,65.0,46,1.0,4294,54.0,564,,8801,83.0,76576,137420
2020-09-18,20:01:00,,115,Cabo Verde,557273,5063,159.0,49,3.0,4465,171.0,549,,9085,88.0,76576,137412
2020-09-19,21:00:00,,115,Cabo Verde,557290,5141,78.0,50,1.0,4548,83.0,543,,9225,90.0,76576,137408
2020-09-20,22:31:00,,115,Cabo Verde,557306,5186,45.0,50,0.0,4581,33.0,555,,9305,90.0,76576,137404
2020-09-21,21:01:00,,115,Cabo Verde,557323,5257,71.0,51,1.0,4599,18.0,607,,9433,92.0,76576,137400
2020-09-22,21:01:00,,115,Cabo Verde,557339,5281,24.0,52,1.0,4674,75.0,555,,9475,93.0,76576,137396
2020-09-23,19:58:00,,115,Cabo Verde,557356,5337,56.0,52,0.0,4742,68.0,543,,9576,93.0,76576,137392
2020-09-24,21:00:00,,115,Cabo Verde,557372,5412,75.0,54,2.0,4837,95.0,521,,9710,97.0,76576,137388
2020-09-25,21:00:00,,115,Cabo Verde,557389,5479,67.0,55,1.0,4917,80.0,507,,9830,99.0,76576,137383
2020-09-26,21:00:00,,115,Cabo Verde,557405,5628,149.0,55,0.0,4982,65.0,591,,10097,99.0,76576,137379
2020-09-27,22:45:00,,115,Cabo Verde,557422,5701,73.0,56,1.0,5018,36.0,627,,10227,100.0,76576,137375
2020-09-28,22:00:00,,115,Cabo Verde,557438,5771,70.0,57,1.0,5031,13.0,683,,10353,102.0,76576,137371
2020-09-29,21:35:00,,115,Cabo Verde,557455,5817,46.0,59,2.0,5134,103.0,624,,10435,106.0,76576,137367
2020-09-30,22:00:00,,115,Cabo Verde,557471,6024,207.0,60,1.0,5277,143.0,687,,10806,108.0,76576,137363
2020-10-01,21:31:00,,115,Cabo Verde,557488,6024,0.0,60,0.0,5277,0.0,687,,10806,108.0,76576,137359
2020-10-02,22:36:00,,115,Cabo Verde,557504,6205,181.0,62,2.0,5399,122.0,744,,11130,111.0,76576,137355
2020-10-03,22:24:00,,115,Cabo Verde,557521,6296,91.0,62,0.0,5409,10.0,825,,11293,111.0,76576,137351
2020-10-04,21:01:00,,115,Cabo Verde,557537,6296,0.0,62,0.0,5409,0.0,825,,11293,111.0,76576,137347
2020-10-05,22:13:00,,115,Cabo Verde,557554,6360,64.0,65,3.0,5416,7.0,879,,11407,117.0,76576,137343
2020-10-06,23:01:00,,115,Cabo Verde,557570,6518,158.0,69,4.0,5632,216.0,817,,11690,124.0,87076,156171
2020-10-07,23:01:00,,115,Cabo Verde,557587,6624,106.0,71,2.0,5684,52.0,869,,11880,127.0,87076,156166
2020-10-08,23:59:00,,115,Cabo Verde,557603,6717,93.0,71,0.0,5821,137.0,825,,12046,127.0,87076,156161
2020-10-09,23:00:00,,115,Cabo Verde,557620,6717,0.0,71,0.0,5821,0.0,825,,12046,127.0,87076,156157
2020-10-10,23:00:00,,115,Cabo Verde,557636,6809,92.0,73,2.0,5932,111.0,804,23.0,12210,131.0,87076,156152
2020-10-12,23:10:00,,115,Cabo Verde,557669,7072,263.0,75,2.0,5981,49.0,1016,23.0,12681,134.0,87076,156143
2020-10-13,23:01:00,,115,Cabo Verde,557686,7254,182.0,77,2.0,6210,229.0,967,23.0,13007,138.0,87076,156138
2020-10-14,23:01:00,,115,Cabo Verde,557702,7254,0.0,77,0.0,6210,0.0,967,23.0,13007,138.0,87076,156134
2020-10-15,14:09:00,11:06:00,115,Cabo Verde,557719,7371,117.0,79,2.0,6270,60.0,1022,23.0,13216,142.0,87076,156129
2020-10-16,22:08:00,19:06:00,115,Cabo Verde,557735,7444,73.0,79,0.0,6348,78.0,1017,23.0,13347,142.0,87480,156849
2020-10-17,23:01:00,19:58:00,115,Cabo Verde,557751,7526,82.0,82,3.0,6425,77.0,1019,23.0,13493,147.0,87480,156844
2020-10-18,22:05:00,19:03:00,115,Cabo Verde,557768,7638,112.0,85,3.0,6473,48.0,1080,23.0,13694,152.0,87480,156839
2020-10-19,22:05:00,18:59:00,115,Cabo Verde,557784,7752,114.0,86,1.0,6526,53.0,1140,23.0,13898,154.0,87480,156835
2020-10-20,22:05:00,19:04:00,115,Cabo Verde,557801,7901,149.0,87,1.0,6792,266.0,1022,23.0,14165,156.0,87480,156830
2020-10-21,22:05:00,19:03:00,115,Cabo Verde,557817,7901,0.0,87,0.0,6792,0.0,1022,23.0,14164,156.0,87480,156826
2020-10-22,22:05:00,19:04:00,115,Cabo Verde,557834,8033,132.0,90,3.0,6835,43.0,1108,23.0,14400,161.0,87480,156821
2020-10-23,22:05:00,19:02:00,115,Cabo Verde,557850,8122,89.0,91,1.0,6940,105.0,1091,23.0,14559,163.0,87480,156816
2020-10-24,23:41:00,20:40:00,115,Cabo Verde,557867,8198,76.0,94,3.0,7034,94.0,1070,23.0,14695,168.0,87480,156812
2020-10-25,23:00:00,20:58:00,115,Cabo Verde,557883,8396,198.0,94,0.0,7285,251.0,1017,23.0,15050,168.0,87480,156807
2020-10-26,23:00:00,20:56:00,115,Cabo Verde,557900,8423,27.0,94,0.0,7455,170.0,874,23.0,15098,168.0,87480,156802
2020-10-27,23:00:00,20:58:00,115,Cabo Verde,557916,8472,49.0,94,0.0,7599,144.0,779,23.0,15185,168.0,87480,156798
2020-10-28,23:00:00,20:58:00,115,Cabo Verde,557933,8548,76.0,94,0.0,7701,102.0,753,23.0,15321,168.0,87480,156793
2020-10-29,23:00:00,20:57:00,115,Cabo Verde,557949,8603,55.0,95,1.0,7796,95.0,712,23.0,15419,170.0,87480,156789
2020-10-30,23:00:00,20:58:00,115,Cabo Verde,557966,8694,91.0,95,0.0,7913,117.0,686,23.0,15582,170.0,87480,156784
2020-10-31,23:00:00,20:59:00,115,Cabo Verde,557982,8793,99.0,95,0.0,7981,68.0,717,23.0,15759,170.0,94729,169771
