Scrap_time,Update_time_GMT,Date,Country_id,Country,Population,TotalCases,NewCases,TotalDeaths,NewDeaths,TotalRecovered,NewRecovered,ActiveCases,SeriousCritical,Tot_Cases_1Mpop,Deaths_1Mpop,TotalTests,Tests_1Mpop
2020-08-02 20:00:00,,2020-08-02,181,Cambodia,16738214,240,,,,196,,44,1.0,14,,65371,3905
2020-08-08 20:00:00,,2020-08-08,181,Cambodia,16742008,246,6.0,,,215,19.0,31,1.0,15,,70664,4221
2020-08-12 20:00:00,,2020-08-12,181,Cambodia,16744537,268,22.0,,,220,5.0,48,1.0,16,,75034,4481
2020-08-16 20:00:00,,2020-08-16,181,Cambodia,16747066,273,5.0,,,238,18.0,35,1.0,16,,79860,4769
2020-08-17 20:00:00,,2020-08-17,181,Cambodia,16747699,273,0.0,,,238,0.0,35,1.0,16,,80632,4815
2020-08-18 20:00:00,,2020-08-18,181,Cambodia,16748331,273,0.0,,,238,0.0,35,1.0,16,,81637,4874
2020-08-19 20:00:00,,2020-08-19,181,Cambodia,16748963,273,0.0,,,251,13.0,22,1.0,16,,82891,4949
2020-08-20 17:53:00,,2020-08-20,181,Cambodia,16749596,273,0.0,,,253,2.0,20,1.0,16,,83626,4993
2020-08-23 21:09:00,,2020-08-23,181,Cambodia,16751493,273,0.0,,,263,10.0,10,1.0,16,,86606,5170
2020-08-24 17:10:00,,2020-08-24,181,Cambodia,16752125,273,0.0,,,263,0.0,10,1.0,16,,88699,5295
2020-08-25 23:00:00,,2020-08-25,181,Cambodia,16752757,273,0.0,,,263,0.0,10,1.0,16,,89953,5369
2020-08-26 22:59:00,,2020-08-26,181,Cambodia,16753390,273,0.0,,,264,1.0,9,1.0,16,,91159,5441
2020-08-27 23:00:00,,2020-08-27,181,Cambodia,16754022,273,0.0,,,264,0.0,9,1.0,16,,91159,5441
2020-08-28 23:01:00,,2020-08-28,181,Cambodia,16754654,273,0.0,,,265,1.0,8,1.0,16,,93462,5578
2020-08-29 12:29:00,,2020-08-29,181,Cambodia,16755287,273,0.0,,,265,0.0,8,1.0,16,,94937,5666
2020-08-30 23:00:00,,2020-08-30,181,Cambodia,16755919,273,0.0,,,265,0.0,8,1.0,16,,96451,5756
2020-08-31 18:58:00,,2020-08-31,181,Cambodia,16756551,274,1.0,,,266,1.0,8,1.0,16,,97645,5827
2020-09-01 23:00:00,,2020-09-01,181,Cambodia,16757184,274,0.0,,,266,0.0,8,1.0,16,,98687,5889
2020-09-02 23:01:00,,2020-09-02,181,Cambodia,16757816,274,0.0,,,266,0.0,8,1.0,16,,100002,5967
2020-09-03 23:01:00,,2020-09-03,181,Cambodia,16758448,274,0.0,,,271,5.0,3,1.0,16,,101262,6042
2020-09-04 07:01:00,,2020-09-04,181,Cambodia,16759081,274,0.0,,,272,1.0,2,1.0,16,,102729,6130
2020-09-05 23:31:00,,2020-09-05,181,Cambodia,16759713,274,0.0,,,272,0.0,2,1.0,16,,104187,6217
2020-09-06 18:30:00,,2020-09-06,181,Cambodia,16760346,274,0.0,,,272,0.0,2,1.0,16,,105531,6296
2020-09-07 23:39:00,,2020-09-07,181,Cambodia,16760978,274,0.0,,,272,0.0,2,1.0,16,,106529,6356
2020-09-08 22:10:00,,2020-09-08,181,Cambodia,16761610,274,0.0,,,273,1.0,1,1.0,16,,108083,6448
2020-09-10 22:01:00,,2020-09-10,181,Cambodia,16762875,274,0.0,,,273,0.0,1,1.0,16,,110438,6588
2020-09-11 22:00:00,,2020-09-11,181,Cambodia,16763507,274,0.0,,,274,1.0,0,,16,,112082,6686
2020-09-12 22:22:00,,2020-09-12,181,Cambodia,16764140,274,0.0,,,274,0.0,0,,16,,113469,6769
2020-09-13 22:01:00,,2020-09-13,181,Cambodia,16764772,275,1.0,,,274,0.0,1,,16,,113469,6768
2020-09-14 22:04:00,,2020-09-14,181,Cambodia,16765404,275,0.0,,,274,0.0,1,,16,,116112,6926
2020-09-15 21:00:00,,2020-09-15,181,Cambodia,16766037,275,0.0,,,274,0.0,1,,16,,117214,6991
2020-09-16 21:01:00,,2020-09-16,181,Cambodia,16766669,275,0.0,,,274,0.0,1,,16,,118717,7081
2020-09-18 20:01:00,,2020-09-18,181,Cambodia,16767934,275,0.0,,,274,0.0,1,,16,,121530,7248
2020-09-19 21:00:00,,2020-09-19,181,Cambodia,16768566,275,0.0,,,274,0.0,1,,16,,122693,7317
2020-09-20 22:31:00,,2020-09-20,181,Cambodia,16769198,275,0.0,,,274,0.0,1,,16,,122693,7317
2020-09-21 21:01:00,,2020-09-21,181,Cambodia,16769831,275,0.0,,,274,0.0,1,,16,,124678,7435
2020-09-22 21:01:00,,2020-09-22,181,Cambodia,16770463,275,0.0,,,274,0.0,1,,16,,126315,7532
2020-09-23 19:58:00,,2020-09-23,181,Cambodia,16771095,275,0.0,,,274,0.0,1,,16,,127777,7619
2020-09-24 21:00:00,,2020-09-24,181,Cambodia,16771728,275,0.0,,,274,0.0,1,,16,,128969,7690
2020-09-25 21:00:00,,2020-09-25,181,Cambodia,16772360,275,0.0,,,274,0.0,1,,16,,128969,7689
2020-09-26 21:00:00,,2020-09-26,181,Cambodia,16772992,275,0.0,,,274,0.0,1,,16,,131871,7862
2020-09-27 22:45:00,,2020-09-27,181,Cambodia,16773625,276,1.0,,,274,0.0,2,,16,,131871,7862
2020-09-28 22:00:00,,2020-09-28,181,Cambodia,16774257,276,0.0,,,275,1.0,1,,16,,134321,8008
2020-09-29 21:35:00,,2020-09-29,181,Cambodia,16774889,277,1.0,,,275,0.0,2,,17,,135733,8091
2020-09-30 22:00:00,,2020-09-30,181,Cambodia,16775522,277,0.0,,,275,0.0,2,,17,,137326,8186
2020-10-01 21:31:00,,2020-10-01,181,Cambodia,16776154,277,0.0,,,275,0.0,2,,17,,138584,8261
2020-10-02 22:36:00,,2020-10-02,181,Cambodia,16776786,278,1.0,,,275,0.0,3,,17,,140194,8356
2020-10-03 22:24:00,,2020-10-03,181,Cambodia,16777419,278,0.0,,,275,0.0,3,,17,,141676,8444
2020-10-04 21:01:00,,2020-10-04,181,Cambodia,16778051,278,0.0,,,275,0.0,3,,17,,142983,8522
2020-10-05 22:13:00,,2020-10-05,181,Cambodia,16778683,280,2.0,,,275,0.0,5,,17,,144119,8589
2020-10-06 23:01:00,,2020-10-06,181,Cambodia,16779316,280,0.0,,,276,1.0,4,,17,,145448,8668
2020-10-07 23:01:00,,2020-10-07,181,Cambodia,16779948,280,0.0,,,276,0.0,4,,17,,147071,8765
2020-10-08 23:59:00,,2020-10-08,181,Cambodia,16780580,281,1.0,,,276,0.0,5,,17,,148120,8827
2020-10-09 23:00:00,,2020-10-09,181,Cambodia,16781213,282,1.0,,,277,1.0,5,,17,,148120,8827
2020-10-10 23:00:00,,2020-10-10,181,Cambodia,16781845,283,1.0,,,277,0.0,6,,17,,151514,9028
2020-10-12 23:10:00,,2020-10-12,181,Cambodia,16783110,283,0.0,,,278,1.0,5,,17,,154364,9198
2020-10-13 23:01:00,,2020-10-13,181,Cambodia,16783742,283,0.0,,,278,0.0,5,,17,,155648,9274
2020-10-14 23:01:00,,2020-10-14,181,Cambodia,16784374,283,0.0,,,278,0.0,5,,17,,157306,9372
2020-10-15 14:09:00,11:06:00,2020-10-15,181,Cambodia,16785007,283,0.0,,,278,0.0,5,,17,,158636,9451
2020-10-16 22:08:00,19:06:00,2020-10-16,181,Cambodia,16785639,283,0.0,,,278,0.0,5,,17,,158636,9451
2020-10-17 23:01:00,19:58:00,2020-10-17,181,Cambodia,16786271,283,0.0,,,280,2.0,3,,17,,161795,9639
2020-10-18 22:05:00,19:03:00,2020-10-18,181,Cambodia,16786904,283,0.0,,,280,0.0,3,,17,,161795,9638
2020-10-19 22:05:00,18:59:00,2020-10-19,181,Cambodia,16787536,283,0.0,,,280,0.0,3,,17,,164439,9795
2020-10-20 22:05:00,19:04:00,2020-10-20,181,Cambodia,16788168,285,2.0,,,280,0.0,5,,17,,165994,9888
2020-10-21 22:05:00,19:03:00,2020-10-21,181,Cambodia,16788801,286,1.0,,,280,0.0,6,,17,,167904,10001
2020-10-22 22:05:00,19:04:00,2020-10-22,181,Cambodia,16789433,286,0.0,,,280,0.0,6,,17,,169049,10069
2020-10-23 22:05:00,19:02:00,2020-10-23,181,Cambodia,16790066,286,0.0,,,280,0.0,6,,17,,170495,10155
2020-10-24 23:41:00,20:40:00,2020-10-24,181,Cambodia,16790698,287,1.0,,,283,3.0,4,,17,,172232,10258
2020-10-25 23:00:00,20:58:00,2020-10-25,181,Cambodia,16791330,287,0.0,,,283,0.0,4,,17,,173538,10335
2020-10-26 23:00:00,20:56:00,2020-10-26,181,Cambodia,16791963,287,0.0,,,283,0.0,4,,17,,174301,10380
2020-10-27 23:00:00,20:58:00,2020-10-27,181,Cambodia,16792595,288,1.0,,,283,0.0,5,,17,,174301,10380
2020-10-28 23:00:00,20:58:00,2020-10-28,181,Cambodia,16793227,290,2.0,,,283,0.0,7,,17,,176769,10526
2020-10-29 23:00:00,20:57:00,2020-10-29,181,Cambodia,16793860,290,0.0,,,283,0.0,7,,17,,178303,10617
2020-10-30 23:00:00,20:58:00,2020-10-30,181,Cambodia,16794492,291,1.0,,,283,0.0,8,,17,,180378,10740
2020-10-31 23:00:00,20:59:00,2020-10-31,181,Cambodia,16795124,291,0.0,,,283,0.0,8,,17,,180378,10740
2020-11-01 23:00:00,20:59:00,2020-11-01,181,Cambodia,16795757,291,0.0,,,283,0.0,8,,17,,182916,10891
2020-11-02 23:00:00,20:57:00,2020-11-02,181,Cambodia,16796389,292,1.0,,,283,0.0,9,,17,,184268,10971
2020-11-03 23:00:00,20:59:00,2020-11-03,181,Cambodia,16797021,292,0.0,,,283,0.0,9,,17,,186213,11086
2020-11-04 23:00:00,20:57:00,2020-11-04,181,Cambodia,16797654,292,0.0,,,283,0.0,9,,17,,186213,11086
2020-11-05 23:00:00,20:59:00,2020-11-05,181,Cambodia,16798286,292,0.0,,,283,0.0,9,,17,,186213,11085
2020-11-06 23:00:00,20:58:00,2020-11-06,181,Cambodia,16798918,292,0.0,,,286,3.0,6,,17,,191564,11403
2020-11-07 23:00:00,20:57:00,2020-11-07,181,Cambodia,16799551,294,2.0,,,288,2.0,6,,18,,193223,11502
2020-11-08 23:00:00,20:49:00,2020-11-08,181,Cambodia,16800183,295,1.0,,,288,0.0,7,,18,,194839,11597
2020-11-09 23:00:00,20:59:00,2020-11-09,181,Cambodia,16800815,297,2.0,,,288,0.0,9,,18,,196194,11678
2020-11-10 23:00:00,20:59:00,2020-11-10,181,Cambodia,16801448,300,3.0,,,288,0.0,12,,18,,199510,11875
2020-11-11 23:00:00,20:56:00,2020-11-11,181,Cambodia,16802080,301,1.0,,,288,0.0,13,,18,,199510,11874
2020-11-12 23:00:00,20:59:00,2020-11-12,181,Cambodia,16802712,301,0.0,,,288,0.0,13,,18,,203256,12097
2020-11-13 23:00:00,20:58:00,2020-11-13,181,Cambodia,16803345,301,0.0,,,289,1.0,12,,18,,203256,12096
2020-11-14 23:00:00,20:57:00,2020-11-14,181,Cambodia,16803977,302,1.0,,,289,0.0,13,,18,,207148,12327
2020-11-15 23:00:00,20:53:00,2020-11-15,181,Cambodia,16804609,302,0.0,,,289,0.0,13,,18,,208154,12387
2020-11-16 23:00:00,20:59:00,2020-11-16,181,Cambodia,16805242,302,0.0,,,289,0.0,13,,18,,208154,12386
2020-11-17 23:00:00,20:58:00,2020-11-17,181,Cambodia,16805874,303,1.0,,,291,2.0,12,,18,,210928,12551
2020-11-18 23:00:00,20:57:00,2020-11-18,181,Cambodia,16806506,304,1.0,,,291,0.0,13,,18,,213214,12686
2020-11-19 23:00:00,20:59:00,2020-11-19,181,Cambodia,16807139,304,0.0,,,291,0.0,13,,18,,215132,12800
2020-11-20 23:00:00,20:59:00,2020-11-20,181,Cambodia,16807771,304,0.0,,,291,0.0,13,,18,,215132,12800
2020-11-21 23:00:00,20:58:00,2020-11-21,181,Cambodia,16808403,305,1.0,,,295,4.0,10,,18,,217605,12946
2020-11-22 23:00:00,20:59:00,2020-11-22,181,Cambodia,16809036,306,1.0,,,295,0.0,11,,18,,219004,13029
2020-11-23 23:00:00,20:58:00,2020-11-23,181,Cambodia,16809668,306,0.0,,,295,0.0,11,,18,,219004,13028
2020-11-24 23:00:00,20:57:00,2020-11-24,181,Cambodia,16810300,306,0.0,,,296,1.0,10,,18,,221174,13157
2020-11-25 23:00:00,20:58:00,2020-11-25,181,Cambodia,16810933,307,1.0,,,298,2.0,9,,18,,223217,13278
2020-11-26 23:00:00,20:47:00,2020-11-26,181,Cambodia,16811565,307,0.0,,,298,0.0,9,,18,,224708,13366
2020-11-27 23:00:00,20:59:00,2020-11-27,181,Cambodia,16812197,307,0.0,,,298,0.0,9,,18,,226315,13461
2020-11-28 23:00:00,20:46:00,2020-11-28,181,Cambodia,16812830,308,1.0,,,299,1.0,9,,18,,227667,13541
2020-11-29 23:00:00,20:51:00,2020-11-29,181,Cambodia,16813462,315,7.0,,,301,2.0,14,,19,,228972,13618
2020-11-30 23:00:00,20:57:00,2020-11-30,181,Cambodia,16814094,323,8.0,,,301,0.0,22,,19,,228972,13618
2020-12-01 23:00:00,20:55:00,2020-12-01,181,Cambodia,16814727,326,3.0,,,304,3.0,22,,19,,231443,13764
2020-12-02 23:00:00,20:58:00,2020-12-02,181,Cambodia,16815359,329,3.0,,,304,0.0,25,,20,,231443,13764
2020-12-03 23:00:00,20:59:00,2020-12-03,181,Cambodia,16815991,331,2.0,,,304,0.0,27,,20,,235154,13984
2020-12-04 23:00:00,20:57:00,2020-12-04,181,Cambodia,16816624,335,4.0,,,304,0.0,31,,20,,237040,14096
2020-12-05 23:00:00,20:58:00,2020-12-05,181,Cambodia,16817256,345,10.0,,,305,1.0,40,,21,,238478,14181
2020-12-06 23:00:00,20:51:00,2020-12-06,181,Cambodia,16817889,346,1.0,,,306,1.0,40,,21,,240491,14300
2020-12-07 23:00:00,20:57:00,2020-12-07,181,Cambodia,16818521,348,2.0,,,306,0.0,42,,21,,241529,14361
2020-12-08 23:00:00,20:59:00,2020-12-08,181,Cambodia,16819153,350,2.0,,,307,1.0,43,,21,,242754,14433
2020-12-09 23:00:00,20:59:00,2020-12-09,181,Cambodia,16819786,354,4.0,,,307,0.0,47,,21,,242754,14433
2020-12-10 23:00:00,20:59:00,2020-12-10,181,Cambodia,16820418,356,2.0,,,307,0.0,49,,21,,242754,14432
2020-12-11 23:00:00,20:59:00,2020-12-11,181,Cambodia,16821050,357,1.0,,,307,0.0,50,,21,,242754,14432
2020-12-12 23:00:00,20:58:00,2020-12-12,181,Cambodia,16821683,357,0.0,,,307,0.0,50,,21,,251032,14923
2020-12-13 23:00:00,20:59:00,2020-12-13,181,Cambodia,16822315,359,2.0,,,307,0.0,52,,21,,258400,15361
2020-12-14 23:35:00,21:34:00,2020-12-14,181,Cambodia,16822947,359,0.0,,,309,2.0,50,,21,,258400,15360
2020-12-15 23:00:00,20:59:00,2020-12-15,181,Cambodia,16823580,362,3.0,,,312,3.0,50,,22,,258400,15359
2020-12-16 23:00:00,20:58:00,2020-12-16,181,Cambodia,16824212,362,0.0,,,319,7.0,43,,22,,258400,15359
2020-12-17 23:00:00,20:56:00,2020-12-17,181,Cambodia,16824844,362,0.0,,,324,5.0,38,,22,,265509,15781
2020-12-18 23:00:00,20:57:00,2020-12-18,181,Cambodia,16825477,362,0.0,,,341,17.0,21,,22,,265509,15780
2020-12-19 23:59:00,22:11:00,2020-12-19,181,Cambodia,16826109,362,0.0,,,345,4.0,17,,22,,265509,15780
2020-12-20 23:00:00,20:54:00,2020-12-20,181,Cambodia,16826741,362,0.0,,,345,0.0,17,,22,,265509,15779
2020-12-21 23:00:00,20:59:00,2020-12-21,181,Cambodia,16827374,363,1.0,,,345,0.0,18,,22,,265509,15778
2020-12-22 23:00:00,20:59:00,2020-12-22,181,Cambodia,16828006,363,0.0,,,347,2.0,16,,22,,265509,15778
2020-12-23 23:00:00,20:58:00,2020-12-23,181,Cambodia,16828638,363,0.0,,,349,2.0,14,,22,,265509,15777
2020-12-24 23:00:00,20:55:00,2020-12-24,181,Cambodia,16829271,363,0.0,,,351,2.0,12,,22,,265509,15777
2020-12-25 23:00:00,20:59:00,2020-12-25,181,Cambodia,16829903,363,0.0,,,354,3.0,9,,22,,277883,16511
2020-12-26 23:00:00,20:59:00,2020-12-26,181,Cambodia,16830535,363,0.0,,,355,1.0,8,,22,,280095,16642
2020-12-27 23:00:00,20:56:00,2020-12-27,181,Cambodia,16831168,364,1.0,,,356,1.0,8,,22,,281863,16746
2020-12-28 23:00:00,20:58:00,2020-12-28,181,Cambodia,16831800,364,0.0,,,360,4.0,4,,22,,325926,19364
2020-12-29 23:00:00,20:54:00,2020-12-29,181,Cambodia,16832432,364,0.0,,,360,0.0,4,,22,,325926,19363
2020-12-30 23:00:00,20:54:00,2020-12-30,181,Cambodia,16833065,364,0.0,,,361,1.0,3,,22,,325926,19362
2020-12-31 23:00:00,20:44:00,2020-12-31,181,Cambodia,16833697,366,2.0,,,361,0.0,5,,22,,332211,19735
2021-01-01 23:00:00,20:54:00,2021-01-01,181,Cambodia,16834329,378,12.0,,,362,1.0,16,,22,,334044,19843
2021-01-02 23:00:00,20:56:00,2021-01-02,181,Cambodia,16834962,379,1.0,,,362,0.0,17,,23,,336070,19963
2021-01-03 23:00:00,20:59:00,2021-01-03,181,Cambodia,16835594,381,2.0,,,362,0.0,19,,23,,337992,20076
2021-01-04 23:00:00,20:57:00,2021-01-04,181,Cambodia,16836226,382,1.0,,,362,0.0,20,,23,,337992,20075
2021-01-05 23:00:00,20:51:00,2021-01-05,181,Cambodia,16836859,382,0.0,,,362,0.0,20,,23,,341480,20282
2021-01-06 23:00:00,20:59:00,2021-01-06,181,Cambodia,16837491,383,1.0,,,362,0.0,21,,23,,341480,20281
2021-01-07 23:00:00,20:59:00,2021-01-07,181,Cambodia,16838123,385,2.0,,,362,0.0,23,,23,,341480,20280
2021-01-08 23:00:00,20:59:00,2021-01-08,181,Cambodia,16838756,386,1.0,,,362,0.0,24,,23,,349402,20750
2021-01-09 23:00:00,20:55:00,2021-01-09,181,Cambodia,16839388,387,1.0,,,365,3.0,22,,23,,351563,20877
2021-01-10 23:32:00,21:29:00,2021-01-10,181,Cambodia,16840020,391,4.0,,,371,6.0,20,,23,,354130,21029
2021-01-11 23:40:00,21:37:00,2021-01-11,181,Cambodia,16840653,392,1.0,,,374,3.0,18,,23,,355903,21134
2021-01-12 23:52:00,21:48:00,2021-01-12,181,Cambodia,16841285,392,0.0,,,374,0.0,18,,23,,355903,21133
2021-01-13 23:58:00,21:57:00,2021-01-13,181,Cambodia,16841917,398,6.0,,,376,2.0,22,,24,,361488,21464
2021-01-14 23:55:00,21:54:00,2021-01-14,181,Cambodia,16842550,411,13.0,,,377,1.0,34,,24,,364159,21621
2021-01-15 19:50:00,00:00:00,2021-01-15,181,Cambodia,16843814,426,15.0,,,381,4.0,45,,25,,364159,21620
2021-01-16 23:55:00,21:54:00,2021-01-16,181,Cambodia,16843814,436,10.0,,,382,1.0,54,,26,,364159,21620
2021-01-17 23:55:00,21:54:00,2021-01-17,181,Cambodia,16844447,439,3.0,,,385,3.0,54,,26,,364159,21619
2021-01-18 23:55,21:42:00,2021-01-18,181,Cambodia,16845079,439,0.0,,,386,1.0,53,,26,,373177,22153
2021-01-19 08:37:00,00:00:00,2021-01-19,181,Cambodia,16846344,441,2.0,,,386,0.0,55,,26,,373177,22152
2021-01-20 09:12:00,00:00:00,2021-01-20,181,Cambodia,16846976,448,7.0,,,392,6.0,56,,27,,377989,22437
2021-01-21 23:55:00,21:54:00,2021-01-21,181,Cambodia,16846976,453,5.0,,,396,4.0,57,,27,,380057,22559
2021-01-23 19:52:52,00:00:00,2021-01-22,181,Cambodia,16848241,456,3.0,,,399,3.0,57,,27,,380057,22558
2021-01-24 12:00:13,00:00:00,2021-01-23,181,Cambodia,16848873,456,0.0,,,403,4.0,53,,27,,384988,22849
2021-01-25 17:11:50,00:00:00,2021-01-24,181,Cambodia,16849506,458,2.0,,,405,2.0,53,,27,,384988,22849
2021-01-26 12:00:13,00:00:00,2021-01-25,181,Cambodia,16850138,458,0.0,,,409,4.0,49,,27,,389799,23133
2021-01-27 12:41:58,00:00:00,2021-01-26,181,Cambodia,16850770,460,2.0,,,412,3.0,48,,27,,389799,23132
2021-01-29 12:00:10,00:00:00,2021-01-28,181,Cambodia,16852035,461,1.0,,,428,16.0,33,,27,,389799,23131
2021-01-30 13:08:13,00:00:00,2021-01-29,181,Cambodia,16852667,463,2.0,,,438,10.0,25,,27,,389799,23130
2021-01-31 12:00:16,00:00:00,2021-01-30,181,Cambodia,16853300,464,1.0,,,443,5.0,21,,28,,389799,23129
2021-02-01 12:00:11,00:00:00,2021-01-31,181,Cambodia,16853932,465,1.0,,,443,0.0,22,,28,,389799,23128
2021-02-02 17:41:20,00:00:00,2021-02-01,181,Cambodia,16854564,466,1.0,,,443,0.0,23,,28,,403722,23953
2021-02-02 17:45:52,00:00:00,2021-02-01,181,Cambodia,16854564,466,0.0,,,443,0.0,23,,28,,403722,23953
2021-02-03 20:15:15,00:00:00,2021-02-02,181,Cambodia,16855197,466,0.0,,,443,0.0,23,,28,,403722,23952
2021-02-04 12:00:13,00:00:00,2021-02-03,181,Cambodia,16855829,466,0.0,,,447,4.0,19,,28,,407915,24200
2021-02-05 12:00:12,00:00:00,2021-02-04,181,Cambodia,16856461,467,1.0,,,451,4.0,16,,28,,410350,24344
2021-02-06 12:00:13,00:00:00,2021-02-05,181,Cambodia,16857094,470,3.0,,,452,1.0,18,,28,,410350,24343
2021-02-07 21:04:03,00:00:00,2021-02-06,181,Cambodia,16857726,472,2.0,,,453,1.0,19,,28,,410350,24342
2021-02-07 21:06:30,00:00:00,2021-02-06,181,Cambodia,16857726,472,0.0,,,453,0.0,19,,28,,410350,24342
2021-02-08 12:00:13,00:00:00,2021-02-07,181,Cambodia,16858358,474,2.0,,,454,1.0,20,,28,,417235,24749
2021-02-09 17:26:00,00:00:00,2021-02-08,181,Cambodia,16858991,474,0.0,,,454,0.0,20,,28,,417235,24749
2021-02-10 12:00:14,00:00:00,2021-02-09,181,Cambodia,16859623,476,2.0,,,457,3.0,19,,28,,421701,25012
2021-02-11 12:00:14,00:00:00,2021-02-10,181,Cambodia,16860255,478,2.0,,,457,0.0,21,,28,,423939,25144
