Scrap_time,Update_time_GMT,Date,Country_id,Country,Population,TotalCases,NewCases,TotalDeaths,NewDeaths,TotalRecovered,NewRecovered,ActiveCases,SeriousCritical,Tot_Cases_1Mpop,Deaths_1Mpop,TotalTests,Tests_1Mpop
2020-08-02 20:00:00,,2020-08-02,157,Chad,16461500,936,,75,,813,,48,,57,5.0,,
2020-08-08 20:00:00,,2020-08-08,157,Chad,16469258,942,6.0,76,1.0,838,25.0,28,,57,5.0,,
2020-08-12 20:00:00,,2020-08-12,157,Chad,16474431,946,4.0,76,0.0,859,21.0,11,,57,5.0,,
2020-08-16 20:00:00,,2020-08-16,157,Chad,16479603,952,6.0,76,0.0,864,5.0,12,,58,5.0,,
2020-08-17 20:00:00,,2020-08-17,157,Chad,16480896,956,4.0,76,0.0,865,1.0,15,,58,5.0,,
2020-08-18 20:00:00,,2020-08-18,157,Chad,16482189,959,3.0,76,0.0,865,0.0,18,,58,5.0,,
2020-08-19 20:00:00,,2020-08-19,157,Chad,16483482,970,11.0,76,0.0,865,0.0,29,,59,5.0,,
2020-08-20 17:53:00,,2020-08-20,157,Chad,16484775,971,1.0,76,0.0,868,3.0,27,,59,5.0,,
2020-08-23 21:09:00,,2020-08-23,157,Chad,16488654,986,15.0,76,0.0,870,2.0,40,,60,5.0,,
2020-08-24 17:10:00,,2020-08-24,157,Chad,16489947,986,0.0,76,0.0,870,0.0,40,,60,5.0,,
2020-08-25 23:00:00,,2020-08-25,157,Chad,16491240,995,9.0,77,1.0,871,1.0,47,,60,5.0,,
2020-08-26 22:59:00,,2020-08-26,157,Chad,16492533,995,0.0,77,0.0,871,0.0,47,,60,5.0,,
2020-08-27 23:00:00,,2020-08-27,157,Chad,16493826,998,3.0,77,0.0,873,2.0,48,,61,5.0,,
2020-08-28 23:01:00,,2020-08-28,157,Chad,16495119,1004,6.0,77,0.0,875,2.0,52,,61,5.0,,
2020-08-29 12:29:00,,2020-08-29,157,Chad,16496412,1008,4.0,77,0.0,878,3.0,53,,61,5.0,,
2020-08-30 23:00:00,,2020-08-30,157,Chad,16497705,1012,4.0,77,0.0,878,0.0,57,,61,5.0,,
2020-08-31 18:58:00,,2020-08-31,157,Chad,16498998,1012,0.0,77,0.0,878,0.0,57,,61,5.0,,
2020-09-01 23:00:00,,2020-09-01,157,Chad,16500291,1013,1.0,77,0.0,880,2.0,56,,61,5.0,,
2020-09-02 23:01:00,,2020-09-02,157,Chad,16501584,1017,4.0,77,0.0,884,4.0,56,,62,5.0,,
2020-09-03 23:01:00,,2020-09-03,157,Chad,16502877,1017,0.0,77,0.0,904,20.0,36,,62,5.0,,
2020-09-04 07:01:00,,2020-09-04,157,Chad,16504170,1018,1.0,77,0.0,908,4.0,33,,62,5.0,,
2020-09-05 23:31:00,,2020-09-05,157,Chad,16505463,1034,16.0,77,0.0,914,6.0,43,,63,5.0,,
2020-09-06 18:30:00,,2020-09-06,157,Chad,16506756,1034,0.0,77,0.0,914,0.0,43,,63,5.0,,
2020-09-07 23:39:00,,2020-09-07,157,Chad,16508049,1039,5.0,79,2.0,918,4.0,42,,63,5.0,,
2020-09-08 22:10:00,,2020-09-08,157,Chad,16509342,1045,6.0,79,0.0,927,9.0,39,,63,5.0,,
2020-09-10 22:01:00,,2020-09-10,157,Chad,16511928,1048,3.0,79,0.0,931,4.0,38,,63,5.0,,
2020-09-11 22:00:00,,2020-09-11,157,Chad,16513221,1051,3.0,79,0.0,932,1.0,40,,64,5.0,,
2020-09-12 22:22:00,,2020-09-12,157,Chad,16514514,1081,30.0,79,0.0,934,2.0,68,,65,5.0,,
2020-09-13 22:01:00,,2020-09-13,157,Chad,16515807,1084,3.0,80,1.0,938,4.0,66,,66,5.0,,
2020-09-14 22:04:00,,2020-09-14,157,Chad,16517100,1084,0.0,80,0.0,938,0.0,66,,66,5.0,,
2020-09-15 21:00:00,,2020-09-15,157,Chad,16518393,1085,1.0,81,1.0,940,2.0,64,,66,5.0,,
2020-09-16 21:01:00,,2020-09-16,157,Chad,16519686,1087,2.0,81,0.0,944,4.0,62,,66,5.0,,
2020-09-18 20:01:00,,2020-09-18,157,Chad,16522273,1115,28.0,81,0.0,962,18.0,72,,67,5.0,,
2020-09-19 21:00:00,,2020-09-19,157,Chad,16523566,1147,32.0,81,0.0,966,4.0,100,,69,5.0,,
2020-09-20 22:31:00,,2020-09-20,157,Chad,16524859,1149,2.0,81,0.0,966,0.0,102,,70,5.0,,
2020-09-21 21:01:00,,2020-09-21,157,Chad,16526152,1151,2.0,81,0.0,967,1.0,103,,70,5.0,,
2020-09-22 21:01:00,,2020-09-22,157,Chad,16527445,1153,2.0,81,0.0,967,0.0,105,,70,5.0,,
2020-09-23 19:58:00,,2020-09-23,157,Chad,16528738,1155,2.0,81,0.0,967,0.0,107,,70,5.0,,
2020-09-24 21:00:00,,2020-09-24,157,Chad,16530031,1164,9.0,82,1.0,997,30.0,85,,70,5.0,,
2020-09-25 21:00:00,,2020-09-25,157,Chad,16531324,1171,7.0,82,0.0,1003,6.0,86,,71,5.0,,
2020-09-26 21:00:00,,2020-09-26,157,Chad,16532617,1175,4.0,83,1.0,1004,1.0,88,,71,5.0,,
2020-09-27 22:45:00,,2020-09-27,157,Chad,16533910,1177,2.0,83,0.0,1005,1.0,89,,71,5.0,,
2020-09-28 22:00:00,,2020-09-28,157,Chad,16535203,1178,1.0,84,1.0,1005,0.0,89,,71,5.0,,
2020-09-29 21:35:00,,2020-09-29,157,Chad,16536496,1185,7.0,85,1.0,1006,1.0,94,,72,5.0,,
2020-09-30 22:00:00,,2020-09-30,157,Chad,16537789,1193,8.0,85,0.0,1007,1.0,101,,72,5.0,,
2020-10-01 21:31:00,,2020-10-01,157,Chad,16539082,1200,7.0,85,0.0,1007,0.0,108,,73,5.0,,
2020-10-02 22:36:00,,2020-10-02,157,Chad,16540375,1203,3.0,85,0.0,1067,60.0,51,,73,5.0,,
2020-10-03 22:24:00,,2020-10-03,157,Chad,16541668,1211,8.0,85,0.0,1070,3.0,56,,73,5.0,,
2020-10-04 21:01:00,,2020-10-04,157,Chad,16542961,1217,6.0,86,1.0,1075,5.0,56,,74,5.0,,
2020-10-05 22:13:00,,2020-10-05,157,Chad,16544254,1217,0.0,86,0.0,1075,0.0,56,,74,5.0,,
2020-10-06 23:01:00,,2020-10-06,157,Chad,16545547,1223,6.0,86,0.0,1075,0.0,62,,74,5.0,,
2020-10-07 23:01:00,,2020-10-07,157,Chad,16546840,1238,15.0,88,2.0,1077,2.0,73,,75,5.0,,
2020-10-08 23:59:00,,2020-10-08,157,Chad,16548133,1262,24.0,89,1.0,1098,21.0,75,,76,5.0,,
2020-10-09 23:00:00,,2020-10-09,157,Chad,16549426,1262,0.0,89,0.0,1098,0.0,75,,76,5.0,,
2020-10-10 23:00:00,,2020-10-10,157,Chad,16550719,1274,12.0,90,1.0,1102,4.0,82,,77,5.0,,
2020-10-12 23:10:00,,2020-10-12,157,Chad,16553305,1308,34.0,92,2.0,1117,15.0,99,,79,6.0,,
2020-10-13 23:01:00,,2020-10-13,157,Chad,16554598,1321,13.0,92,0.0,1120,3.0,109,,80,6.0,,
2020-10-14 23:01:00,,2020-10-14,157,Chad,16555891,1329,8.0,92,0.0,1120,0.0,117,,80,6.0,,
2020-10-15 14:09:00,11:06:00,2020-10-15,157,Chad,16557184,1329,0.0,92,0.0,1120,0.0,117,,80,6.0,,
2020-10-16 22:08:00,19:06:00,2020-10-16,157,Chad,16558477,1350,21.0,92,0.0,1120,0.0,138,,82,6.0,,
2020-10-17 23:01:00,19:58:00,2020-10-17,157,Chad,16559770,1365,15.0,93,1.0,1179,59.0,93,,82,6.0,,
2020-10-18 22:05:00,19:03:00,2020-10-18,157,Chad,16561063,1379,14.0,93,0.0,1181,2.0,105,,83,6.0,,
2020-10-19 22:05:00,18:59:00,2020-10-19,157,Chad,16562356,1390,11.0,93,0.0,1194,13.0,103,,84,6.0,,
2020-10-20 22:05:00,19:04:00,2020-10-20,157,Chad,16563649,1390,0.0,93,0.0,1194,0.0,103,,84,6.0,,
2020-10-21 22:05:00,19:03:00,2020-10-21,157,Chad,16564942,1404,14.0,96,3.0,1221,27.0,87,,85,6.0,,
2020-10-22 22:05:00,19:04:00,2020-10-22,157,Chad,16566235,1410,6.0,96,0.0,1223,2.0,91,,85,6.0,,
2020-10-23 22:05:00,19:02:00,2020-10-23,157,Chad,16567528,1423,13.0,96,0.0,1234,11.0,93,,86,6.0,,
2020-10-24 23:41:00,20:40:00,2020-10-24,157,Chad,16568821,1434,11.0,96,0.0,1254,20.0,84,,87,6.0,,
2020-10-25 23:00:00,20:58:00,2020-10-25,157,Chad,16570114,1437,3.0,96,0.0,1268,14.0,73,,87,6.0,,
2020-10-26 23:00:00,20:56:00,2020-10-26,157,Chad,16571408,1441,4.0,96,0.0,1277,9.0,68,,87,6.0,,
2020-10-27 23:00:00,20:58:00,2020-10-27,157,Chad,16572701,1460,19.0,96,0.0,1290,13.0,74,,88,6.0,,
2020-10-28 23:00:00,20:58:00,2020-10-28,157,Chad,16573994,1468,8.0,97,1.0,1306,16.0,65,,89,6.0,,
2020-10-29 23:00:00,20:57:00,2020-10-29,157,Chad,16575287,1473,5.0,97,0.0,1307,1.0,69,,89,6.0,,
2020-10-30 23:00:00,20:58:00,2020-10-30,157,Chad,16576580,1483,10.0,98,1.0,1314,7.0,71,,89,6.0,,
2020-10-31 23:00:00,20:59:00,2020-10-31,157,Chad,16577873,1483,0.0,98,0.0,1314,0.0,71,,89,6.0,,
2020-11-01 23:00:00,20:59:00,2020-11-01,157,Chad,16579166,1498,15.0,98,0.0,1324,10.0,76,,90,6.0,,
2020-11-02 23:00:00,20:57:00,2020-11-02,157,Chad,16580459,1498,0.0,98,0.0,1324,0.0,76,,90,6.0,,
2020-11-03 23:00:00,20:59:00,2020-11-03,157,Chad,16581752,1513,15.0,98,0.0,1331,7.0,84,,91,6.0,,
2020-11-04 23:00:00,20:57:00,2020-11-04,157,Chad,16583045,1517,4.0,99,1.0,1351,20.0,67,,91,6.0,,
2020-11-05 23:00:00,20:59:00,2020-11-05,157,Chad,16584338,1529,12.0,99,0.0,1354,3.0,76,,92,6.0,,
2020-11-06 23:00:00,20:58:00,2020-11-06,157,Chad,16585631,1538,9.0,99,0.0,1362,8.0,77,,93,6.0,,
2020-11-07 23:00:00,20:57:00,2020-11-07,157,Chad,16586924,1543,5.0,99,0.0,1365,3.0,79,,93,6.0,,
2020-11-08 23:00:00,20:49:00,2020-11-08,157,Chad,16588217,1543,0.0,99,0.0,1365,0.0,79,,93,6.0,,
2020-11-09 23:00:00,20:59:00,2020-11-09,157,Chad,16589510,1547,4.0,99,0.0,1382,17.0,66,,93,6.0,,
2020-11-10 23:00:00,20:59:00,2020-11-10,157,Chad,16590803,1561,14.0,99,0.0,1413,31.0,49,,94,6.0,,
2020-11-11 23:00:00,20:56:00,2020-11-11,157,Chad,16592096,1565,4.0,99,0.0,1420,7.0,46,,94,6.0,,
2020-11-12 23:00:00,20:59:00,2020-11-12,157,Chad,16593389,1578,13.0,100,1.0,1428,8.0,50,,95,6.0,,
2020-11-13 23:00:00,20:58:00,2020-11-13,157,Chad,16594682,1578,0.0,100,0.0,1428,0.0,50,,95,6.0,,
2020-11-14 23:00:00,20:57:00,2020-11-14,157,Chad,16595975,1591,13.0,100,0.0,1439,11.0,52,,96,6.0,,
2020-11-15 23:00:00,20:53:00,2020-11-15,157,Chad,16597268,1597,6.0,101,1.0,1443,4.0,53,,96,6.0,,
2020-11-16 23:00:00,20:59:00,2020-11-16,157,Chad,16598561,1603,6.0,101,0.0,1448,5.0,54,,97,6.0,,
2020-11-17 23:00:00,20:58:00,2020-11-17,157,Chad,16599854,1608,5.0,101,0.0,1450,2.0,57,,97,6.0,,
2020-11-18 23:00:00,20:57:00,2020-11-18,157,Chad,16601147,1616,8.0,101,0.0,1457,7.0,58,,97,6.0,,
2020-11-19 23:00:00,20:59:00,2020-11-19,157,Chad,16602440,1620,4.0,101,0.0,1463,6.0,56,,98,6.0,,
2020-11-20 23:00:00,20:59:00,2020-11-20,157,Chad,16603733,1626,6.0,101,0.0,1465,2.0,60,,98,6.0,,
2020-11-21 23:00:00,20:58:00,2020-11-21,157,Chad,16605026,1633,7.0,101,0.0,1469,4.0,63,,98,6.0,,
2020-11-22 23:00:00,20:59:00,2020-11-22,157,Chad,16606319,1642,9.0,101,0.0,1469,0.0,72,,99,6.0,,
2020-11-23 23:00:00,20:58:00,2020-11-23,157,Chad,16607612,1648,6.0,101,0.0,1476,7.0,71,,99,6.0,,
2020-11-24 23:00:00,20:57:00,2020-11-24,157,Chad,16608905,1649,1.0,101,0.0,1493,17.0,55,,99,6.0,,
2020-11-25 23:00:00,20:58:00,2020-11-25,157,Chad,16610198,1655,6.0,101,0.0,1494,1.0,60,,100,6.0,,
2020-11-26 23:00:00,20:47:00,2020-11-26,157,Chad,16611491,1661,6.0,101,0.0,1496,2.0,64,,100,6.0,,
2020-11-27 23:00:00,20:59:00,2020-11-27,157,Chad,16612784,1663,2.0,101,0.0,1499,3.0,63,,100,6.0,,
2020-11-28 23:00:00,20:46:00,2020-11-28,157,Chad,16614077,1663,0.0,101,0.0,1499,0.0,63,,100,6.0,,
2020-11-29 23:00:00,20:51:00,2020-11-29,157,Chad,16615370,1682,19.0,101,0.0,1515,16.0,66,,101,6.0,,
2020-11-30 23:00:00,20:57:00,2020-11-30,157,Chad,16616663,1688,6.0,101,0.0,1525,10.0,62,,102,6.0,,
2020-12-01 23:00:00,20:55:00,2020-12-01,157,Chad,16617956,1700,12.0,102,1.0,1532,7.0,66,,102,6.0,,
2020-12-02 23:00:00,20:58:00,2020-12-02,157,Chad,16619249,1705,5.0,102,0.0,1539,7.0,64,,103,6.0,,
2020-12-03 23:00:00,20:59:00,2020-12-03,157,Chad,16620542,1705,0.0,102,0.0,1539,0.0,64,,103,6.0,,
2020-12-04 23:00:00,20:57:00,2020-12-04,157,Chad,16621836,1719,14.0,102,0.0,1555,16.0,62,,103,6.0,,
2020-12-05 23:00:00,20:58:00,2020-12-05,157,Chad,16623129,1722,3.0,102,0.0,1561,6.0,59,,104,6.0,,
2020-12-06 23:00:00,20:51:00,2020-12-06,157,Chad,16624422,1725,3.0,102,0.0,1564,3.0,59,,104,6.0,,
2020-12-07 23:00:00,20:57:00,2020-12-07,157,Chad,16625715,1728,3.0,102,0.0,1571,7.0,55,,104,6.0,,
2020-12-08 23:00:00,20:59:00,2020-12-08,157,Chad,16627008,1729,1.0,102,0.0,1573,2.0,54,,104,6.0,,
2020-12-09 23:00:00,20:59:00,2020-12-09,157,Chad,16628301,1732,3.0,102,0.0,1581,8.0,49,,104,6.0,,
2020-12-10 23:00:00,20:59:00,2020-12-10,157,Chad,16629594,1739,7.0,102,0.0,1587,6.0,50,,105,6.0,,
2020-12-11 23:00:00,20:59:00,2020-12-11,157,Chad,16630887,1745,6.0,102,0.0,1595,8.0,48,,105,6.0,,
2020-12-12 23:00:00,20:58:00,2020-12-12,157,Chad,16632180,1751,6.0,102,0.0,1603,8.0,46,,105,6.0,,
2020-12-13 23:00:00,20:59:00,2020-12-13,157,Chad,16633473,1770,19.0,102,0.0,1607,4.0,61,,106,6.0,,
2020-12-14 23:35:00,21:34:00,2020-12-14,157,Chad,16634766,1771,1.0,102,0.0,1608,1.0,61,,106,6.0,,
2020-12-15 23:00:00,20:59:00,2020-12-15,157,Chad,16636059,1771,0.0,102,0.0,1608,0.0,61,,106,6.0,,
2020-12-16 23:00:00,20:58:00,2020-12-16,157,Chad,16637352,1800,29.0,102,0.0,1620,12.0,78,,108,6.0,,
2020-12-17 23:00:00,20:56:00,2020-12-17,157,Chad,16638645,1818,18.0,102,0.0,1626,6.0,90,,109,6.0,,
2020-12-18 23:00:00,20:57:00,2020-12-18,157,Chad,16639938,1839,21.0,102,0.0,1630,4.0,107,,111,6.0,,
2020-12-19 23:59:00,22:11:00,2020-12-19,157,Chad,16641231,1867,28.0,102,0.0,1632,2.0,133,,112,6.0,,
2020-12-20 23:00:00,20:54:00,2020-12-20,157,Chad,16642524,1890,23.0,102,0.0,1632,0.0,156,,114,6.0,,
2020-12-21 23:00:00,20:59:00,2020-12-21,157,Chad,16643817,1890,0.0,102,0.0,1632,0.0,156,,114,6.0,,
2020-12-22 23:00:00,20:59:00,2020-12-22,157,Chad,16645110,1916,26.0,102,0.0,1634,2.0,180,,115,6.0,,
2020-12-23 23:00:00,20:58:00,2020-12-23,157,Chad,16646403,1916,0.0,102,0.0,1634,0.0,180,,115,6.0,,
2020-12-24 23:00:00,20:55:00,2020-12-24,157,Chad,16647696,1958,42.0,102,0.0,1651,17.0,205,,118,6.0,,
2020-12-25 23:00:00,20:59:00,2020-12-25,157,Chad,16648989,1958,0.0,102,0.0,1651,0.0,205,,118,6.0,,
2020-12-26 23:00:00,20:59:00,2020-12-26,157,Chad,16650282,1986,28.0,103,1.0,1654,3.0,229,,119,6.0,,
2020-12-27 23:00:00,20:56:00,2020-12-27,157,Chad,16651575,2005,19.0,104,1.0,1662,8.0,239,,120,6.0,,
2020-12-28 23:00:00,20:58:00,2020-12-28,157,Chad,16652868,2015,10.0,104,0.0,1686,24.0,225,,121,6.0,,
2020-12-29 23:00:00,20:54:00,2020-12-29,157,Chad,16654161,2048,33.0,104,0.0,1686,0.0,258,,123,6.0,,
2020-12-30 23:00:00,20:54:00,2020-12-30,157,Chad,16655454,2048,0.0,104,0.0,1686,0.0,258,,123,6.0,,
2020-12-31 23:00:00,20:44:00,2020-12-31,157,Chad,16656747,2113,65.0,104,0.0,1704,18.0,305,,127,6.0,,
2021-01-01 23:00:00,20:54:00,2021-01-01,157,Chad,16658040,2113,0.0,104,0.0,1704,0.0,305,,127,6.0,,
2021-01-02 23:00:00,20:56:00,2021-01-02,157,Chad,16659333,2169,56.0,104,0.0,1710,6.0,355,,130,6.0,,
2021-01-03 23:00:00,20:59:00,2021-01-03,157,Chad,16660626,2213,44.0,104,0.0,1720,10.0,389,,133,6.0,,
2021-01-04 23:00:00,20:57:00,2021-01-04,157,Chad,16661919,2229,16.0,104,0.0,1724,4.0,401,,134,6.0,,
2021-01-05 23:00:00,20:51:00,2021-01-05,157,Chad,16663212,2289,60.0,105,1.0,1876,152.0,308,,137,6.0,,
2021-01-06 23:00:00,20:59:00,2021-01-06,157,Chad,16664505,2328,39.0,105,0.0,1888,12.0,335,,140,6.0,,
2021-01-07 23:00:00,20:59:00,2021-01-07,157,Chad,16665798,2358,30.0,105,0.0,1918,30.0,335,,141,6.0,,
2021-01-08 23:00:00,20:59:00,2021-01-08,157,Chad,16667091,2419,61.0,106,1.0,1938,20.0,375,,145,6.0,,
2021-01-09 23:00:00,20:55:00,2021-01-09,157,Chad,16668384,2419,0.0,106,0.0,1938,0.0,375,,145,6.0,,
2021-01-10 23:32:00,21:29:00,2021-01-10,157,Chad,16669677,2537,118.0,107,1.0,1965,27.0,465,,152,6.0,,
2021-01-11 23:40:00,21:37:00,2021-01-11,157,Chad,16670971,2589,52.0,107,0.0,1994,29.0,488,,155,6.0,,
2021-01-12 23:52:00,21:48:00,2021-01-12,157,Chad,16672264,2668,79.0,108,1.0,2016,22.0,544,,160,6.0,,
2021-01-13 23:58:00,21:57:00,2021-01-13,157,Chad,16673557,2709,41.0,109,1.0,2033,17.0,567,,162,7.0,,
2021-01-14 23:55:00,21:54:00,2021-01-14,157,Chad,16674850,2773,64.0,110,1.0,2073,40.0,590,,166,7.0,,
2021-01-15 19:50:00,00:00:00,2021-01-15,157,Chad,16677436,2807,34.0,111,1.0,2080,7.0,616,,168,7.0,,
2021-01-16 23:55:00,21:54:00,2021-01-16,157,Chad,16677436,2855,48.0,111,0.0,2107,27.0,637,,171,7.0,,
2021-01-17 23:55:00,21:54:00,2021-01-17,157,Chad,16678729,2895,40.0,111,0.0,2130,23.0,654,,174,7.0,,
2021-01-18 23:55,21:42:00,2021-01-18,157,Chad,16680022,2895,0.0,111,0.0,2130,0.0,654,,174,7.0,,
2021-01-19 08:37:00,00:00:00,2021-01-19,157,Chad,16682608,2977,82.0,114,3.0,2170,40.0,693,,178,7.0,,
2021-01-20 09:12:00,00:00:00,2021-01-20,157,Chad,16683901,3012,35.0,114,0.0,2178,8.0,720,,181,7.0,,
2021-01-22 21:45:11,00:00:00,2021-01-21,157,Chad,16685194,3065,53.0,114,0.0,2193,15.0,758,,184,7.0,,
2021-01-23 19:52:52,00:00:00,2021-01-22,157,Chad,16686487,3104,39.0,115,1.0,2222,29.0,767,,186,7.0,,
2021-01-24 12:00:13,00:00:00,2021-01-23,157,Chad,16687780,3137,33.0,115,0.0,2240,18.0,782,,188,7.0,,
