scrap_date,scrap_time,update date,update time-GMT,Country_id,Country,Population,TotalCases,NewCases,TotalDeaths,NewDeaths,TotalRecovered,NewRecovered,ActiveCases,"Serious,Critical",Tot_Cases_1M_pop,Deaths/1M pop,TotalTests,Tests_1M_pop,Continent_id
2020-08-02,20:00:00,2020-08-02,,215,China,1439323776,84385,49,4634,,79003,14,748,36.0,59,3.0,90410000,62814,3
2020-08-08,20:00:00,2020-08-08,,215,China,1439323776,84596,31,4634,,79123,35,839,42.0,59,3.0,90410000,62814,3
2020-08-12,20:00:00,2020-08-12,,215,China,1439323776,84737,25,4634,,79342,58,761,40.0,59,3.0,90410000,62814,3
2020-08-16,20:00:00,2020-08-16,,215,China,1439323776,84827,19,4634,,79575,56,618,34.0,59,3.0,90410000,62814,3
2020-08-17,20:00:00,2020-08-17,,215,China,1439323776,84849,22,4634,,79603,28,612,30.0,59,3.0,90410000,62814,3
2020-08-18,20:00:00,2020-08-18,,215,China,1439323776,84871,22,4634,,79642,39,595,27.0,59,3.0,90410000,62814,3
2020-08-19,20:00:00,2020-08-19,,215,China,1439323776,84888,17,4634,,79685,43,569,26.0,59,3.0,90410000,62814,3
2020-08-20,17:53:00,2020-08-20,,215,China,1439323776,84895,7,4634,,79745,60,516,24.0,59,3.0,90410000,62814,3
2020-08-23,21:09:00,2020-08-23,,215,China,1439323776,84951,12,4634,,79895,44,422,17.0,59,3.0,90410000,62814,3
2020-08-24,17:10:00,2020-08-24,,215,China,1439323776,84967,16,4634,,79925,30,408,15.0,59,3.0,90410000,62814,3
2020-08-25,23:00:00,2020-08-25,,215,China,1439323776,84981,14,4634,,79961,36,386,11.0,59,3.0,90410000,62814,3
2020-08-26,22:59:00,2020-08-26,,215,China,1439323776,84996,15,4634,,80015,54,347,8.0,59,3.0,90410000,62814,3
2020-08-27,23:00:00,2020-08-27,,215,China,1439323776,85004,8,4634,,80046,31,324,5.0,59,3.0,90410000,62814,3
2020-08-28,23:01:00,2020-08-28,,215,China,1439323776,85013,9,4634,,80091,45,288,5.0,59,3.0,90410000,62814,3
2020-08-29,12:29:00,2020-08-29,,215,China,1439323776,85022,9,4634,,80126,35,262,5.0,59,3.0,90410000,62814,3
2020-08-30,23:00:00,2020-08-30,,215,China,1439323776,85031,9,4634,,80153,27,244,5.0,59,3.0,90410000,62814,3
2020-08-31,18:58:00,2020-08-31,,215,China,1439323776,85048,17,4634,,80177,24,237,5.0,59,3.0,90410000,62814,3
2020-09-01,23:00:00,2020-09-01,,215,China,1439323776,85058,10,4634,,80208,31,216,4.0,59,3.0,90410000,62814,3
2020-09-02,23:01:00,2020-09-02,,215,China,1439323776,85066,8,4634,,80234,26,198,4.0,59,3.0,160000000,111163,3
2020-09-03,23:01:00,2020-09-03,,215,China,1439323776,85077,11,4634,,80251,17,192,4.0,59,3.0,160000000,111163,3
2020-09-04,07:01:00,2020-09-04,,215,China,1439323776,85102,25,4634,,80263,12,205,4.0,59,3.0,160000000,111163,3
2020-09-05,23:31:00,2020-09-05,,215,China,1439323776,85112,10,4634,,80284,21,194,3.0,59,3.0,160000000,111163,3
2020-09-06,18:30:00,2020-09-06,,215,China,1439323776,85122,10,4634,,80302,18,186,3.0,59,3.0,160000000,111163,3
2020-09-07,23:39:00,2020-09-07,,215,China,1439323776,85134,12,4634,,80320,18,180,3.0,59,3.0,160000000,111163,3
2020-09-08,22:10:00,2020-09-08,,215,China,1439323776,85144,10,4634,,80335,15,175,3.0,59,3.0,160000000,111163,3
2020-09-10,22:01:00,2020-09-10,,215,China,1439323776,85153,7,4634,,80358,11,161,3.0,59,3.0,160000000,111163,3
2020-09-11,22:00:00,2020-09-11,,215,China,1439323776,85168,15,4634,,80377,19,157,2.0,59,3.0,160000000,111163,3
2020-09-12,22:22:00,2020-09-12,,215,China,1439323776,85174,6,4634,,80386,9,154,2.0,59,3.0,160000000,111163,3
2020-09-13,22:01:00,2020-09-13,,215,China,1439323776,85184,10,4634,,80399,13,151,2.0,59,3.0,160000000,111163,3
2020-09-14,22:04:00,2020-09-14,,215,China,1439323776,85194,10,4634,,80415,16,145,2.0,59,3.0,160000000,111163,3
2020-09-15,21:00:00,2020-09-15,,215,China,1439323776,85202,8,4634,,80426,11,142,2.0,59,3.0,160000000,111163,3
2020-09-16,21:01:00,2020-09-16,,215,China,1439323776,85214,12,4634,,80437,11,143,1.0,59,3.0,160000000,111163,3
2020-09-18,20:01:00,2020-09-18,,215,China,1439323776,85255,32,4634,,80456,8,165,3.0,59,3.0,160000000,111163,3
2020-09-19,21:00:00,2020-09-19,,215,China,1439323776,85269,14,4634,,80464,8,171,3.0,59,3.0,160000000,111163,3
2020-09-20,22:31:00,2020-09-20,,215,China,1439323776,85279,10,4634,,80477,13,168,3.0,59,3.0,160000000,111163,3
2020-09-21,21:01:00,2020-09-21,,215,China,1439323776,85291,12,4634,,80484,7,173,3.0,59,3.0,160000000,111163,3
2020-09-22,21:01:00,2020-09-22,,215,China,1439323776,85297,6,4634,,80497,13,166,4.0,59,3.0,160000000,111163,3
2020-09-23,19:58:00,2020-09-23,,215,China,1439323776,85307,10,4634,,80505,8,168,4.0,59,3.0,160000000,111163,3
2020-09-24,21:00:00,2020-09-24,,215,China,1439323776,85314,7,4634,,80513,8,167,4.0,59,3.0,160000000,111163,3
2020-09-25,21:00:00,2020-09-25,,215,China,1439323776,85322,8,4634,,80522,9,166,4.0,59,3.0,160000000,111163,3
2020-09-26,21:00:00,2020-09-26,,215,China,1439323776,85337,15,4634,,80536,14,167,4.0,59,3.0,160000000,111163,3
2020-09-27,22:45:00,2020-09-27,,215,China,1439323776,85351,14,4634,,80541,5,176,4.0,59,3.0,160000000,111163,3
2020-09-28,22:00:00,2020-09-28,,215,China,1439323776,85372,21,4634,,80553,12,185,3.0,59,3.0,160000000,111163,3
2020-09-29,21:35:00,2020-09-29,,215,China,1439323776,85384,12,4634,,80566,13,184,3.0,59,3.0,160000000,111163,3
2020-09-30,22:00:00,2020-09-30,,215,China,1439323776,85403,19,4634,,80578,12,191,3.0,59,3.0,160000000,111163,3
2020-10-01,21:31:00,2020-10-01,,215,China,1439323776,85414,11,4634,,80594,16,186,2.0,59,3.0,160000000,111163,3
2020-10-02,22:36:00,2020-10-02,,215,China,1439323776,85424,10,4634,,80601,7,189,2.0,59,3.0,160000000,111163,3
2020-10-03,22:24:00,2020-10-03,,215,China,1439323776,85434,10,4634,,80611,10,189,2.0,59,3.0,160000000,111163,3
2020-10-04,21:01:00,2020-10-04,,215,China,1439323776,85450,16,4634,,80621,10,195,2.0,59,3.0,160000000,111163,3
2020-10-05,22:13:00,2020-10-05,,215,China,1439323776,85470,20,4634,,80628,7,208,2.0,59,3.0,160000000,111163,3
2020-10-06,23:01:00,2020-10-06,,215,China,1439323776,85482,12,4634,,80635,7,213,2.0,59,3.0,160000000,111163,3
2020-10-07,23:01:00,2020-10-07,,215,China,1439323776,85489,7,4634,,80650,15,205,2.0,59,3.0,160000000,111163,3
2020-10-08,23:59:00,2020-10-08,,215,China,1439323776,85500,11,4634,,80666,16,200,2.0,59,3.0,160000000,111163,3
2020-10-09,23:00:00,2020-10-09,,215,China,1439323776,85521,21,4634,,80681,15,206,2.0,59,3.0,160000000,111163,3
2020-10-10,23:00:00,2020-10-10,,215,China,1439323776,85536,15,4634,,80696,15,206,2.0,59,3.0,160000000,111163,3
2020-10-12,23:10:00,2020-10-12,,215,China,1439323776,85578,21,4634,,80714,9,230,,59,3.0,160000000,111163,3
2020-10-13,23:01:00,2020-10-13,,215,China,1439323776,85591,13,4634,,80729,15,228,1.0,59,3.0,160000000,111163,3
2020-10-14,23:01:00,2020-10-14,,215,China,1439323776,85611,20,4634,,80736,7,241,4.0,59,3.0,160000000,111163,3
2020-10-15,14:09:00,2020-10-15,11:06:00,215,China,1439323776,85622,11,4634,,80748,12,240,4.0,59,3.0,160000000,111163,3
2020-10-16,22:08:00,2020-10-16,19:06:00,215,China,1439323776,85646,24,4634,,80759,11,253,4.0,60,3.0,160000000,111163,3
2020-10-17,23:01:00,2020-10-17,19:58:00,215,China,1439323776,85659,13,4634,,80766,7,259,5.0,60,3.0,160000000,111163,3
2020-10-18,14:32:00,2020-10-18,11:25:00,215,China,1439323776,85672,13,4634,,80786,20,252,5.0,60,3.0,160000000,111163,3
