scrap_date,scrap_time,update_time_GMT,Country_id,Country,Population,TotalCases,NewCases,TotalDeaths,NewDeaths,TotalRecovered,NewRecovered,ActiveCases,SeriousCritical,Tot_Cases_1Mpop,Deaths_1Mpop,TotalTests,Tests_1Mpop
2020-08-02,20:00:00,,113,Cuba,11325993,2646,,87,,2369,,190,1.0,234,8.0,270989,23926
2020-08-08,20:00:00,,113,Cuba,11325880,2829,183.0,88,1.0,2429,60.0,312,6.0,250,8.0,289412,25553
2020-08-12,20:00:00,,113,Cuba,11325805,3093,264.0,88,0.0,2472,43.0,533,6.0,273,8.0,305652,26987
2020-08-16,20:00:00,,113,Cuba,11325729,3292,199.0,88,0.0,2568,96.0,636,3.0,291,8.0,324043,28611
2020-08-17,20:00:00,,113,Cuba,11325711,3364,72.0,88,0.0,2692,124.0,584,2.0,297,8.0,327689,28933
2020-08-18,20:00:00,,113,Cuba,11325692,3364,0.0,88,0.0,2692,0.0,584,2.0,297,8.0,327689,28933
2020-08-19,20:00:00,,113,Cuba,11325673,3408,44.0,88,0.0,2794,102.0,526,5.0,301,8.0,336333,29697
2020-08-20,17:53:00,,113,Cuba,11325654,3482,74.0,88,0.0,2863,69.0,531,5.0,307,8.0,341323,30137
2020-08-23,21:09:00,,113,Cuba,11325598,3617,135.0,89,1.0,3006,143.0,522,3.0,319,8.0,346439,30589
2020-08-24,17:10:00,,113,Cuba,11325579,3682,65.0,91,2.0,3044,38.0,547,3.0,325,8.0,361092,31883
2020-08-25,23:00:00,,113,Cuba,11325560,3717,35.0,91,0.0,3079,35.0,547,2.0,328,8.0,365353,32259
2020-08-26,22:59:00,,113,Cuba,11325541,3759,42.0,92,1.0,3159,80.0,508,3.0,332,8.0,369889,32660
2020-08-27,23:00:00,,113,Cuba,11325522,3806,47.0,92,0.0,3195,36.0,519,6.0,336,8.0,377494,33331
2020-08-28,23:01:00,,113,Cuba,11325504,3866,60.0,92,0.0,3222,27.0,552,6.0,341,8.0,377494,33331
2020-08-29,12:29:00,,113,Cuba,11325485,3866,0.0,92,0.0,3222,0.0,552,6.0,341,8.0,377494,33331
2020-08-30,23:00:00,,113,Cuba,11325466,3973,107.0,94,2.0,3327,105.0,552,6.0,351,8.0,392785,34682
2020-08-31,18:58:00,,113,Cuba,11325447,3973,0.0,94,0.0,3327,0.0,552,6.0,351,8.0,392785,34682
2020-09-01,23:00:00,,113,Cuba,11325428,4065,92.0,95,1.0,3395,68.0,575,6.0,359,8.0,392785,34682
2020-09-02,23:01:00,,113,Cuba,11325409,4065,0.0,95,0.0,3395,0.0,575,6.0,359,8.0,392785,34682
2020-09-03,23:01:00,,113,Cuba,11325391,4214,149.0,100,5.0,3474,79.0,640,4.0,372,9.0,414418,36592
2020-09-04,07:01:00,,113,Cuba,11325372,4214,0.0,100,0.0,3474,0.0,640,4.0,372,9.0,414418,36592
2020-09-05,23:31:00,,113,Cuba,11325353,4266,52.0,100,0.0,3487,13.0,679,4.0,377,9.0,420273,37109
2020-09-06,18:30:00,,113,Cuba,11325334,4298,32.0,100,0.0,3570,83.0,628,4.0,380,9.0,426280,37640
2020-09-07,23:39:00,,113,Cuba,11325315,4352,54.0,102,2.0,3642,72.0,608,2.0,384,9.0,439204,38781
2020-09-08,22:10:00,,113,Cuba,11325297,4352,0.0,102,0.0,3642,0.0,608,2.0,384,9.0,439204,38781
2020-09-10,22:01:00,,113,Cuba,11325259,4459,107.0,104,2.0,3727,85.0,628,1.0,394,9.0,454724,40151
2020-09-11,22:00:00,,113,Cuba,11325240,4593,134.0,106,2.0,3844,117.0,643,18.0,406,9.0,469431,41450
2020-09-12,22:22:00,,113,Cuba,11325221,4653,60.0,108,2.0,3878,34.0,667,18.0,411,10.0,469431,41450
2020-09-13,22:01:00,,113,Cuba,11325202,4653,0.0,108,0.0,3878,0.0,667,18.0,411,10.0,469431,41450
2020-09-14,22:04:00,,113,Cuba,11325184,4684,31.0,108,0.0,3930,52.0,646,18.0,414,10.0,485147,42838
2020-09-15,21:00:00,,113,Cuba,11325165,4726,42.0,108,0.0,4040,110.0,578,17.0,417,10.0,492527,43490
2020-09-16,21:01:00,,113,Cuba,11325146,4803,77.0,108,0.0,4119,79.0,576,16.0,424,10.0,500285,44175
2020-09-18,20:01:00,,113,Cuba,11325108,4933,130.0,109,1.0,4230,111.0,594,20.0,436,10.0,515969,45560
2020-09-19,21:00:00,,113,Cuba,11325090,5055,122.0,113,4.0,4284,54.0,658,18.0,446,10.0,531928,46969
2020-09-20,22:31:00,,113,Cuba,11325071,5091,36.0,115,2.0,4412,128.0,564,18.0,450,10.0,531928,46969
2020-09-21,21:01:00,,113,Cuba,11325052,5141,50.0,116,1.0,4462,50.0,563,18.0,454,10.0,546250,48234
2020-09-22,21:01:00,,113,Cuba,11325033,5222,81.0,117,1.0,4506,44.0,599,11.0,461,10.0,554425,48956
2020-09-23,19:58:00,,113,Cuba,11325014,5270,48.0,118,1.0,4582,76.0,570,8.0,465,10.0,561746,49602
2020-09-24,21:00:00,,113,Cuba,11324995,5270,0.0,118,0.0,4582,0.0,570,8.0,465,10.0,561746,49602
2020-09-25,21:00:00,,113,Cuba,11324977,5350,80.0,118,0.0,4658,76.0,574,5.0,472,10.0,577150,50963
2020-09-26,21:00:00,,113,Cuba,11324958,5412,62.0,120,2.0,4732,74.0,560,5.0,478,11.0,584894,51646
2020-09-27,22:45:00,,113,Cuba,11324939,5457,45.0,122,2.0,4751,19.0,584,7.0,482,11.0,591921,52267
2020-09-28,22:00:00,,113,Cuba,11324920,5483,26.0,122,0.0,4787,36.0,574,7.0,484,11.0,599020,52894
2020-09-29,21:35:00,,113,Cuba,11324901,5531,48.0,122,0.0,4866,79.0,543,6.0,488,11.0,606444,53550
2020-09-30,22:00:00,,113,Cuba,11324883,5597,66.0,122,0.0,4893,27.0,582,8.0,494,11.0,613994,54216
2020-10-01,21:31:00,,113,Cuba,11324864,5670,73.0,122,0.0,4922,29.0,626,9.0,501,11.0,621180,54851
2020-10-02,22:36:00,,113,Cuba,11324845,5670,0.0,122,0.0,4922,0.0,626,9.0,501,11.0,621180,54851
2020-10-03,22:24:00,,113,Cuba,11324826,5780,110.0,122,0.0,5118,196.0,540,1.0,510,11.0,636163,56174
2020-10-04,21:01:00,,113,Cuba,11324807,5809,29.0,122,0.0,5145,27.0,542,1.0,513,11.0,643701,56840
2020-10-05,22:13:00,,113,Cuba,11324788,5845,36.0,123,1.0,5232,87.0,490,1.0,516,11.0,651035,57488
2020-10-06,23:01:00,,113,Cuba,11324770,5883,38.0,123,0.0,5278,46.0,482,2.0,519,11.0,656805,57997
2020-10-07,23:01:00,,113,Cuba,11324751,5898,15.0,123,0.0,5321,43.0,454,2.0,521,11.0,663612,58598
2020-10-08,23:59:00,,113,Cuba,11324732,5917,19.0,123,0.0,5371,50.0,423,2.0,522,11.0,670744,59228
2020-10-09,23:00:00,,113,Cuba,11324713,5943,26.0,123,0.0,5398,27.0,422,1.0,525,11.0,677952,59865
2020-10-10,23:00:00,,113,Cuba,11324694,5948,5.0,123,0.0,5440,42.0,385,1.0,525,11.0,685018,60489
2020-10-12,23:10:00,,113,Cuba,11324657,6000,52.0,123,0.0,5574,134.0,303,1.0,530,11.0,699646,61781
2020-10-13,23:01:00,,113,Cuba,11324638,6017,17.0,123,0.0,5602,28.0,292,7.0,531,11.0,706301,62369
2020-10-14,23:01:00,,113,Cuba,11324619,6035,18.0,123,0.0,5653,51.0,259,7.0,533,11.0,713059,62965
2020-10-15,14:09:00,11:06:00,113,Cuba,11324600,6035,0.0,123,0.0,5653,0.0,259,7.0,533,11.0,713059,62965
2020-10-16,22:08:00,19:06:00,113,Cuba,11324581,6118,83.0,124,1.0,5702,49.0,292,5.0,540,11.0,728426,64323
2020-10-17,23:01:00,19:58:00,113,Cuba,11324563,6170,52.0,125,1.0,5753,51.0,292,5.0,545,11.0,735511,64948
2020-10-18,22:05:00,19:03:00,113,Cuba,11324544,6220,50.0,125,0.0,5768,15.0,327,3.0,549,11.0,743416,65646
2020-10-19,22:05:00,18:59:00,113,Cuba,11324525,6258,38.0,127,2.0,5780,12.0,351,3.0,553,11.0,749924,66221
2020-10-20,22:05:00,19:04:00,113,Cuba,11324506,6305,47.0,127,0.0,5806,26.0,372,3.0,557,11.0,756623,66813
2020-10-21,22:05:00,19:03:00,113,Cuba,11324487,6368,63.0,127,0.0,5814,8.0,427,3.0,562,11.0,763342,67406
2020-10-22,22:05:00,19:04:00,113,Cuba,11324469,6421,53.0,128,1.0,5871,57.0,422,3.0,567,11.0,763342,67406
2020-10-23,22:05:00,19:02:00,113,Cuba,11324450,6479,58.0,128,0.0,5899,28.0,452,5.0,572,11.0,777247,68634
2020-10-24,23:41:00,20:40:00,113,Cuba,11324431,6534,55.0,128,0.0,5927,28.0,479,5.0,577,11.0,784346,69261
2020-10-25,23:00:00,20:58:00,113,Cuba,11324412,6566,32.0,128,0.0,5998,71.0,440,5.0,580,11.0,792218,69957
2020-10-26,23:00:00,20:56:00,113,Cuba,11324393,6595,29.0,128,0.0,6029,31.0,438,5.0,582,11.0,800197,70661
2020-10-27,23:00:00,20:58:00,113,Cuba,11324374,6678,83.0,128,0.0,6051,22.0,499,5.0,590,11.0,808077,71357
2020-10-28,23:00:00,20:58:00,113,Cuba,11324356,6727,49.0,128,0.0,6107,56.0,492,3.0,594,11.0,808077,71357
2020-10-29,23:00:00,20:57:00,113,Cuba,11324337,6766,39.0,128,0.0,6132,25.0,506,3.0,597,11.0,824042,72767
2020-10-30,23:00:00,20:58:00,113,Cuba,11324318,6801,35.0,128,0.0,6178,46.0,495,3.0,601,11.0,832287,73496
2020-10-31,23:00:00,20:59:00,113,Cuba,11324299,6887,86.0,128,0.0,6245,67.0,514,5.0,608,11.0,841281,74290
2020-11-01,23:00:00,20:59:00,113,Cuba,11324280,6935,48.0,128,0.0,6289,44.0,518,5.0,612,11.0,849939,75055
2020-11-02,23:00:00,20:57:00,113,Cuba,11324262,6970,35.0,129,1.0,6318,29.0,523,5.0,615,11.0,858131,75778
2020-11-03,23:00:00,20:59:00,113,Cuba,11324243,7035,65.0,129,0.0,6374,56.0,532,5.0,621,11.0,866228,76493
2020-11-04,23:00:00,20:57:00,113,Cuba,11324224,7144,109.0,129,0.0,6394,20.0,621,6.0,631,11.0,866228,76493
2020-11-05,23:00:00,20:59:00,113,Cuba,11324205,7184,40.0,129,0.0,6502,108.0,553,6.0,634,11.0,883701,78036
2020-11-06,23:00:00,20:58:00,113,Cuba,11324186,7228,44.0,130,1.0,6542,40.0,556,6.0,638,11.0,891877,78759
2020-11-07,23:00:00,20:57:00,113,Cuba,11324167,7267,39.0,130,0.0,6582,40.0,555,6.0,642,11.0,901541,79612
2020-11-08,23:00:00,20:49:00,113,Cuba,11324149,7297,30.0,130,0.0,6680,98.0,487,6.0,644,11.0,909632,80327
2020-11-09,23:00:00,20:59:00,113,Cuba,11324130,7349,52.0,130,0.0,6721,41.0,498,4.0,649,11.0,918559,81115
2020-11-10,23:00:00,20:59:00,113,Cuba,11324111,7392,43.0,130,0.0,6749,28.0,513,4.0,653,11.0,926778,81841
2020-11-11,23:00:00,20:56:00,113,Cuba,11324092,7429,37.0,130,0.0,6831,82.0,468,4.0,656,11.0,926778,81841
2020-11-12,23:00:00,20:59:00,113,Cuba,11324073,7487,58.0,131,1.0,6924,93.0,432,2.0,661,12.0,943784,83343
2020-11-13,23:00:00,20:58:00,113,Cuba,11324054,7541,54.0,131,0.0,6965,41.0,445,2.0,666,12.0,952505,84113
2020-11-14,23:00:00,20:57:00,113,Cuba,11324036,7568,27.0,131,0.0,7015,50.0,422,2.0,668,12.0,960579,84827
2020-11-15,23:00:00,20:53:00,113,Cuba,11324017,7590,22.0,131,0.0,7060,45.0,399,2.0,670,12.0,969339,85600
2020-11-16,23:00:00,20:59:00,113,Cuba,11323998,7639,49.0,131,0.0,7078,18.0,430,2.0,675,12.0,977916,86358
2020-11-17,23:00:00,20:58:00,113,Cuba,11323979,7667,28.0,131,0.0,7113,35.0,423,2.0,677,12.0,985701,87045
2020-11-18,23:00:00,20:57:00,113,Cuba,11323960,7704,37.0,131,0.0,7172,59.0,401,,680,12.0,993686,87751
2020-11-19,23:00:00,20:59:00,113,Cuba,11323942,7725,21.0,131,0.0,7201,29.0,393,,682,12.0,1002370,88518
2020-11-20,23:00:00,20:59:00,113,Cuba,11323923,7763,38.0,131,0.0,7267,66.0,365,,686,12.0,1012786,89438
2020-11-21,23:00:00,20:58:00,113,Cuba,11323904,7798,35.0,132,1.0,7307,40.0,359,,689,12.0,1022379,90285
2020-11-22,23:00:00,20:59:00,113,Cuba,11323885,7846,48.0,132,0.0,7334,27.0,380,,693,12.0,1032492,91178
2020-11-23,23:00:00,20:58:00,113,Cuba,11323866,7879,33.0,132,0.0,7356,22.0,391,,696,12.0,1042459,92059
2020-11-24,23:00:00,20:57:00,113,Cuba,11323847,7950,71.0,133,1.0,7428,72.0,389,3.0,702,12.0,1051530,92860
2020-11-25,23:00:00,20:58:00,113,Cuba,11323829,8026,76.0,133,0.0,7470,42.0,423,3.0,709,12.0,1061511,93741
2020-11-26,23:00:00,20:47:00,113,Cuba,11323810,8075,49.0,133,0.0,7497,27.0,445,2.0,713,12.0,1072107,94677
2020-11-27,23:00:00,20:59:00,113,Cuba,11323791,8110,35.0,133,0.0,7525,28.0,452,2.0,716,12.0,1083028,95642
2020-11-28,23:00:00,20:46:00,113,Cuba,11323772,8173,63.0,133,0.0,7554,29.0,486,3.0,722,12.0,1093175,96538
2020-11-29,23:00:00,20:51:00,113,Cuba,11323753,8233,60.0,134,1.0,7586,32.0,513,2.0,727,12.0,1103641,97462
2020-11-30,23:00:00,20:57:00,113,Cuba,11323735,8284,51.0,135,1.0,7631,45.0,518,3.0,732,12.0,1115144,98478
2020-12-01,23:00:00,20:55:00,113,Cuba,11323716,8381,97.0,136,1.0,7658,27.0,587,4.0,740,12.0,1115144,98479
2020-12-02,23:00:00,20:58:00,113,Cuba,11323697,8381,0.0,136,0.0,7658,0.0,587,4.0,740,12.0,1115144,98479
2020-12-03,23:00:00,20:59:00,113,Cuba,11323678,8456,75.0,136,0.0,7714,56.0,606,4.0,747,12.0,1115144,98479
2020-12-04,23:00:00,20:57:00,113,Cuba,11323659,8531,75.0,136,0.0,7770,56.0,625,4.0,753,12.0,1146603,101257
2020-12-05,23:00:00,20:58:00,113,Cuba,11323640,8714,183.0,136,0.0,7909,139.0,669,4.0,770,12.0,1166513,103016
2020-12-06,23:00:00,20:51:00,113,Cuba,11323622,8782,68.0,136,0.0,7963,54.0,683,8.0,776,12.0,1176522,103900
2020-12-07,23:00:00,20:57:00,113,Cuba,11323603,8906,124.0,136,0.0,7997,34.0,773,10.0,786,12.0,1186621,104792
2020-12-08,23:00:00,20:59:00,113,Cuba,11323584,8982,76.0,136,0.0,8047,50.0,799,12.0,793,12.0,1197963,105794
2020-12-09,23:00:00,20:59:00,113,Cuba,11323565,9106,124.0,136,0.0,8137,90.0,833,11.0,804,12.0,1197963,105794
2020-12-10,23:00:00,20:59:00,113,Cuba,11323546,9181,75.0,136,0.0,8212,75.0,833,11.0,811,12.0,1218718,107627
2020-12-11,23:00:00,20:59:00,113,Cuba,11323528,9267,86.0,136,0.0,8290,78.0,841,10.0,818,12.0,1229513,108580
2020-12-12,23:00:00,20:58:00,113,Cuba,11323509,9354,87.0,137,1.0,8371,81.0,846,8.0,826,12.0,1229513,108581
2020-12-13,23:00:00,20:59:00,113,Cuba,11323490,9423,69.0,137,0.0,8434,63.0,852,10.0,832,12.0,1251767,110546
2020-12-14,23:35:00,21:34:00,113,Cuba,11323471,9492,69.0,137,0.0,8484,50.0,871,8.0,838,12.0,1261754,111428
2020-12-15,23:00:00,20:59:00,113,Cuba,11323452,9588,96.0,137,0.0,8592,108.0,859,10.0,847,12.0,1272319,112361
2020-12-16,23:00:00,20:58:00,113,Cuba,11323433,9671,83.0,137,0.0,8658,66.0,876,9.0,854,12.0,1283188,113321
2020-12-17,23:00:00,20:56:00,113,Cuba,11323415,9771,100.0,137,0.0,8770,112.0,864,9.0,863,12.0,1294052,114281
2020-12-18,23:00:00,20:57:00,113,Cuba,11323396,9893,122.0,137,0.0,8912,142.0,844,12.0,874,12.0,1294052,114281
2020-12-19,23:59:00,22:11:00,113,Cuba,11323377,10024,131.0,137,0.0,8976,64.0,911,11.0,885,12.0,1316973,116306
2020-12-20,23:00:00,20:54:00,113,Cuba,11323358,10127,103.0,137,0.0,9040,64.0,950,12.0,894,12.0,1329615,117422
2020-12-21,23:00:00,20:59:00,113,Cuba,11323339,10242,115.0,137,0.0,9126,86.0,979,10.0,905,12.0,1329615,117423
2020-12-22,23:00:00,20:59:00,113,Cuba,11323321,10384,142.0,139,2.0,9219,93.0,1026,7.0,917,12.0,1329615,117423
