Date,Scrap_time,Update_time_GMT,Country_id,Country,Population,TotalCases,NewCases,TotalDeaths,NewDeaths,TotalRecovered,NewRecovered,ActiveCases,SeriousCritical,Tot_Cases_1Mpop,Deaths_1Mpop,TotalTests,Tests_1Mpop
2020-08-02,20:00:00,,195,Curaçao,164152,29,,1,,24,,4,,177,6.0,1080,6579
2020-08-08,20:00:00,,195,Curaçao,164163,31,2.0,1,0.0,30,6.0,0,,189,6.0,1080,6579
2020-08-12,20:00:00,,195,Curaçao,164170,32,1.0,1,0.0,30,0.0,1,,195,6.0,1080,6579
2020-08-16,20:00:00,,195,Curaçao,164178,34,2.0,1,0.0,31,1.0,2,,207,6.0,1080,6578
2020-08-17,20:00:00,,195,Curaçao,164179,34,0.0,1,0.0,31,0.0,2,,207,6.0,1080,6578
2020-08-18,20:00:00,,195,Curaçao,164181,36,2.0,1,0.0,31,0.0,4,,219,6.0,1080,6578
2020-08-19,20:00:00,,195,Curaçao,164183,36,0.0,1,0.0,31,0.0,4,,219,6.0,1080,6578
2020-08-20,17:53:00,,195,Curaçao,164185,36,0.0,1,0.0,31,0.0,4,,219,6.0,1080,6578
2020-08-23,21:09:00,,195,Curaçao,164190,39,3.0,1,0.0,33,2.0,5,,238,6.0,1080,6578
2020-08-24,17:10:00,,195,Curaçao,164192,43,4.0,1,0.0,34,1.0,8,,262,6.0,1080,6578
2020-08-25,23:00:00,,195,Curaçao,164194,47,4.0,1,0.0,34,0.0,12,,286,6.0,1080,6578
2020-08-26,22:59:00,,195,Curaçao,164196,49,2.0,1,0.0,34,0.0,14,,298,6.0,1080,6578
2020-08-27,23:00:00,,195,Curaçao,164198,53,4.0,1,0.0,34,0.0,18,,323,6.0,1080,6577
2020-08-28,23:01:00,,195,Curaçao,164200,55,2.0,1,0.0,35,1.0,19,,335,6.0,1080,6577
2020-08-29,12:29:00,,195,Curaçao,164201,62,7.0,1,0.0,35,0.0,26,,378,6.0,1080,6577
2020-08-30,23:00:00,,195,Curaçao,164203,67,5.0,1,0.0,35,0.0,31,,408,6.0,1080,6577
2020-08-31,18:58:00,,195,Curaçao,164205,68,1.0,1,0.0,35,0.0,32,,414,6.0,1080,6577
2020-09-01,23:00:00,,195,Curaçao,164207,69,1.0,1,0.0,35,0.0,33,,420,6.0,1080,6577
2020-09-02,23:01:00,,195,Curaçao,164209,71,2.0,1,0.0,35,0.0,35,,432,6.0,1080,6577
2020-09-03,23:01:00,,195,Curaçao,164211,75,4.0,1,0.0,39,4.0,35,,457,6.0,1080,6577
2020-09-04,07:01:00,,195,Curaçao,164212,78,3.0,1,0.0,39,0.0,38,,475,6.0,1080,6577
2020-09-05,23:31:00,,195,Curaçao,164214,88,10.0,1,0.0,39,0.0,48,,536,6.0,1080,6577
2020-09-06,18:30:00,,195,Curaçao,164216,92,4.0,1,0.0,45,6.0,46,,560,6.0,1080,6577
2020-09-07,23:39:00,,195,Curaçao,164218,102,10.0,1,0.0,45,0.0,56,,621,6.0,1080,6577
2020-09-08,22:10:00,,195,Curaçao,164220,102,0.0,1,0.0,45,0.0,56,,621,6.0,1080,6577
2020-09-10,22:01:00,,195,Curaçao,164223,131,29.0,1,0.0,55,10.0,75,1.0,798,6.0,1080,6576
2020-09-11,22:00:00,,195,Curaçao,164225,135,4.0,1,0.0,55,0.0,79,1.0,822,6.0,1080,6576
2020-09-12,22:22:00,,195,Curaçao,164227,135,0.0,1,0.0,55,0.0,79,1.0,822,6.0,1080,6576
2020-09-13,22:01:00,,195,Curaçao,164229,145,10.0,1,0.0,56,1.0,88,1.0,883,6.0,1080,6576
2020-09-14,22:04:00,,195,Curaçao,164231,157,12.0,1,0.0,57,1.0,99,1.0,956,6.0,1080,6576
2020-09-15,21:00:00,,195,Curaçao,164232,169,12.0,1,0.0,61,4.0,107,1.0,1029,6.0,1080,6576
2020-09-16,21:01:00,,195,Curaçao,164234,192,23.0,1,0.0,61,0.0,130,1.0,1169,6.0,1080,6576
2020-09-18,20:01:00,,195,Curaçao,164238,210,18.0,1,0.0,74,13.0,135,1.0,1279,6.0,1080,6576
2020-09-19,21:00:00,,195,Curaçao,164240,228,18.0,1,0.0,83,9.0,144,1.0,1388,6.0,1080,6576
2020-09-20,22:31:00,,195,Curaçao,164242,247,19.0,1,0.0,88,5.0,158,1.0,1504,6.0,1080,6576
2020-09-21,21:01:00,,195,Curaçao,164243,282,35.0,1,0.0,102,14.0,179,1.0,1717,6.0,1080,6576
2020-09-22,21:01:00,,195,Curaçao,164245,282,0.0,1,0.0,102,0.0,179,1.0,1717,6.0,1080,6576
2020-09-23,19:58:00,,195,Curaçao,164247,291,9.0,1,0.0,103,1.0,187,1.0,1772,6.0,1080,6575
2020-09-24,21:00:00,,195,Curaçao,164249,315,24.0,1,0.0,115,12.0,199,1.0,1918,6.0,1080,6575
2020-09-25,21:00:00,,195,Curaçao,164251,315,0.0,1,0.0,115,0.0,199,1.0,1918,6.0,1080,6575
2020-09-26,21:00:00,,195,Curaçao,164253,329,14.0,1,0.0,124,9.0,204,1.0,2003,6.0,1080,6575
2020-09-27,22:45:00,,195,Curaçao,164254,360,31.0,1,0.0,141,17.0,218,1.0,2192,6.0,1080,6575
2020-09-28,22:00:00,,195,Curaçao,164256,364,4.0,1,0.0,148,7.0,215,1.0,2216,6.0,1080,6575
2020-09-29,21:35:00,,195,Curaçao,164258,364,0.0,1,0.0,148,0.0,215,1.0,2216,6.0,1080,6575
2020-09-30,22:00:00,,195,Curaçao,164260,392,28.0,1,0.0,171,23.0,220,1.0,2386,6.0,7442,45306
2020-10-01,21:31:00,,195,Curaçao,164262,392,0.0,1,0.0,171,0.0,220,1.0,2386,6.0,7442,45306
2020-10-02,22:36:00,,195,Curaçao,164264,399,7.0,1,0.0,185,14.0,213,1.0,2429,6.0,7553,45981
2020-10-03,22:24:00,,195,Curaçao,164265,411,12.0,1,0.0,197,12.0,213,2.0,2502,6.0,7730,47058
2020-10-04,21:01:00,,195,Curaçao,164267,429,18.0,1,0.0,213,16.0,215,2.0,2612,6.0,7895,48062
2020-10-05,22:13:00,,195,Curaçao,164269,462,33.0,1,0.0,242,29.0,219,2.0,2812,6.0,8045,48975
2020-10-06,23:01:00,,195,Curaçao,164271,476,14.0,1,0.0,262,20.0,213,2.0,2898,6.0,8404,51159
2020-10-07,23:01:00,,195,Curaçao,164273,476,0.0,1,0.0,262,0.0,213,2.0,2898,6.0,8404,51159
2020-10-08,23:59:00,,195,Curaçao,164275,532,56.0,1,0.0,281,19.0,250,2.0,3238,6.0,8745,53234
2020-10-09,23:00:00,,195,Curaçao,164276,549,17.0,1,0.0,291,10.0,257,2.0,3342,6.0,8866,53970
2020-10-10,23:00:00,,195,Curaçao,164278,571,22.0,1,0.0,308,17.0,262,2.0,3476,6.0,9070,55211
2020-10-12,23:10:00,,195,Curaçao,164282,583,12.0,1,0.0,315,7.0,267,2.0,3549,6.0,9148,55685
2020-10-13,23:01:00,,195,Curaçao,164284,619,36.0,1,0.0,343,28.0,275,2.0,3768,6.0,9366,57011
2020-10-14,23:01:00,,195,Curaçao,164286,645,26.0,1,0.0,367,24.0,277,2.0,3926,6.0,9541,58076
2020-10-15,14:09:00,11:06:00,195,Curaçao,164287,645,0.0,1,0.0,367,0.0,277,2.0,3926,6.0,9541,58075
2020-10-16,22:08:00,19:06:00,195,Curaçao,164289,673,28.0,1,0.0,371,4.0,301,4.0,4096,6.0,9837,59876
2020-10-17,23:01:00,19:58:00,195,Curaçao,164291,698,25.0,1,0.0,391,20.0,306,4.0,4249,6.0,10065,61263
2020-10-18,22:05:00,19:03:00,195,Curaçao,164293,715,17.0,1,0.0,417,26.0,297,2.0,4352,6.0,10212,62157
2020-10-19,22:05:00,18:59:00,195,Curaçao,164295,744,29.0,1,0.0,433,16.0,310,1.0,4528,6.0,10462,63678
2020-10-20,22:05:00,19:04:00,195,Curaçao,164297,759,15.0,1,0.0,466,33.0,292,1.0,4620,6.0,10764,65515
2020-10-21,22:05:00,19:03:00,195,Curaçao,164298,785,26.0,1,0.0,479,13.0,305,1.0,4778,6.0,10956,66684
2020-10-22,22:05:00,19:04:00,195,Curaçao,164300,785,0.0,1,0.0,479,0.0,305,1.0,4778,6.0,10956,66683
2020-10-23,22:05:00,19:02:00,195,Curaçao,164302,804,19.0,1,0.0,509,30.0,294,1.0,4893,6.0,11112,67632
2020-10-24,23:41:00,20:40:00,195,Curaçao,164304,818,14.0,1,0.0,534,25.0,283,5.0,4979,6.0,11276,68629
2020-10-25,23:00:00,20:58:00,195,Curaçao,164306,837,19.0,1,0.0,555,21.0,281,5.0,5094,6.0,11500,69991
2020-10-26,23:00:00,20:56:00,195,Curaçao,164307,873,36.0,1,0.0,590,35.0,282,4.0,5313,6.0,11761,71579
2020-10-27,23:00:00,20:58:00,195,Curaçao,164309,884,11.0,1,0.0,606,16.0,277,4.0,5380,6.0,11990,72972
2020-10-28,23:00:00,20:58:00,195,Curaçao,164311,884,0.0,1,0.0,606,0.0,277,4.0,5380,6.0,11990,72971
2020-10-29,23:00:00,20:57:00,195,Curaçao,164313,907,23.0,1,0.0,623,17.0,283,3.0,5520,6.0,12319,74973
2020-10-30,23:00:00,20:58:00,195,Curaçao,164315,944,37.0,1,0.0,643,20.0,300,3.0,5745,6.0,12630,76865
2020-10-31,23:00:00,20:59:00,195,Curaçao,164317,958,14.0,1,0.0,660,17.0,297,4.0,5830,6.0,12860,78263
2020-11-01,23:00:00,20:59:00,195,Curaçao,164318,987,29.0,1,0.0,684,24.0,302,4.0,6007,6.0,13228,80502
2020-11-02,23:00:00,20:57:00,195,Curaçao,164320,987,0.0,1,0.0,684,0.0,302,4.0,6007,6.0,13228,80501
2020-11-03,23:00:00,20:59:00,195,Curaçao,164322,995,8.0,1,0.0,698,14.0,296,6.0,6055,6.0,13283,80835
2020-11-04,23:00:00,20:57:00,195,Curaçao,164324,1021,26.0,2,1.0,746,48.0,273,5.0,6213,12.0,13641,83013
2020-11-05,23:00:00,20:59:00,195,Curaçao,164326,1030,9.0,2,0.0,768,22.0,260,5.0,6268,12.0,13837,84205
2020-11-06,23:00:00,20:58:00,195,Curaçao,164328,1030,0.0,2,0.0,768,0.0,260,5.0,6268,12.0,13837,84204
2020-11-07,23:00:00,20:57:00,195,Curaçao,164329,1053,23.0,2,0.0,783,15.0,268,7.0,6408,12.0,13978,85061
2020-11-08,23:00:00,20:49:00,195,Curaçao,164331,1077,24.0,2,0.0,808,25.0,267,1.0,6554,12.0,14252,86727
2020-11-09,23:00:00,20:59:00,195,Curaçao,164333,1097,20.0,2,0.0,816,8.0,279,1.0,6675,12.0,14394,87590
2020-11-10,23:00:00,20:59:00,195,Curaçao,164335,1131,34.0,2,0.0,837,21.0,292,1.0,6882,12.0,14719,89567
2020-11-11,23:00:00,20:56:00,195,Curaçao,164337,1131,0.0,2,0.0,837,0.0,292,1.0,6882,12.0,14719,89566
2020-11-12,23:00:00,20:59:00,195,Curaçao,164339,1215,84.0,2,0.0,899,62.0,314,1.0,7393,12.0,15223,92632
2020-11-13,23:00:00,20:58:00,195,Curaçao,164340,1261,46.0,2,0.0,913,14.0,346,1.0,7673,12.0,15542,94572
2020-11-14,23:00:00,20:57:00,195,Curaçao,164342,1261,0.0,2,0.0,913,0.0,346,1.0,7673,12.0,15542,94571
2020-11-15,23:00:00,20:53:00,195,Curaçao,164344,1307,46.0,2,0.0,923,10.0,382,1.0,7953,12.0,16021,97485
2020-11-16,23:00:00,20:59:00,195,Curaçao,164346,1374,67.0,2,0.0,945,22.0,427,1.0,8360,12.0,16479,100270
2020-11-17,23:00:00,20:58:00,195,Curaçao,164348,1374,0.0,2,0.0,945,0.0,427,1.0,8360,12.0,16479,100269
2020-11-18,23:00:00,20:57:00,195,Curaçao,164350,1415,41.0,2,0.0,946,1.0,467,7.0,8610,12.0,16751,101923
2020-11-19,23:00:00,20:59:00,195,Curaçao,164351,1561,146.0,3,1.0,968,22.0,590,7.0,9498,18.0,17412,105944
2020-11-20,23:00:00,20:59:00,195,Curaçao,164353,1620,59.0,3,0.0,977,9.0,640,7.0,9857,18.0,17800,108303
2020-11-21,23:00:00,20:58:00,195,Curaçao,164355,1682,62.0,3,0.0,988,11.0,691,7.0,10234,18.0,18251,111046
2020-11-22,23:00:00,20:59:00,195,Curaçao,164357,1682,0.0,3,0.0,988,0.0,691,7.0,10234,18.0,18251,111045
2020-11-23,23:00:00,20:58:00,195,Curaçao,164359,1773,91.0,3,0.0,1031,43.0,739,7.0,10787,18.0,18744,114043
2020-11-24,23:00:00,20:57:00,195,Curaçao,164361,1827,54.0,3,0.0,1043,12.0,781,9.0,11116,18.0,19110,116268
2020-11-25,23:00:00,20:58:00,195,Curaçao,164362,1827,0.0,3,0.0,1043,0.0,781,9.0,11116,18.0,19110,116268
2020-11-26,23:00:00,20:47:00,195,Curaçao,164364,1929,102.0,3,0.0,1057,14.0,869,9.0,11736,18.0,19663,119631
2020-11-27,23:00:00,20:59:00,195,Curaçao,164366,2157,228.0,3,0.0,1114,57.0,1040,9.0,13123,18.0,20750,126243
2020-11-28,23:00:00,20:46:00,195,Curaçao,164368,2157,0.0,3,0.0,1114,0.0,1040,9.0,13123,18.0,20750,126241
2020-11-29,23:00:00,20:51:00,195,Curaçao,164370,2258,101.0,4,1.0,1123,9.0,1131,16.0,13737,24.0,21242,129233
2020-11-30,23:00:00,20:57:00,195,Curaçao,164371,2364,106.0,4,0.0,1138,15.0,1222,16.0,14382,24.0,21799,132621
2020-12-01,23:00:00,20:55:00,195,Curaçao,164373,2379,15.0,4,0.0,1151,13.0,1224,16.0,14473,24.0,21902,133246
2020-12-02,23:00:00,20:58:00,195,Curaçao,164375,2503,124.0,7,3.0,1191,40.0,1305,15.0,15227,43.0,22531,137071
2020-12-03,23:00:00,20:59:00,195,Curaçao,164377,2658,155.0,7,0.0,1218,27.0,1433,2.0,16170,43.0,23152,140847
2020-12-04,23:00:00,20:57:00,195,Curaçao,164379,2740,82.0,7,0.0,1245,27.0,1488,12.0,16669,43.0,23520,143084
2020-12-05,23:00:00,20:58:00,195,Curaçao,164381,2890,150.0,7,0.0,1292,47.0,1591,12.0,17581,43.0,24381,148320
2020-12-06,23:00:00,20:51:00,195,Curaçao,164382,3011,121.0,7,0.0,1328,36.0,1676,13.0,18317,43.0,25045,152359
2020-12-07,23:00:00,20:57:00,195,Curaçao,164384,3136,125.0,7,0.0,1337,9.0,1792,15.0,19077,43.0,25522,155258
2020-12-08,23:00:00,20:59:00,195,Curaçao,164386,3174,38.0,8,1.0,1352,15.0,1814,15.0,19308,49.0,25701,156345
2020-12-09,23:00:00,20:59:00,195,Curaçao,164388,3246,72.0,8,0.0,1386,34.0,1852,17.0,19746,49.0,26109,158825
2020-12-10,23:00:00,20:59:00,195,Curaçao,164390,3325,79.0,8,0.0,1488,102.0,1829,18.0,20226,49.0,26604,161835
2020-12-11,23:00:00,20:59:00,195,Curaçao,164392,3404,79.0,8,0.0,1568,80.0,1828,19.0,20707,49.0,27211,165525
2020-12-12,23:00:00,20:58:00,195,Curaçao,164393,3501,97.0,10,2.0,1638,70.0,1853,14.0,21297,61.0,27708,168547
2020-12-13,23:00:00,20:59:00,195,Curaçao,164395,3576,75.0,10,0.0,1708,70.0,1858,4.0,21752,61.0,28250,171842
2020-12-14,23:35:00,21:34:00,195,Curaçao,164397,3624,48.0,11,1.0,1736,28.0,1877,4.0,22044,67.0,28526,173519
2020-12-15,23:00:00,20:59:00,195,Curaçao,164399,3661,37.0,11,0.0,1777,41.0,1873,4.0,22269,67.0,28851,175494
2020-12-16,23:00:00,20:58:00,195,Curaçao,164401,3699,38.0,11,0.0,1889,112.0,1799,4.0,22500,67.0,29211,177681
2020-12-17,23:00:00,20:56:00,195,Curaçao,164403,3767,68.0,11,0.0,1945,56.0,1811,5.0,22913,67.0,29678,180520
2020-12-18,23:00:00,20:57:00,195,Curaçao,164404,3823,56.0,11,0.0,2105,160.0,1707,5.0,23254,67.0,30188,183621
2020-12-19,23:59:00,22:11:00,195,Curaçao,164406,3881,58.0,11,0.0,2210,105.0,1660,5.0,23606,67.0,30636,186344
2020-12-20,23:00:00,20:54:00,195,Curaçao,164408,3920,39.0,11,0.0,2249,39.0,1660,6.0,23843,67.0,31079,189036
2020-12-21,23:00:00,20:59:00,195,Curaçao,164410,3947,27.0,11,0.0,2276,27.0,1660,6.0,24007,67.0,31359,190737
2020-12-22,23:00:00,20:59:00,195,Curaçao,164412,3974,27.0,11,0.0,2284,8.0,1679,6.0,24171,67.0,31641,192449
2020-12-23,23:00:00,20:58:00,195,Curaçao,164414,4006,32.0,11,0.0,2360,76.0,1635,7.0,24365,67.0,31995,194600
2020-12-24,23:00:00,20:55:00,195,Curaçao,164415,4051,45.0,12,1.0,2385,25.0,1654,7.0,24639,73.0,32441,197312
2020-12-25,23:00:00,20:59:00,195,Curaçao,164417,4099,48.0,12,0.0,2430,45.0,1657,6.0,24931,73.0,32803,199511
2020-12-26,23:00:00,20:59:00,195,Curaçao,164419,4138,39.0,13,1.0,2463,33.0,1662,6.0,25167,79.0,33129,201491
2020-12-27,23:00:00,20:56:00,195,Curaçao,164421,4144,6.0,14,1.0,2529,66.0,1601,6.0,25204,85.0,33270,202346
2020-12-28,23:00:00,20:58:00,195,Curaçao,164423,4151,7.0,14,0.0,2568,39.0,1569,6.0,25246,85.0,33412,203208
2020-12-29,23:00:00,20:54:00,195,Curaçao,164425,4151,0.0,14,0.0,2568,0.0,1569,6.0,25246,85.0,33412,203205
2020-12-30,23:00:00,20:54:00,195,Curaçao,164426,4230,79.0,14,0.0,2759,191.0,1457,5.0,25726,85.0,34400,209213
2020-12-31,23:00:00,20:44:00,195,Curaçao,164428,4230,0.0,14,0.0,2759,0.0,1457,5.0,25726,85.0,34400,209210
2021-01-01,23:00:00,20:54:00,195,Curaçao,164430,4260,30.0,14,0.0,2925,166.0,1321,5.0,25908,85.0,34776,211494
2021-01-02,23:00:00,20:56:00,195,Curaçao,164432,4294,34.0,16,2.0,2950,25.0,1328,5.0,26114,97.0,35682,217002
