Date,Scrap_time,Update_time_GMT,Country_id,Country,Population,TotalCases,NewCases,TotalDeaths,NewDeaths,TotalRecovered,NewRecovered,ActiveCases,SeriousCritical,Tot_Cases_1Mpop,Deaths_1Mpop,TotalTests,Tests_1Mpop
2020-08-02,20:00:00,,144,Cyprus,1208118,1139,,19,,856,,264,,943,16.0,208031,172194
2020-08-08,20:00:00,,144,Cyprus,1208262,1222,83.0,19,0.0,856,0.0,347,,1011,16.0,220136,182192
2020-08-12,20:00:00,,144,Cyprus,1208358,1277,55.0,20,1.0,870,14.0,387,5.0,1057,17.0,239630,198310
2020-08-16,20:00:00,,144,Cyprus,1208454,1332,55.0,20,0.0,870,0.0,442,5.0,1102,17.0,239630,198295
2020-08-17,20:00:00,,144,Cyprus,1208478,1351,19.0,20,0.0,870,0.0,461,5.0,1118,17.0,239630,198291
2020-08-18,20:00:00,,144,Cyprus,1208502,1351,0.0,20,0.0,870,0.0,461,5.0,1118,17.0,239630,198287
2020-08-19,20:00:00,,144,Cyprus,1208526,1359,8.0,20,0.0,878,8.0,461,5.0,1125,17.0,263943,218401
2020-08-20,17:53:00,,144,Cyprus,1208550,1385,26.0,20,0.0,878,0.0,487,5.0,1146,17.0,263943,218396
2020-08-23,21:09:00,,144,Cyprus,1208622,1417,32.0,20,0.0,878,0.0,519,5.0,1172,17.0,263943,218383
2020-08-24,17:10:00,,144,Cyprus,1208646,1421,4.0,20,0.0,878,0.0,523,5.0,1176,17.0,280445,232032
2020-08-25,23:00:00,,144,Cyprus,1208670,1451,30.0,20,0.0,878,0.0,553,5.0,1200,17.0,280445,232028
2020-08-26,22:59:00,,144,Cyprus,1208694,1484,33.0,20,0.0,935,57.0,529,5.0,1228,17.0,286736,237228
2020-08-27,23:00:00,,144,Cyprus,1208718,1484,0.0,20,0.0,935,0.0,529,5.0,1228,17.0,286736,237223
2020-08-28,23:01:00,,144,Cyprus,1208742,1481,-3.0,20,0.0,935,0.0,526,5.0,1225,17.0,286736,237219
2020-08-29,12:29:00,,144,Cyprus,1208766,1481,0.0,20,0.0,935,0.0,526,5.0,1225,17.0,286736,237214
2020-08-30,23:00:00,,144,Cyprus,1208790,1487,6.0,20,0.0,935,0.0,532,5.0,1230,17.0,286736,237209
2020-08-31,18:58:00,,144,Cyprus,1208814,1487,0.0,20,0.0,1139,204.0,328,5.0,1230,17.0,286736,237204
2020-09-01,23:00:00,,144,Cyprus,1208838,1488,1.0,20,0.0,1139,0.0,329,5.0,1231,17.0,286736,237200
2020-09-02,23:01:00,,144,Cyprus,1208862,1495,7.0,21,1.0,1139,0.0,335,5.0,1237,17.0,286736,237195
2020-09-03,23:01:00,,144,Cyprus,1208886,1498,3.0,21,0.0,1139,0.0,338,5.0,1239,17.0,286736,237190
2020-09-04,07:01:00,,144,Cyprus,1208910,1498,0.0,21,0.0,1139,0.0,338,5.0,1239,17.0,286736,237186
2020-09-05,23:31:00,,144,Cyprus,1208934,1507,9.0,21,0.0,1237,98.0,249,5.0,1247,17.0,312813,258751
2020-09-06,18:30:00,,144,Cyprus,1208958,1507,0.0,21,0.0,1237,0.0,249,5.0,1247,17.0,312813,258746
2020-09-07,23:39:00,,144,Cyprus,1208982,1510,3.0,22,1.0,1237,0.0,251,5.0,1249,18.0,312813,258741
2020-09-08,22:10:00,,144,Cyprus,1209006,1510,0.0,22,0.0,1237,0.0,251,5.0,1249,18.0,312813,258736
2020-09-10,22:01:00,,144,Cyprus,1209053,1517,7.0,22,0.0,1237,0.0,258,5.0,1255,18.0,312813,258726
2020-09-11,22:00:00,,144,Cyprus,1209077,1520,3.0,22,0.0,1237,0.0,261,5.0,1257,18.0,312813,258720
2020-09-12,22:22:00,,144,Cyprus,1209101,1520,0.0,22,0.0,1237,0.0,261,5.0,1257,18.0,312813,258715
2020-09-13,22:01:00,,144,Cyprus,1209125,1523,3.0,22,0.0,1281,44.0,220,5.0,1260,18.0,329476,272491
2020-09-14,22:04:00,,144,Cyprus,1209149,1526,3.0,22,0.0,1281,0.0,223,2.0,1262,18.0,332286,274810
2020-09-15,21:00:00,,144,Cyprus,1209173,1534,8.0,22,0.0,1282,1.0,230,2.0,1269,18.0,335314,277309
2020-09-16,21:01:00,,144,Cyprus,1209197,1540,6.0,22,0.0,1282,0.0,236,2.0,1274,18.0,337274,278924
2020-09-18,20:01:00,,144,Cyprus,1209245,1565,25.0,22,0.0,1282,0.0,261,2.0,1294,18.0,344831,285162
2020-09-19,21:00:00,,144,Cyprus,1209269,1580,15.0,22,0.0,1282,0.0,276,2.0,1307,18.0,344831,285157
2020-09-20,22:31:00,,144,Cyprus,1209293,1590,10.0,22,0.0,1282,0.0,286,2.0,1315,18.0,344831,285151
2020-09-21,21:01:00,,144,Cyprus,1209317,1603,13.0,22,0.0,1369,87.0,212,2.0,1326,18.0,356020,294398
2020-09-22,21:01:00,,144,Cyprus,1209341,1618,15.0,22,0.0,1369,0.0,227,1.0,1338,18.0,358729,296632
2020-09-23,19:58:00,,144,Cyprus,1209365,1618,0.0,22,0.0,1369,0.0,227,1.0,1338,18.0,358729,296626
2020-09-24,21:00:00,,144,Cyprus,1209389,1654,36.0,22,0.0,1369,0.0,263,1.0,1368,18.0,362046,299363
2020-09-25,21:00:00,,144,Cyprus,1209413,1663,9.0,22,0.0,1369,0.0,272,1.0,1375,18.0,364939,301749
2020-09-26,21:00:00,,144,Cyprus,1209437,1684,21.0,22,0.0,1369,0.0,293,1.0,1392,18.0,367554,303905
2020-09-27,22:45:00,,144,Cyprus,1209461,1696,12.0,22,0.0,1369,0.0,305,1.0,1402,18.0,370892,306659
2020-09-28,22:00:00,,144,Cyprus,1209485,1713,17.0,22,0.0,1369,0.0,322,1.0,1416,18.0,374112,309315
2020-09-29,21:35:00,,144,Cyprus,1209509,1713,0.0,22,0.0,1369,0.0,322,1.0,1416,18.0,374112,309309
2020-09-30,22:00:00,,144,Cyprus,1209533,1755,42.0,22,0.0,1369,0.0,364,1.0,1451,18.0,379262,313561
2020-10-01,21:31:00,,144,Cyprus,1209557,1772,17.0,22,0.0,1369,0.0,381,1.0,1465,18.0,382409,316156
2020-10-02,22:36:00,,144,Cyprus,1209581,1789,17.0,22,0.0,1369,0.0,398,1.0,1479,18.0,384821,318144
2020-10-03,22:24:00,,144,Cyprus,1209605,1811,22.0,22,0.0,1369,0.0,420,1.0,1497,18.0,388298,321012
2020-10-04,21:01:00,,144,Cyprus,1209629,1824,13.0,22,0.0,1369,0.0,433,1.0,1508,18.0,391475,323632
2020-10-05,22:13:00,,144,Cyprus,1209653,1847,23.0,22,0.0,1369,0.0,456,1.0,1527,18.0,394211,325888
2020-10-06,23:01:00,,144,Cyprus,1209677,1876,29.0,23,1.0,1369,0.0,484,1.0,1551,19.0,394211,325881
2020-10-07,23:01:00,,144,Cyprus,1209701,1897,21.0,24,1.0,1369,0.0,504,1.0,1568,20.0,400197,330823
2020-10-08,23:59:00,,144,Cyprus,1209725,1918,21.0,24,0.0,1369,0.0,525,1.0,1585,20.0,403330,333406
2020-10-09,23:00:00,,144,Cyprus,1209749,1951,33.0,25,1.0,1369,0.0,557,1.0,1613,21.0,405425,335132
2020-10-10,23:00:00,,144,Cyprus,1209773,1984,33.0,25,0.0,1369,0.0,590,2.0,1640,21.0,408839,337947
2020-10-12,23:10:00,,144,Cyprus,1209821,2006,22.0,25,0.0,1444,75.0,537,2.0,1658,21.0,415095,343104
2020-10-13,23:01:00,,144,Cyprus,1209845,2109,103.0,25,0.0,1444,0.0,640,2.0,1743,21.0,417705,345255
2020-10-14,23:01:00,,144,Cyprus,1209869,2181,72.0,25,0.0,1444,0.0,712,2.0,1803,21.0,421350,348261
2020-10-15,14:09:00,11:06:00,144,Cyprus,1209893,2181,0.0,25,0.0,1444,0.0,712,2.0,1803,21.0,421350,348254
2020-10-16,22:08:00,19:06:00,144,Cyprus,1209917,2285,104.0,25,0.0,1444,0.0,816,2.0,1889,21.0,423641,350141
2020-10-17,23:01:00,19:58:00,144,Cyprus,1209941,2581,296.0,25,0.0,1444,0.0,1112,2.0,2133,21.0,430602,355887
2020-10-18,22:05:00,19:03:00,144,Cyprus,1209965,2644,63.0,25,0.0,1444,0.0,1175,2.0,2185,21.0,435568,359984
2020-10-19,22:05:00,18:59:00,144,Cyprus,1209989,2687,43.0,25,0.0,1444,0.0,1218,2.0,2221,21.0,435568,359977
2020-10-20,22:05:00,19:04:00,144,Cyprus,1210013,2839,152.0,25,0.0,1444,0.0,1370,2.0,2346,21.0,435568,359970
2020-10-21,22:05:00,19:03:00,144,Cyprus,1210037,2966,127.0,25,0.0,1444,0.0,1497,5.0,2451,21.0,446224,368769
2020-10-22,22:05:00,19:04:00,144,Cyprus,1210061,3154,188.0,25,0.0,1444,0.0,1685,5.0,2606,21.0,446224,368762
2020-10-23,22:05:00,19:02:00,144,Cyprus,1210085,3154,0.0,25,0.0,1444,0.0,1685,5.0,2606,21.0,446224,368754
2020-10-24,23:41:00,20:40:00,144,Cyprus,1210109,3444,290.0,25,0.0,1882,438.0,1537,5.0,2846,21.0,458164,378614
2020-10-25,23:00:00,20:58:00,144,Cyprus,1210133,3444,0.0,25,0.0,1882,0.0,1537,9.0,2846,21.0,458164,378606
2020-10-26,23:00:00,20:56:00,144,Cyprus,1210156,3545,101.0,25,0.0,1882,0.0,1638,9.0,2929,21.0,458164,378599
2020-10-27,23:00:00,20:58:00,144,Cyprus,1210180,3817,272.0,25,0.0,1882,0.0,1910,2.0,3154,21.0,458164,378592
2020-10-28,23:00:00,20:58:00,144,Cyprus,1210204,3817,0.0,25,0.0,1882,0.0,1910,2.0,3154,21.0,458164,378584
2020-10-29,23:00:00,20:57:00,144,Cyprus,1210228,3930,113.0,25,0.0,1882,0.0,2023,2.0,3247,21.0,471104,389269
2020-10-30,23:00:00,20:58:00,144,Cyprus,1210252,4051,121.0,25,0.0,1882,0.0,2144,2.0,3347,21.0,471104,389261
2020-10-31,23:00:00,20:59:00,144,Cyprus,1210276,4217,166.0,25,0.0,1882,0.0,2310,7.0,3484,21.0,480428,396957
2020-11-01,23:00:00,20:59:00,144,Cyprus,1210300,4366,149.0,26,1.0,1882,0.0,2458,7.0,3607,21.0,485211,400901
2020-11-02,23:00:00,20:57:00,144,Cyprus,1210324,4563,197.0,26,0.0,1882,0.0,2655,7.0,3770,21.0,488264,403416
2020-11-03,23:00:00,20:59:00,144,Cyprus,1210348,4934,371.0,27,1.0,1882,0.0,3025,7.0,4077,22.0,488264,403408
2020-11-04,23:00:00,20:57:00,144,Cyprus,1210372,4934,0.0,27,0.0,1882,0.0,3025,7.0,4076,22.0,488264,403400
2020-11-05,23:00:00,20:59:00,144,Cyprus,1210396,5333,399.0,27,0.0,1882,0.0,3424,7.0,4406,22.0,498638,411963
2020-11-06,23:00:00,20:58:00,144,Cyprus,1210420,5333,0.0,27,0.0,1882,0.0,3424,7.0,4406,22.0,498638,411955
2020-11-07,23:00:00,20:57:00,144,Cyprus,1210444,5871,538.0,27,0.0,1882,0.0,3962,7.0,4850,22.0,498638,411946
2020-11-08,23:00:00,20:49:00,144,Cyprus,1210468,5871,0.0,35,8.0,1882,0.0,3954,7.0,4850,29.0,510305,421577
2020-11-09,23:00:00,20:59:00,144,Cyprus,1210492,5987,116.0,28,-7.0,1882,0.0,4077,7.0,4946,23.0,510305,421568
2020-11-10,23:00:00,20:59:00,144,Cyprus,1210516,6098,111.0,28,0.0,1882,0.0,4188,7.0,5038,23.0,512416,423304
2020-11-11,23:00:00,20:56:00,144,Cyprus,1210540,6461,363.0,33,5.0,1882,0.0,4546,7.0,5337,27.0,522653,431752
2020-11-12,23:00:00,20:59:00,144,Cyprus,1210564,6461,0.0,33,0.0,1882,0.0,4546,7.0,5337,27.0,522653,431743
2020-11-13,23:00:00,20:58:00,144,Cyprus,1210588,6646,185.0,34,1.0,1882,0.0,4730,7.0,5490,28.0,525544,434123
2020-11-14,23:00:00,20:57:00,144,Cyprus,1210612,6853,207.0,38,4.0,2021,139.0,4794,7.0,5661,31.0,528632,436665
2020-11-15,23:00:00,20:53:00,144,Cyprus,1210636,7178,325.0,39,1.0,2021,0.0,5118,7.0,5929,32.0,532789,440090
2020-11-16,23:00:00,20:59:00,144,Cyprus,1210660,7178,0.0,39,0.0,2021,0.0,5118,7.0,5929,32.0,532789,440081
2020-11-17,23:00:00,20:58:00,144,Cyprus,1210684,7285,107.0,40,1.0,2021,0.0,5224,7.0,6017,33.0,539801,445864
2020-11-18,23:00:00,20:57:00,144,Cyprus,1210708,7711,426.0,41,1.0,2021,0.0,5649,7.0,6369,34.0,548688,453196
2020-11-19,23:00:00,20:59:00,144,Cyprus,1210732,7711,0.0,41,0.0,2021,0.0,5649,7.0,6369,34.0,548688,453187
2020-11-20,23:00:00,20:59:00,144,Cyprus,1210756,7979,268.0,41,0.0,2021,0.0,5917,15.0,6590,34.0,555737,459000
2020-11-21,23:00:00,20:58:00,144,Cyprus,1210780,8211,232.0,43,2.0,2055,34.0,6113,15.0,6782,36.0,567157,468423
2020-11-22,23:00:00,20:59:00,144,Cyprus,1210804,8456,245.0,43,0.0,2055,0.0,6358,15.0,6984,36.0,574392,474389
2020-11-23,23:00:00,20:58:00,144,Cyprus,1210828,8643,187.0,44,1.0,2055,0.0,6544,15.0,7138,36.0,577615,477041
2020-11-24,23:00:00,20:57:00,144,Cyprus,1210852,8947,304.0,44,0.0,2055,0.0,6848,15.0,7389,36.0,582782,481299
2020-11-25,23:00:00,20:58:00,144,Cyprus,1210876,9199,252.0,46,2.0,2055,0.0,7098,15.0,7597,38.0,588206,485769
2020-11-26,23:00:00,20:47:00,144,Cyprus,1210900,9453,254.0,47,1.0,2055,0.0,7351,15.0,7807,39.0,594637,491070
2020-11-27,23:00:00,20:59:00,144,Cyprus,1210924,9673,220.0,48,1.0,2055,0.0,7570,15.0,7988,40.0,600572,495962
2020-11-28,23:00:00,20:46:00,144,Cyprus,1210948,9983,310.0,48,0.0,2057,2.0,7878,15.0,8244,40.0,607156,501389
2020-11-29,23:00:00,20:51:00,144,Cyprus,1210972,10231,248.0,48,0.0,2057,0.0,8126,15.0,8449,40.0,613746,506821
2020-11-30,23:00:00,20:57:00,144,Cyprus,1210996,10383,152.0,48,0.0,2057,0.0,8278,15.0,8574,40.0,616959,509464
2020-12-01,23:00:00,20:55:00,144,Cyprus,1211020,10565,182.0,49,1.0,2057,0.0,8459,15.0,8724,40.0,619420,511486
2020-12-02,23:00:00,20:58:00,144,Cyprus,1211044,10883,318.0,49,0.0,2057,0.0,8777,15.0,8986,40.0,622653,514146
2020-12-03,23:00:00,20:59:00,144,Cyprus,1211068,11175,292.0,52,3.0,2057,0.0,9066,15.0,9227,43.0,625577,516550
2020-12-04,23:00:00,20:57:00,144,Cyprus,1211092,11523,348.0,54,2.0,2057,0.0,9412,15.0,9515,45.0,629102,519450
2020-12-05,23:00:00,20:58:00,144,Cyprus,1211116,12181,658.0,57,3.0,2057,0.0,10067,15.0,10058,47.0,632950,522617
2020-12-06,23:00:00,20:51:00,144,Cyprus,1211140,12181,0.0,57,0.0,2057,0.0,10067,15.0,10057,47.0,632950,522607
2020-12-07,23:00:00,20:57:00,144,Cyprus,1211164,12451,270.0,61,4.0,2057,0.0,10333,15.0,10280,50.0,639047,527630
2020-12-08,23:00:00,20:59:00,144,Cyprus,1211188,13286,835.0,68,7.0,2057,0.0,11161,20.0,10969,56.0,639047,527620
2020-12-09,23:00:00,20:59:00,144,Cyprus,1211212,13286,0.0,68,0.0,2057,0.0,11161,20.0,10969,56.0,639047,527610
2020-12-10,23:00:00,20:59:00,144,Cyprus,1211236,13286,0.0,68,0.0,2057,0.0,11161,20.0,10969,56.0,639047,527599
2020-12-11,23:00:00,20:59:00,144,Cyprus,1211259,13649,363.0,70,2.0,2057,0.0,11522,20.0,11268,58.0,651431,537813
2020-12-12,23:00:00,20:58:00,144,Cyprus,1211283,14476,827.0,75,5.0,2057,0.0,12344,20.0,11951,62.0,659089,544125
2020-12-13,23:00:00,20:59:00,144,Cyprus,1211307,15101,625.0,78,3.0,2057,0.0,12966,20.0,12467,64.0,663696,547917
2020-12-14,23:35:00,21:34:00,144,Cyprus,1211331,15101,0.0,78,0.0,2057,0.0,12966,20.0,12466,64.0,663696,547906
2020-12-15,23:00:00,20:59:00,144,Cyprus,1211355,15450,349.0,82,4.0,2057,0.0,13311,16.0,12754,68.0,666123,549899
2020-12-16,23:00:00,20:58:00,144,Cyprus,1211379,15789,339.0,84,2.0,2057,0.0,13648,16.0,13034,69.0,671112,554007
2020-12-17,23:00:00,20:56:00,144,Cyprus,1211403,16190,401.0,85,1.0,2057,0.0,14048,16.0,13365,70.0,675622,557719
2020-12-18,23:00:00,20:57:00,144,Cyprus,1211427,16647,457.0,85,0.0,2057,0.0,14505,16.0,13742,70.0,675622,557708
2020-12-19,23:59:00,22:11:00,144,Cyprus,1211451,17057,410.0,87,2.0,2057,0.0,14913,16.0,14080,72.0,675622,557697
2020-12-20,23:00:00,20:54:00,144,Cyprus,1211475,17476,419.0,89,2.0,2057,0.0,15330,16.0,14425,73.0,681603,562622
2020-12-21,23:00:00,20:59:00,144,Cyprus,1211499,17688,212.0,91,2.0,2057,0.0,15540,16.0,14600,75.0,683434,564123
2020-12-22,23:00:00,20:59:00,144,Cyprus,1211523,18004,316.0,96,5.0,2057,0.0,15851,16.0,14861,79.0,687363,567354
2020-12-23,23:00:00,20:58:00,144,Cyprus,1211547,18004,0.0,96,0.0,2057,0.0,15851,16.0,14860,79.0,687363,567343
2020-12-24,23:00:00,20:55:00,144,Cyprus,1211571,18883,879.0,104,8.0,2057,0.0,16722,16.0,15586,86.0,691706,570917
2020-12-25,23:00:00,20:59:00,144,Cyprus,1211595,19316,433.0,107,3.0,2057,0.0,17152,16.0,15943,88.0,695730,574227
2020-12-26,23:00:00,20:59:00,144,Cyprus,1211619,19366,50.0,109,2.0,2057,0.0,17200,16.0,15984,90.0,697013,575274
2020-12-27,23:00:00,20:56:00,144,Cyprus,1211643,19391,25.0,111,2.0,2057,0.0,17223,16.0,16004,92.0,697549,575705
2020-12-28,23:00:00,20:58:00,144,Cyprus,1211667,19657,266.0,112,1.0,2057,0.0,17488,25.0,16223,92.0,697549,575694
2020-12-29,23:00:00,20:54:00,144,Cyprus,1211691,20408,751.0,113,1.0,2057,0.0,18238,25.0,16843,93.0,699519,577308
2020-12-30,23:00:00,20:54:00,144,Cyprus,1211715,21315,907.0,117,4.0,2057,0.0,19141,42.0,17591,97.0,717589,592209
2020-12-31,23:00:00,20:44:00,144,Cyprus,1211739,22019,704.0,119,2.0,2057,0.0,19843,41.0,18171,98.0,735040,606599
2021-01-01,23:00:00,20:54:00,144,Cyprus,1211763,22019,0.0,119,0.0,2057,0.0,19843,41.0,18171,98.0,735040,606587
2021-01-02,23:00:00,20:56:00,144,Cyprus,1211787,22818,799.0,127,8.0,2057,0.0,20634,48.0,18830,105.0,738266,609237
