scrap_date,scrap_time,update_time_GMT,Country_id,Country,Population,TotalCases,NewCases,TotalDeaths,NewDeaths,TotalRecovered,NewRecovered,ActiveCases,SeriousCritical,Tot_Cases_1Mpop,Deaths_1Mpop,TotalTests,Tests_1Mpop
2020-08-02,20:00:00,,70,Czechia,10710749,16699,,383,,11587,,4729,19,1559,36.0,698635,65227
2020-08-08,20:00:00,,70,Czechia,10711073,18146,1447.0,389,6.0,12764,1177.0,4993,17,1694,36.0,743589,69422
2020-08-12,20:00:00,,70,Czechia,10711290,18783,637.0,391,2.0,13222,458.0,5170,17,1754,37.0,757957,70762
2020-08-16,20:00:00,,70,Czechia,10711506,19891,1108.0,395,4.0,13763,541.0,5733,24,1857,37.0,791082,73853
2020-08-17,20:00:00,,70,Czechia,10711561,20098,207.0,399,4.0,14523,760.0,5176,26,1876,37.0,798770,74571
2020-08-18,20:00:00,,70,Czechia,10711615,20393,295.0,401,2.0,15146,623.0,4846,29,1904,37.0,805609,75209
2020-08-19,20:00:00,,70,Czechia,10711669,20483,90.0,401,0.0,15146,0.0,4936,29,1912,37.0,805609,75209
2020-08-20,17:53:00,,70,Czechia,10711723,20798,315.0,404,3.0,15615,469.0,4779,23,1942,38.0,812835,75883
2020-08-23,21:09:00,,70,Czechia,10711885,21790,992.0,411,7.0,16087,472.0,5292,22,2034,38.0,834547,77909
2020-08-24,17:10:00,,70,Czechia,10711939,21923,133.0,412,1.0,16125,38.0,5386,22,2047,38.0,840008,78418
2020-08-25,23:00:00,,70,Czechia,10711994,22414,491.0,416,4.0,16650,525.0,5348,22,2092,39.0,852414,79576
2020-08-26,22:59:00,,70,Czechia,10712048,22790,376.0,418,2.0,16939,289.0,5433,31,2128,39.0,861392,80413
2020-08-27,23:00:00,,70,Czechia,10712102,23169,379.0,418,0.0,17190,251.0,5561,31,2163,39.0,871133,81322
2020-08-28,23:01:00,,70,Czechia,10712156,23582,413.0,419,1.0,17447,257.0,5716,32,2201,39.0,880717,82217
2020-08-29,12:29:00,,70,Czechia,10712210,23777,195.0,419,0.0,17497,50.0,5861,32,2220,39.0,880717,82216
2020-08-30,23:00:00,,70,Czechia,10712264,24198,421.0,423,4.0,17546,49.0,6229,33,2259,39.0,896813,83718
2020-08-31,18:58:00,,70,Czechia,10712318,24367,169.0,423,0.0,17547,1.0,6397,33,2275,39.0,896813,83718
2020-09-01,23:00:00,,70,Czechia,10712372,24832,465.0,425,2.0,18088,541.0,6319,34,2318,40.0,910872,85030
2020-09-02,23:01:00,,70,Czechia,10712426,25579,747.0,425,0.0,18307,219.0,6847,40,2388,40.0,923220,86182
2020-09-03,23:01:00,,70,Czechia,10712481,26127,548.0,426,1.0,18663,356.0,7038,40,2439,40.0,934453,87230
2020-09-04,07:01:00,,70,Czechia,10712535,26452,325.0,426,0.0,18663,0.0,7363,40,2469,40.0,934453,87230
2020-09-05,23:31:00,,70,Czechia,10712589,27560,1108.0,431,5.0,19033,370.0,8096,50,2573,40.0,958802,89502
2020-09-06,18:30:00,,70,Czechia,10712643,27752,192.0,431,0.0,19039,6.0,8282,50,2591,40.0,958802,89502
2020-09-07,23:39:00,,70,Czechia,10712697,28374,622.0,436,5.0,19053,14.0,8885,52,2649,41.0,966174,90190
2020-09-08,22:10:00,,70,Czechia,10712751,29368,994.0,440,4.0,20139,1086.0,8789,62,2741,41.0,982811,91742
2020-09-09,22:01:00,,70,Czechia,10712805,30576,1208.0,444,4.0,20365,226.0,9767,57,2854,41.0,982811,91742
2020-09-10,22:01:00,,70,Czechia,10712859,31759,1183.0,447,3.0,20724,359.0,10588,64,2965,42.0,1014369,94687
2020-09-11,22:00:00,,70,Czechia,10712914,33322,1563.0,450,3.0,21140,416.0,11732,65,3110,42.0,1030511,96193
2020-09-12,22:22:00,,70,Czechia,10712968,34744,1422.0,453,3.0,21150,10.0,13141,69,3243,42.0,1030511,96193
2020-09-13,22:01:00,,70,Czechia,10713022,35933,1189.0,456,3.0,21209,59.0,14268,69,3354,43.0,1049146,97932
2020-09-14,22:04:00,,70,Czechia,10713076,36722,789.0,465,9.0,22020,811.0,14237,69,3428,43.0,1070382,99914
2020-09-15,21:00:00,,70,Czechia,10713130,38187,1465.0,476,11.0,22526,506.0,15185,78,3565,44.0,1086466,101414
2020-09-16,21:01:00,,70,Czechia,10713184,40186,1999.0,481,5.0,22896,370.0,16809,78,3751,45.0,1104893,103134
2020-09-18,20:01:00,,70,Czechia,10713292,45228,5042.0,494,13.0,23652,756.0,21082,91,4222,46.0,1148880,107239
2020-09-19,21:00:00,,70,Czechia,10713347,47285,2057.0,499,5.0,24018,366.0,22768,91,4414,47.0,1170742,109279
2020-09-20,22:31:00,,70,Czechia,10713401,48881,1596.0,502,3.0,24744,726.0,23635,91,4563,47.0,1187797,110870
2020-09-21,21:01:00,,70,Czechia,10713455,50071,1190.0,521,19.0,25336,592.0,24214,101,4674,49.0,1198612,111879
2020-09-22,21:01:00,,70,Czechia,10713509,51637,1566.0,530,9.0,26020,684.0,25087,101,4820,49.0,1217147,113609
2020-09-23,19:58:00,,70,Czechia,10713563,54244,2607.0,551,21.0,26709,689.0,26984,120,5063,51.0,1240417,115780
2020-09-24,21:00:00,,70,Czechia,10713617,56747,2503.0,567,16.0,27247,538.0,28933,120,5297,53.0,1263111,117898
2020-09-25,21:00:00,,70,Czechia,10713671,60027,3280.0,578,11.0,28022,775.0,31427,131,5603,54.0,1286000,120034
2020-09-26,21:00:00,,70,Czechia,10713725,62559,2532.0,588,10.0,30891,2869.0,31080,168,5839,55.0,1309467,122223
2020-09-27,22:45:00,,70,Czechia,10713779,64012,1453.0,601,13.0,31220,329.0,32191,181,5975,56.0,1325289,123699
2020-09-28,22:00:00,,70,Czechia,10713834,65313,1301.0,615,14.0,31268,48.0,33430,181,6096,57.0,1325289,123699
2020-09-29,21:35:00,,70,Czechia,10713888,66788,1475.0,635,20.0,32693,1425.0,33460,187,6234,59.0,1347141,125738
2020-09-30,22:00:00,,70,Czechia,10713942,68919,2131.0,655,20.0,33443,750.0,34821,202,6433,61.0,1365607,127461
2020-10-01,21:31:00,,70,Czechia,10713996,72162,3243.0,676,21.0,34093,650.0,37393,198,6735,63.0,1386145,129377
2020-10-02,22:36:00,,70,Czechia,10714050,76017,3855.0,699,23.0,34871,778.0,40447,221,7095,65.0,1410357,131636
2020-10-03,22:24:00,,70,Czechia,10714104,79475,3458.0,709,10.0,35291,420.0,43475,245,7418,66.0,1433997,133842
2020-10-04,21:01:00,,70,Czechia,10714158,81711,2236.0,722,13.0,43991,8700.0,36998,245,7626,67.0,1449352,135274
2020-10-05,22:13:00,,70,Czechia,10714212,83696,1985.0,757,35.0,45176,1185.0,37763,245,7812,71.0,1457315,136017
2020-10-06,23:01:00,,70,Czechia,10714267,87176,3480.0,789,32.0,48714,3538.0,37673,326,8136,74.0,1476013,137761
2020-10-07,23:01:00,,70,Czechia,10714321,92643,5467.0,823,34.0,50600,1886.0,41220,326,8647,77.0,1494776,139512
2020-10-08,23:59:00,,70,Czechia,10714375,98498,5855.0,863,40.0,51117,517.0,46518,366,9193,81.0,1515912,141484
2020-10-09,23:00:00,,70,Czechia,10714429,105281,6783.0,898,35.0,51706,589.0,52677,412,9826,84.0,1539835,143716
2020-10-10,23:00:00,,70,Czechia,10714483,111978,6697.0,934,36.0,53202,1496.0,57842,412,10451,87.0,1574957,146993
2020-10-12,23:10:00,,70,Czechia,10714591,119007,7029.0,1045,111.0,56440,3238.0,61522,408,11107,98.0,1605138,149809
2020-10-13,23:01:00,,70,Czechia,10714645,125328,6321.0,1097,52.0,58417,1977.0,65814,467,11697,102.0,1625524,151710
2020-10-14,23:01:00,,70,Czechia,10714700,135425,10097.0,1158,61.0,60804,2387.0,73463,467,12639,108.0,1658331,154772
2020-10-15,14:09:00,11:06:00,70,Czechia,10714754,139290,3865.0,1172,14.0,60901,97.0,77217,518,13000,109.0,1658331,154771
2020-10-16,22:08:00,19:06:00,70,Czechia,10714808,154675,15385.0,1272,100.0,66005,5104.0,87398,551,14436,119.0,1726678,161149
2020-10-17,23:01:00,19:58:00,70,Czechia,10714862,164422,9747.0,1338,66.0,68896,2891.0,94188,596,15345,125.0,1765806,164800
2020-10-18,22:05:00,19:03:00,70,Czechia,10714916,171487,7065.0,1402,64.0,69090,194.0,100995,587,16005,131.0,1795340,167555
2020-10-19,22:05:00,18:59:00,70,Czechia,10714970,177974,6487.0,1501,99.0,72553,3463.0,103920,587,16610,140.0,1814002,169296
2020-10-20,22:05:00,19:04:00,70,Czechia,10715024,188773,10799.0,1600,99.0,75645,3092.0,111528,634,17618,149.0,1844788,172168
2020-10-21,22:05:00,19:03:00,70,Czechia,10715078,202787,14014.0,1719,119.0,83097,7452.0,117971,657,18925,160.0,1885488,175966
2020-10-22,22:05:00,19:04:00,70,Czechia,10715132,216425,13638.0,1828,109.0,83649,552.0,130948,735,20198,171.0,1929608,180083
2020-10-23,22:05:00,19:02:00,70,Czechia,10715187,231146,14721.0,1941,113.0,91589,7940.0,137616,735,21572,181.0,1976869,184492
2020-10-24,23:41:00,20:40:00,70,Czechia,10715241,246022,14876.0,2047,106.0,91922,333.0,152053,772,22960,191.0,2021471,188654
2020-10-25,23:00:00,20:58:00,70,Czechia,10715295,255373,9351.0,2167,120.0,97282,5360.0,155924,800,23833,202.0,2058256,192086
2020-10-26,23:00:00,20:56:00,70,Czechia,10715349,263572,8199.0,2337,170.0,98369,1087.0,162866,828,24598,218.0,2082838,194379
2020-10-27,23:00:00,20:58:00,70,Czechia,10715403,277215,13643.0,2517,180.0,104170,5801.0,170528,893,25871,235.0,2118316,197689
2020-10-28,23:00:00,20:58:00,70,Czechia,10715457,292280,15065.0,2630,113.0,111963,7793.0,177687,962,27276,245.0,2164370,201986
2020-10-29,23:00:00,20:57:00,70,Czechia,10715511,303984,11704.0,2826,196.0,120205,8242.0,180953,1031,28369,264.0,2203719,205657
2020-10-30,23:00:00,20:58:00,70,Czechia,10715565,316838,12854.0,3033,207.0,128628,8423.0,185177,1031,29568,283.0,2203719,205656
2020-10-31,23:00:00,20:59:00,70,Czechia,10715620,330445,13607.0,3197,164.0,137950,9322.0,189298,1137,30838,298.0,2288854,213600
2020-11-01,23:00:00,20:59:00,70,Czechia,10715674,339007,8562.0,3348,151.0,143764,5814.0,191895,1156,31637,312.0,2323966,216875
2020-11-02,23:00:00,20:57:00,70,Czechia,10715728,345699,6692.0,3603,255.0,158073,14309.0,184023,1156,32261,336.0,2348162,219132
2020-11-03,23:00:00,20:59:00,70,Czechia,10715782,357699,12000.0,3859,256.0,171438,13365.0,182402,1156,33381,360.0,2379128,222021
2020-11-04,23:00:00,20:57:00,70,Czechia,10715836,370285,12586.0,4089,230.0,185866,14428.0,180330,1156,34555,382.0,2422416,226059
2020-11-05,23:00:00,20:59:00,70,Czechia,10715890,385302,15017.0,4301,212.0,200435,14569.0,180566,1156,35956,401.0,2472293,230713
2020-11-06,23:00:00,20:58:00,70,Czechia,10715944,397791,12489.0,4484,183.0,214882,14447.0,178425,1156,37121,418.0,2516543,234841
2020-11-07,23:00:00,20:57:00,70,Czechia,10715998,407440,9649.0,4614,130.0,229786,14904.0,173040,1180,38022,431.0,2557244,238638
2020-11-08,23:00:00,20:49:00,70,Czechia,10716053,413365,5925.0,4793,179.0,237860,8074.0,170712,1206,38574,447.0,2584114,241144
2020-11-09,23:00:00,20:59:00,70,Czechia,10716107,417181,3816.0,5028,235.0,244005,6145.0,168148,1206,38930,469.0,2598211,242458
2020-11-10,23:00:00,20:59:00,70,Czechia,10716161,425845,8664.0,5263,235.0,261273,17268.0,159309,1206,39739,491.0,2628134,245250
2020-11-11,23:00:00,20:56:00,70,Czechia,10716215,434278,8433.0,5517,254.0,277917,16644.0,150844,1206,40525,515.0,2661910,248400
2020-11-12,23:00:00,20:59:00,70,Czechia,10716269,443113,8835.0,5708,191.0,285957,8040.0,151448,1133,41350,533.0,2696937,251668
2020-11-13,23:00:00,20:58:00,70,Czechia,10716323,450392,7279.0,5878,170.0,301385,15428.0,143129,1133,42029,549.0,2728817,254641
2020-11-14,23:00:00,20:57:00,70,Czechia,10716377,456117,5725.0,6005,127.0,316523,15138.0,133589,1110,42563,560.0,2759814,257532
2020-11-15,23:00:00,20:53:00,70,Czechia,10716431,459271,3154.0,6156,151.0,322383,5860.0,130732,1110,42857,574.0,2759814,257531
2020-11-16,23:00:00,20:59:00,70,Czechia,10716485,462121,2850.0,6370,214.0,328019,5636.0,127732,1110,43122,594.0,2786547,260024
2020-11-17,23:00:00,20:58:00,70,Czechia,10716540,468181,6060.0,6487,117.0,341401,13382.0,120293,1110,43688,605.0,2812312,262427
2020-11-18,23:00:00,20:57:00,70,Czechia,10716594,472250,4069.0,6707,220.0,354413,13012.0,111130,1110,44067,626.0,2830004,264077
2020-11-19,23:00:00,20:59:00,70,Czechia,10716648,479020,6770.0,6856,149.0,368179,13766.0,103985,1110,44699,640.0,2852621,266186
2020-11-20,23:00:00,20:59:00,70,Czechia,10716702,484729,5709.0,6996,140.0,379991,11812.0,97742,1110,45231,653.0,2878888,268636
2020-11-21,23:00:00,20:58:00,70,Czechia,10716756,489563,4834.0,7067,71.0,390065,10074.0,92431,913,45682,659.0,2905249,271094
2020-11-22,23:00:00,20:59:00,70,Czechia,10716810,491647,2084.0,7164,97.0,394947,4882.0,89536,913,45876,668.0,2920257,272493
2020-11-23,23:00:00,20:58:00,70,Czechia,10716864,494104,2457.0,7334,170.0,398658,3711.0,88112,839,46105,684.0,2930015,273402
2020-11-24,23:00:00,20:57:00,70,Czechia,10716918,499831,5727.0,7483,149.0,406726,8068.0,85622,839,46639,698.0,2930015,273401
2020-11-25,23:00:00,20:58:00,70,Czechia,10716973,505215,5384.0,7611,128.0,417657,10931.0,79947,839,47142,710.0,2976646,277751
2020-11-26,23:00:00,20:47:00,70,Czechia,10717027,509665,4450.0,7751,140.0,425542,7885.0,76372,839,47557,723.0,3000834,280006
2020-11-27,23:00:00,20:59:00,70,Czechia,10717081,513675,4010.0,7934,183.0,432587,7045.0,73154,839,47930,740.0,3021311,281915
2020-11-28,23:00:00,20:46:00,70,Czechia,10717135,517692,4017.0,8024,90.0,437365,4778.0,72303,839,48305,749.0,3044925,284117
2020-11-29,23:00:00,20:51:00,70,Czechia,10717189,519357,1665.0,8102,78.0,442486,5121.0,68769,839,48460,756.0,3058381,285372
2020-11-30,23:00:00,20:57:00,70,Czechia,10717243,521132,1775.0,8273,171.0,444877,2391.0,67982,689,48626,772.0,3065132,286000
