scrap_date,scrap_time,update date,update time-GMT,Country_id,Country,Population,TotalCases,NewCases,TotalDeaths,NewDeaths,TotalRecovered,NewRecovered,ActiveCases,"Serious,Critical",Tot_Cases_1M_pop,Deaths/1M pop,TotalTests,Tests_1M_pop,Continent_id
2020-08-02,20:00:00,2020-08-02,,76,Denmark,5794001,13789,,615,,12578,,596,3,2380,106.0,1532427,264485,4
2020-08-08,20:00:00,2020-08-08,,76,Denmark,5794334,14442,,617,,12840,,985,2,2492,106.0,1680226,289977,4
2020-08-12,20:00:00,2020-08-12,,76,Denmark,5794557,14959,,621,,12988,,1350,2,2582,107.0,1780284,307234,4
2020-08-16,20:00:00,2020-08-16,,76,Denmark,5794779,15483,,621,,13275,,1587,1,2672,107.0,1903899,328554,4
2020-08-17,20:00:00,2020-08-17,,76,Denmark,5794835,15740,123.0,621,,13417,77.0,1702,1,2716,107.0,1966834,339412,4
2020-08-18,20:00:00,2020-08-18,,76,Denmark,5794890,15855,115.0,621,,13529,112.0,1705,1,2736,107.0,1994602,344200,4
2020-08-19,20:00:00,2020-08-19,,76,Denmark,5794946,15855,,621,,13529,,1705,1,2736,107.0,1994602,344197,4
2020-08-20,17:53:00,2020-08-20,,76,Denmark,5795001,16056,116.0,621,,13769,118.0,1666,1,2771,107.0,2075156,358094,4
2020-08-23,21:09:00,2020-08-23,,76,Denmark,5795168,16317,78.0,622,,14180,236.0,1515,2,2816,107.0,2180089,376191,4
2020-08-24,17:10:00,2020-08-24,,76,Denmark,5795224,16397,80.0,623,1.0,14310,130.0,1464,5,2829,108.0,2211377,381586,4
2020-08-25,23:00:00,2020-08-25,,76,Denmark,5795279,16480,83.0,623,,14465,155.0,1392,3,2844,108.0,2244803,387350,4
2020-08-26,22:59:00,2020-08-26,,76,Denmark,5795335,16537,57.0,623,,14603,138.0,1311,3,2854,108.0,2281780,393727,4
2020-08-27,23:00:00,2020-08-27,,76,Denmark,5795391,16627,90.0,624,1.0,14763,160.0,1240,2,2869,108.0,2321685,400609,4
2020-08-28,23:01:00,2020-08-28,,76,Denmark,5795446,16700,73.0,624,,14877,114.0,1199,2,2882,108.0,2360333,407274,4
2020-08-29,12:29:00,2020-08-29,,76,Denmark,5795502,16700,,624,,14877,,1199,2,2882,108.0,2360333,407270,4
2020-08-30,23:00:00,2020-08-30,,76,Denmark,5795557,16891,112.0,624,,15116,127.0,1151,4,2914,108.0,2433762,419936,4
2020-08-31,18:58:00,2020-08-31,,76,Denmark,5795613,16985,94.0,624,,15205,89.0,1156,4,2931,108.0,2463008,424978,4
2020-09-01,23:00:00,2020-09-01,,76,Denmark,5795669,17084,99.0,625,1.0,15300,95.0,1159,4,2948,108.0,2493863,430298,4
2020-09-02,23:01:00,2020-09-02,,76,Denmark,5795724,17195,111.0,626,1.0,15413,113.0,1156,4,2967,108.0,2526753,435968,4
2020-09-03,23:01:00,2020-09-03,,76,Denmark,5795780,17374,179.0,626,,15499,86.0,1249,3,2998,108.0,2566628,442844,4
2020-09-04,07:01:00,2020-09-04,,76,Denmark,5795835,17374,,626,,15499,,1249,3,2998,108.0,2566628,442840,4
2020-09-05,23:31:00,2020-09-05,,76,Denmark,5795891,17736,189.0,627,,15671,85.0,1438,3,3060,108.0,2647496,456788,4
2020-09-06,18:30:00,2020-09-06,,76,Denmark,5795947,17883,147.0,627,,15760,89.0,1496,4,3085,108.0,2679679,462337,4
2020-09-07,23:39:00,2020-09-07,,76,Denmark,5796002,18113,230.0,628,1.0,15833,73.0,1652,3,3125,108.0,2715380,468492,4
2020-09-08,22:10:00,2020-09-08,,76,Denmark,5796058,18356,243.0,628,,15907,74.0,1821,2,3167,108.0,2750858,474608,4
2020-09-09,22:01:00,2020-09-09,,76,Denmark,5796113,18607,251.0,628,,15990,83.0,1989,5,3210,108.0,2790136,481381,4
2020-09-10,22:01:00,2020-09-10,,76,Denmark,5796169,18924,317.0,629,1.0,16069,79.0,2226,5,3265,109.0,2836752,489418,4
2020-09-11,22:00:00,2020-09-11,,76,Denmark,5796224,19216,292.0,629,,16139,70.0,2448,7,3315,109.0,2883594,497495,4
2020-09-12,22:22:00,2020-09-12,,76,Denmark,5796280,19557,341.0,630,1.0,16247,108.0,2680,4,3374,109.0,2934104,506205,4
2020-09-13,22:01:00,2020-09-13,,76,Denmark,5796336,19890,333.0,631,1.0,16333,86.0,2926,4,3431,109.0,2987910,515483,4
2020-09-14,22:04:00,2020-09-14,,76,Denmark,5796391,20237,347.0,633,2.0,16437,104.0,3167,4,3491,109.0,3034147,523455,4
2020-09-15,21:00:00,2020-09-15,,76,Denmark,5796447,20571,334.0,633,,16557,120.0,3381,4,3549,109.0,3082836,531849,4
2020-09-16,21:01:00,2020-09-16,,76,Denmark,5796502,20571,,633,,16557,,3381,4,3549,109.0,3082836,531844,4
2020-09-18,20:01:00,2020-09-18,,76,Denmark,5796614,21847,454.0,635,,17110,192.0,4102,3,3769,110.0,3246363,560045,4
2020-09-19,21:00:00,2020-09-19,,76,Denmark,5796669,22436,589.0,635,,17316,206.0,4485,4,3870,110.0,3300734,569419,4
2020-09-20,22:31:00,2020-09-20,,76,Denmark,5796725,22905,469.0,638,3.0,17514,198.0,4753,9,3951,110.0,3351337,578143,4
2020-09-21,21:01:00,2020-09-21,,76,Denmark,5796780,23323,418.0,640,2.0,17738,224.0,4945,12,4023,110.0,3393359,585387,4
2020-09-22,21:01:00,2020-09-22,,76,Denmark,5796836,23799,476.0,641,1.0,18035,297.0,5123,19,4106,111.0,3442785,593908,4
2020-09-23,19:58:00,2020-09-23,,76,Denmark,5796892,24357,558.0,643,2.0,18359,324.0,5355,15,4202,111.0,3500492,603857,4
2020-09-24,21:00:00,2020-09-24,,76,Denmark,5796947,24916,559.0,645,2.0,18646,287.0,5625,14,4298,111.0,3554377,613146,4
2020-09-25,21:00:00,2020-09-25,,76,Denmark,5797003,25594,678.0,647,2.0,19010,364.0,5937,25,4415,112.0,3608262,622436,4
2020-09-26,21:00:00,2020-09-26,,76,Denmark,5797058,26213,619.0,648,1.0,19350,340.0,6215,28,4522,112.0,3663906,632029,4
2020-09-27,22:45:00,2020-09-27,,76,Denmark,5797114,26637,424.0,649,1.0,19650,300.0,6338,28,4595,112.0,3710734,640100,4
2020-09-28,22:00:00,2020-09-28,,76,Denmark,5797170,27072,435.0,649,,19942,292.0,6481,28,4670,112.0,3759877,648571,4
2020-09-29,21:35:00,2020-09-29,,76,Denmark,5797225,27464,392.0,650,1.0,20320,378.0,6494,24,4737,112.0,3805103,656366,4
2020-09-30,22:00:00,2020-09-30,,76,Denmark,5797281,27998,534.0,650,,20754,434.0,6594,25,4830,112.0,3860049,665838,4
2020-10-01,21:31:00,2020-10-01,,76,Denmark,5797336,28396,398.0,651,1.0,21309,555.0,6436,22,4898,112.0,3909185,674307,4
2020-10-02,22:36:00,2020-10-02,,76,Denmark,5797392,28932,536.0,652,1.0,21824,515.0,6456,29,4991,112.0,3965265,683974,4
2020-10-03,22:24:00,2020-10-03,,76,Denmark,5797447,29302,370.0,654,2.0,22297,473.0,6351,31,5054,113.0,4006432,691068,4
2020-10-04,21:01:00,2020-10-04,,76,Denmark,5797503,29680,378.0,658,4.0,22716,419.0,6306,33,5119,113.0,4048223,698270,4
2020-10-05,22:13:00,2020-10-05,,76,Denmark,5797559,30057,377.0,659,1.0,23122,406.0,6276,30,5184,114.0,4084612,704540,4
2020-10-06,23:01:00,2020-10-06,,76,Denmark,5797614,30379,322.0,663,4.0,23655,533.0,6061,15,5240,114.0,4123938,711316,4
2020-10-07,23:01:00,2020-10-07,,76,Denmark,5797670,30710,331.0,663,,24240,585.0,5807,15,5297,114.0,4166217,718602,4
2020-10-08,23:59:00,2020-10-08,,76,Denmark,5797725,31156,446.0,665,2.0,24899,649.0,5592,31,5374,115.0,4218840,727672,4
2020-10-09,23:00:00,2020-10-09,,76,Denmark,5797781,31638,482.0,665,,25502,603.0,5471,18,5457,115.0,4273919,737165,4
2020-10-10,23:00:00,2020-10-10,,76,Denmark,5797837,32082,444.0,667,2.0,25987,485.0,5428,20,5533,115.0,4321853,745425,4
2020-10-12,23:10:00,2020-10-12,,76,Denmark,5797948,32811,389.0,671,2.0,26741,361.0,5399,19,5659,116.0,4393640,757792,4
2020-10-13,23:01:00,2020-10-13,,76,Denmark,5798003,33101,290.0,674,3.0,27225,484.0,5202,19,5709,116.0,4423310,762902,4
2020-10-14,23:01:00,2020-10-14,,76,Denmark,5798059,33593,492.0,675,1.0,27680,455.0,5238,17,5794,116.0,4465175,770115,4
2020-10-15,14:09:00,2020-10-15,11:06:00,76,Denmark,5798115,33593,,675,,27680,,5238,17,5794,116.0,4465175,770108,4
2020-10-16,22:08:00,2020-10-16,19:06:00,76,Denmark,5798170,34441,418.0,677,,28551,433.0,5213,16,5940,117.0,4534292,782021,4
2020-10-17,23:01:00,2020-10-17,19:58:00,76,Denmark,5798226,34941,500.0,679,2.0,28917,366.0,5345,16,6026,117.0,4571810,788484,4
