Date,Scrap_time,Update_time_GMT,Country_id,Country,Population,TotalCases,NewCases,TotalDeaths,NewDeaths,TotalRecovered,NewRecovered,ActiveCases,SeriousCritical,Tot_Cases_1Mpop,Deaths_1Mpop,TotalTests,Tests_1Mpop
2020-08-02,20:00:00,,104,Djibouti,989190,5161,,59,,5019,,83,,5217,60.0,57575,58204
2020-08-08,20:00:00,,104,Djibouti,989426,5338,177.0,59,0.0,5083,64.0,196,,5395,60.0,59909,60549
2020-08-12,20:00:00,,104,Djibouti,989583,5348,10.0,59,0.0,5133,50.0,156,,5404,60.0,61199,61843
2020-08-16,20:00:00,,104,Djibouti,989740,5367,19.0,59,0.0,5181,48.0,127,,5423,60.0,62731,63381
2020-08-17,20:00:00,,104,Djibouti,989779,5369,2.0,59,0.0,5202,21.0,108,,5424,60.0,63001,63652
2020-08-18,20:00:00,,104,Djibouti,989819,5372,3.0,59,0.0,5211,9.0,102,,5427,60.0,63299,63950
2020-08-19,20:00:00,,104,Djibouti,989858,5374,2.0,59,0.0,5216,5.0,99,,5429,60.0,63299,63948
2020-08-20,17:53:00,,104,Djibouti,989897,5374,0.0,59,0.0,5216,0.0,99,,5429,60.0,63471,64119
2020-08-23,21:09:00,,104,Djibouti,990015,5382,8.0,60,1.0,5254,38.0,68,,5436,61.0,64670,65322
2020-08-24,17:10:00,,104,Djibouti,990054,5382,0.0,60,0.0,5254,0.0,68,,5436,61.0,64670,65320
2020-08-25,23:00:00,,104,Djibouti,990093,5383,1.0,60,0.0,5282,28.0,41,,5437,61.0,65651,66308
2020-08-26,22:59:00,,104,Djibouti,990133,5383,0.0,60,0.0,5297,15.0,26,,5437,61.0,66035,66693
2020-08-27,23:00:00,,104,Djibouti,990172,5383,0.0,60,0.0,5307,10.0,16,,5436,61.0,66447,67107
2020-08-28,23:01:00,,104,Djibouti,990211,5383,0.0,60,0.0,5307,0.0,16,,5436,61.0,66447,67104
2020-08-29,12:29:00,,104,Djibouti,990251,5383,0.0,60,0.0,5307,0.0,16,,5436,61.0,66447,67101
2020-08-30,23:00:00,,104,Djibouti,990290,5385,2.0,60,0.0,5319,12.0,6,,5438,61.0,66859,67515
2020-08-31,18:58:00,,104,Djibouti,990329,5387,2.0,60,0.0,5323,4.0,4,,5440,61.0,67370,68028
2020-09-01,23:00:00,,104,Djibouti,990368,5387,0.0,60,0.0,5327,4.0,0,,5439,61.0,67780,68439
2020-09-02,23:01:00,,104,Djibouti,990408,5387,0.0,60,0.0,5327,0.0,0,,5439,61.0,67780,68436
2020-09-03,23:01:00,,104,Djibouti,990447,5387,0.0,60,0.0,5327,0.0,0,,5439,61.0,68142,68799
2020-09-04,07:01:00,,104,Djibouti,990486,5387,0.0,60,0.0,5327,0.0,0,,5439,61.0,68142,68797
2020-09-05,23:31:00,,104,Djibouti,990525,5387,0.0,60,0.0,5327,0.0,0,,5439,61.0,68856,69515
2020-09-06,18:30:00,,104,Djibouti,990565,5387,0.0,60,0.0,5327,0.0,0,,5438,61.0,68856,69512
2020-09-07,23:39:00,,104,Djibouti,990604,5388,1.0,61,1.0,5327,0.0,0,,5439,62.0,69405,70063
2020-09-08,22:10:00,,104,Djibouti,990643,5388,0.0,61,0.0,5327,0.0,0,,5439,62.0,69405,70061
2020-09-09,22:01:00,,104,Djibouti,990683,5391,3.0,61,0.0,5327,0.0,3,,5442,62.0,70111,70770
2020-09-10,22:01:00,,104,Djibouti,990722,5391,0.0,61,0.0,5327,0.0,3,,5441,62.0,70111,70768
2020-09-11,22:00:00,,104,Djibouti,990761,5394,3.0,61,0.0,5327,0.0,6,,5444,62.0,70954,71616
2020-09-12,22:22:00,,104,Djibouti,990800,5394,0.0,61,0.0,5327,0.0,6,,5444,62.0,70954,71613
2020-09-13,22:01:00,,104,Djibouti,990840,5395,1.0,61,0.0,5330,3.0,4,,5445,62.0,71757,72420
2020-09-14,22:04:00,,104,Djibouti,990879,5396,1.0,61,0.0,5331,1.0,4,,5446,62.0,72143,72807
2020-09-15,21:00:00,,104,Djibouti,990918,5396,0.0,61,0.0,5331,0.0,4,,5445,62.0,72143,72804
2020-09-16,21:01:00,,104,Djibouti,990957,5396,0.0,61,0.0,5331,0.0,4,,5445,62.0,72143,72801
2020-09-18,20:01:00,,104,Djibouti,991036,5399,3.0,61,0.0,5333,2.0,5,,5448,62.0,73416,74080
2020-09-19,21:00:00,,104,Djibouti,991075,5403,4.0,61,0.0,5333,0.0,9,,5452,62.0,73804,74469
2020-09-20,22:31:00,,104,Djibouti,991115,5403,0.0,61,0.0,5333,0.0,9,,5451,62.0,73804,74466
2020-09-21,21:01:00,,104,Djibouti,991154,5404,1.0,61,0.0,5336,3.0,7,,5452,62.0,74456,75121
2020-09-22,21:01:00,,104,Djibouti,991193,5404,0.0,61,0.0,5336,0.0,7,,5452,62.0,74456,75118
2020-09-23,19:58:00,,104,Djibouti,991232,5407,3.0,61,0.0,5338,2.0,8,,5455,62.0,75166,75831
2020-09-24,21:00:00,,104,Djibouti,991272,5407,0.0,61,0.0,5338,0.0,8,,5455,62.0,75166,75828
2020-09-25,21:00:00,,104,Djibouti,991311,5407,0.0,61,0.0,5339,1.0,7,,5454,62.0,75534,76196
2020-09-26,21:00:00,,104,Djibouti,991350,5409,2.0,61,0.0,5340,1.0,8,,5456,62.0,75899,76561
2020-09-27,22:45:00,,104,Djibouti,991389,5409,0.0,61,0.0,5340,0.0,8,,5456,62.0,76076,76737
2020-09-28,22:00:00,,104,Djibouti,991429,5410,1.0,61,0.0,5340,0.0,9,,5457,62.0,76292,76952
2020-09-29,21:35:00,,104,Djibouti,991468,5416,6.0,61,0.0,5344,4.0,11,,5463,62.0,76498,77156
2020-09-30,22:00:00,,104,Djibouti,991507,5416,0.0,61,0.0,5344,0.0,11,,5462,62.0,76791,77449
2020-10-01,21:31:00,,104,Djibouti,991547,5417,1.0,61,0.0,5346,2.0,10,,5463,62.0,77126,77784
2020-10-02,22:36:00,,104,Djibouti,991586,5417,0.0,61,0.0,5346,0.0,10,,5463,62.0,77126,77780
2020-10-03,22:24:00,,104,Djibouti,991625,5417,0.0,61,0.0,5346,0.0,10,,5463,62.0,77365,78018
2020-10-04,21:01:00,,104,Djibouti,991664,5419,2.0,61,0.0,5349,3.0,9,,5465,62.0,77743,78397
2020-10-05,22:13:00,,104,Djibouti,991704,5419,0.0,61,0.0,5349,0.0,9,,5464,62.0,77743,78393
2020-10-06,23:01:00,,104,Djibouti,991743,5421,2.0,61,0.0,5352,3.0,8,,5466,62.0,78079,78729
2020-10-07,23:01:00,,104,Djibouti,991782,5423,2.0,61,0.0,5353,1.0,9,,5468,62.0,78533,79184
2020-10-08,23:59:00,,104,Djibouti,991821,5423,0.0,61,0.0,5353,0.0,9,,5468,62.0,78860,79510
2020-10-09,23:00:00,,104,Djibouti,991861,5423,0.0,61,0.0,5355,2.0,7,,5467,62.0,79257,79907
2020-10-10,23:00:00,,104,Djibouti,991900,5423,0.0,61,0.0,5355,0.0,7,,5467,61.0,79257,79904
2020-10-12,23:10:00,,104,Djibouti,991979,5423,0.0,61,0.0,5355,0.0,7,,5467,61.0,79257,79898
2020-10-13,23:01:00,,104,Djibouti,992018,5428,5.0,61,0.0,5362,7.0,5,,5472,61.0,80689,81338
2020-10-14,23:01:00,,104,Djibouti,992057,5428,0.0,61,0.0,5362,0.0,5,,5471,61.0,80689,81335
2020-10-15,14:09:00,11:06:00,104,Djibouti,992096,5440,12.0,61,0.0,5366,4.0,13,,5483,61.0,81070,81716
2020-10-16,22:08:00,19:06:00,104,Djibouti,992136,5443,3.0,61,0.0,5368,2.0,14,,5486,61.0,81446,82092
2020-10-17,23:01:00,19:58:00,104,Djibouti,992175,5452,9.0,61,0.0,5373,5.0,18,,5495,61.0,81932,82578
2020-10-18,22:05:00,19:03:00,104,Djibouti,992214,5459,7.0,61,0.0,5375,2.0,23,,5502,61.0,82166,82811
2020-10-19,22:05:00,18:59:00,104,Djibouti,992253,5469,10.0,61,0.0,5379,4.0,29,,5512,61.0,82449,83093
2020-10-20,22:05:00,19:04:00,104,Djibouti,992293,5469,0.0,61,0.0,5379,0.0,29,,5511,61.0,82449,83089
2020-10-21,22:05:00,19:03:00,104,Djibouti,992332,5512,43.0,61,0.0,5387,8.0,64,,5555,61.0,82995,83636
2020-10-22,22:05:00,19:04:00,104,Djibouti,992371,5512,0.0,61,0.0,5387,0.0,64,,5554,61.0,82995,83633
2020-10-23,22:05:00,19:02:00,104,Djibouti,992411,5528,16.0,61,0.0,5393,6.0,74,,5570,61.0,83626,84265
2020-10-24,23:41:00,20:40:00,104,Djibouti,992450,5530,2.0,61,0.0,5398,5.0,71,,5572,61.0,83738,84375
2020-10-25,23:00:00,20:58:00,104,Djibouti,992489,5536,6.0,61,0.0,5402,4.0,73,,5578,61.0,83918,84553
2020-10-26,23:00:00,20:56:00,104,Djibouti,992528,5541,5.0,61,0.0,5409,7.0,71,,5583,61.0,84133,84766
2020-10-27,23:00:00,20:58:00,104,Djibouti,992568,5544,3.0,61,0.0,5421,12.0,62,,5586,61.0,84334,84965
2020-10-28,23:00:00,20:58:00,104,Djibouti,992607,5544,0.0,61,0.0,5421,0.0,62,,5585,61.0,84334,84962
2020-10-29,23:00:00,20:57:00,104,Djibouti,992646,5555,11.0,61,0.0,5427,6.0,67,,5596,61.0,84606,85233
2020-10-30,23:00:00,20:58:00,104,Djibouti,992685,5559,4.0,61,0.0,5437,10.0,61,,5600,61.0,84973,85599
2020-10-31,23:00:00,20:59:00,104,Djibouti,992725,5559,0.0,61,0.0,5437,0.0,61,,5600,61.0,84973,85596
2020-11-01,23:00:00,20:59:00,104,Djibouti,992764,5563,4.0,61,0.0,5448,11.0,54,,5604,61.0,85261,85882
2020-11-02,23:00:00,20:57:00,104,Djibouti,992803,5573,10.0,61,0.0,5460,12.0,52,,5613,61.0,85461,86081
2020-11-03,23:00:00,20:59:00,104,Djibouti,992843,5575,2.0,61,0.0,5467,7.0,47,,5615,61.0,85477,86093
2020-11-04,23:00:00,20:57:00,104,Djibouti,992882,5580,5.0,61,0.0,5472,5.0,47,,5620,61.0,85891,86507
2020-11-05,23:00:00,20:59:00,104,Djibouti,992921,5599,19.0,61,0.0,5479,7.0,59,,5639,61.0,86224,86839
2020-11-06,23:00:00,20:58:00,104,Djibouti,992960,5604,5.0,61,0.0,5481,2.0,62,,5644,61.0,86455,87068
2020-11-07,23:00:00,20:57:00,104,Djibouti,993000,5605,1.0,61,0.0,5485,4.0,59,,5645,61.0,86571,87181
2020-11-08,23:00:00,20:49:00,104,Djibouti,993039,5605,0.0,61,0.0,5485,0.0,59,,5644,61.0,86571,87178
2020-11-09,23:00:00,20:59:00,104,Djibouti,993078,5608,3.0,61,0.0,5486,1.0,61,,5647,61.0,86756,87361
2020-11-10,23:00:00,20:59:00,104,Djibouti,993117,5633,25.0,61,0.0,5497,11.0,75,,5672,61.0,87262,87867
2020-11-11,23:00:00,20:56:00,104,Djibouti,993157,5635,2.0,61,0.0,5501,4.0,73,,5674,61.0,87548,88151
2020-11-12,23:00:00,20:59:00,104,Djibouti,993196,5641,6.0,61,0.0,5509,8.0,71,,5680,61.0,87829,88431
2020-11-13,23:00:00,20:58:00,104,Djibouti,993235,5641,0.0,61,0.0,5509,0.0,71,,5679,61.0,87829,88427
2020-11-14,23:00:00,20:57:00,104,Djibouti,993275,5645,4.0,61,0.0,5519,10.0,65,,5683,61.0,88168,88765
2020-11-15,23:00:00,20:53:00,104,Djibouti,993314,5645,0.0,61,0.0,5519,0.0,65,,5683,61.0,88168,88761
2020-11-16,23:00:00,20:59:00,104,Djibouti,993353,5649,4.0,61,0.0,5525,6.0,63,,5687,61.0,88410,89002
2020-11-17,23:00:00,20:58:00,104,Djibouti,993392,5656,7.0,61,0.0,5548,23.0,47,,5694,61.0,88905,89496
2020-11-18,23:00:00,20:57:00,104,Djibouti,993432,5658,2.0,61,0.0,5549,1.0,48,,5695,61.0,89202,89792
2020-11-19,23:00:00,20:59:00,104,Djibouti,993471,5658,0.0,61,0.0,5549,0.0,48,,5695,61.0,89202,89788
2020-11-20,23:00:00,20:59:00,104,Djibouti,993510,5660,2.0,61,0.0,5551,2.0,48,,5697,61.0,90482,91073
2020-11-21,23:00:00,20:58:00,104,Djibouti,993549,5661,1.0,61,0.0,5552,1.0,48,,5698,61.0,90600,91188
2020-11-22,23:00:00,20:59:00,104,Djibouti,993589,5668,7.0,61,0.0,5555,3.0,52,,5705,61.0,90600,91185
2020-11-23,23:00:00,20:58:00,104,Djibouti,993628,5668,0.0,61,0.0,5555,0.0,52,,5704,61.0,90600,91181
2020-11-24,23:00:00,20:57:00,104,Djibouti,993667,5669,1.0,61,0.0,5569,14.0,39,,5705,61.0,90674,91252
2020-11-25,23:00:00,20:58:00,104,Djibouti,993706,5670,1.0,61,0.0,5575,6.0,34,,5706,61.0,90927,91503
2020-11-26,23:00:00,20:47:00,104,Djibouti,993746,5676,6.0,61,0.0,5576,1.0,39,,5712,61.0,91250,91824
2020-11-27,23:00:00,20:59:00,104,Djibouti,993785,5676,0.0,61,0.0,5576,0.0,39,,5711,61.0,91250,91821
2020-11-28,23:00:00,20:46:00,104,Djibouti,993824,5676,0.0,61,0.0,5577,1.0,38,,5711,61.0,91682,92252
2020-11-29,23:00:00,20:51:00,104,Djibouti,993864,5677,1.0,61,0.0,5577,0.0,39,,5712,61.0,91824,92391
2020-11-30,23:00:00,20:57:00,104,Djibouti,993903,5679,2.0,61,0.0,5584,7.0,34,,5714,61.0,91994,92558
2020-12-01,23:00:00,20:55:00,104,Djibouti,993942,5680,1.0,61,0.0,5587,3.0,32,,5715,61.0,92180,92742
2020-12-02,23:00:00,20:58:00,104,Djibouti,993981,5680,0.0,61,0.0,5587,0.0,32,,5714,61.0,92180,92738
2020-12-03,23:00:00,20:59:00,104,Djibouti,994021,5682,2.0,61,0.0,5587,0.0,34,,5716,61.0,92384,92940
2020-12-04,23:00:00,20:57:00,104,Djibouti,994060,5690,8.0,61,0.0,5592,5.0,37,,5724,61.0,93060,93616
2020-12-05,23:00:00,20:58:00,104,Djibouti,994099,5692,2.0,61,0.0,5592,0.0,39,,5726,61.0,93286,93840
2020-12-06,23:00:00,20:51:00,104,Djibouti,994138,5701,9.0,61,0.0,5593,1.0,47,,5735,61.0,93540,94092
2020-12-07,23:00:00,20:57:00,104,Djibouti,994178,5708,7.0,61,0.0,5596,3.0,51,,5741,61.0,93786,94335
2020-12-08,23:00:00,20:59:00,104,Djibouti,994217,5708,0.0,61,0.0,5596,0.0,51,,5741,61.0,93786,94332
2020-12-09,23:00:00,20:59:00,104,Djibouti,994256,5717,9.0,61,0.0,5599,3.0,57,,5750,61.0,94295,94840
2020-12-10,23:00:00,20:59:00,104,Djibouti,994296,5717,0.0,61,0.0,5599,0.0,57,,5750,61.0,94295,94836
2020-12-11,23:00:00,20:59:00,104,Djibouti,994335,5721,4.0,61,0.0,5608,9.0,52,,5754,61.0,94951,95492
2020-12-12,23:00:00,20:58:00,104,Djibouti,994374,5725,4.0,61,0.0,5612,4.0,52,,5757,61.0,95102,95640
2020-12-13,23:00:00,20:59:00,104,Djibouti,994413,5725,0.0,61,0.0,5612,0.0,52,,5757,61.0,95102,95636
2020-12-14,23:35:00,21:34:00,104,Djibouti,994453,5733,8.0,61,0.0,5622,10.0,50,,5765,61.0,95460,95992
2020-12-15,23:00:00,20:59:00,104,Djibouti,994492,5749,16.0,61,0.0,5628,6.0,60,,5781,61.0,95900,96431
2020-12-16,23:00:00,20:58:00,104,Djibouti,994531,5759,10.0,61,0.0,5628,0.0,70,,5791,61.0,96283,96812
2020-12-17,23:00:00,20:56:00,104,Djibouti,994570,5759,0.0,61,0.0,5628,0.0,70,,5790,61.0,96283,96809
2020-12-18,23:00:00,20:57:00,104,Djibouti,994610,5780,21.0,61,0.0,5641,13.0,78,,5811,61.0,97035,97561
2020-12-19,23:59:00,22:11:00,104,Djibouti,994649,5781,1.0,61,0.0,5649,8.0,71,,5812,61.0,97151,97674
2020-12-20,23:00:00,20:54:00,104,Djibouti,994688,5781,0.0,61,0.0,5659,10.0,61,,5812,61.0,97377,97897
2020-12-21,23:00:00,20:59:00,104,Djibouti,994728,5783,2.0,61,0.0,5668,9.0,54,,5814,61.0,97646,98164
2020-12-22,23:00:00,20:59:00,104,Djibouti,994767,5786,3.0,61,0.0,5676,8.0,49,,5816,61.0,97941,98456
2020-12-23,23:00:00,20:58:00,104,Djibouti,994806,5786,0.0,61,0.0,5676,0.0,49,,5816,61.0,97941,98452
2020-12-24,23:00:00,20:55:00,104,Djibouti,994845,5800,14.0,61,0.0,5690,14.0,49,,5830,61.0,98538,99049
2020-12-25,23:00:00,20:59:00,104,Djibouti,994885,5804,4.0,61,0.0,5695,5.0,48,,5834,61.0,98857,99365
2020-12-26,23:00:00,20:59:00,104,Djibouti,994924,5805,1.0,61,0.0,5699,4.0,45,,5835,61.0,99018,99523
2020-12-27,23:00:00,20:56:00,104,Djibouti,994963,5813,8.0,61,0.0,5706,7.0,46,,5842,61.0,99288,99791
2020-12-28,23:00:00,20:58:00,104,Djibouti,995002,5813,0.0,61,0.0,5706,0.0,46,,5842,61.0,99288,99787
2020-12-29,23:00:00,20:54:00,104,Djibouti,995042,5813,0.0,61,0.0,5716,10.0,36,,5842,61.0,99728,100225
2020-12-30,23:00:00,20:54:00,104,Djibouti,995081,5824,11.0,61,0.0,5723,7.0,40,,5853,61.0,100017,100511
2020-12-31,23:00:00,20:44:00,104,Djibouti,995120,5831,7.0,61,0.0,5728,5.0,42,,5860,61.0,100294,100786
2021-01-01,23:00:00,20:54:00,104,Djibouti,995160,5831,0.0,61,0.0,5728,0.0,42,,5859,61.0,100294,100782
2021-01-02,23:00:00,20:56:00,104,Djibouti,995199,5841,10.0,61,0.0,5738,10.0,42,,5869,61.0,100748,101234
2021-01-03,23:00:00,20:59:00,104,Djibouti,995238,5842,1.0,61,0.0,5741,3.0,40,,5870,61.0,100937,101420
2021-01-04,23:00:00,20:57:00,104,Djibouti,995277,5846,4.0,61,0.0,5747,6.0,38,,5874,61.0,101163,101643
2021-01-05,23:00:00,20:51:00,104,Djibouti,995317,5854,8.0,61,0.0,5752,5.0,41,,5882,61.0,101417,101894
2021-01-06,23:00:00,20:59:00,104,Djibouti,995356,5855,1.0,61,0.0,5758,6.0,36,,5882,61.0,101694,102168
2021-01-07,23:00:00,20:59:00,104,Djibouti,995395,5855,0.0,61,0.0,5758,0.0,36,,5882,61.0,101694,102164
2021-01-08,23:00:00,20:59:00,104,Djibouti,995434,5865,10.0,61,0.0,5772,14.0,32,,5892,61.0,102323,102792
2021-01-09,23:00:00,20:55:00,104,Djibouti,995474,5866,1.0,61,0.0,5774,2.0,31,,5893,61.0,102481,102947
2021-01-10,23:32:00,21:29:00,104,Djibouti,995513,5871,5.0,61,0.0,5780,6.0,30,,5897,61.0,102696,103159
2021-01-11,23:40:00,21:37:00,104,Djibouti,995552,5871,0.0,61,0.0,5780,0.0,30,,5897,61.0,102696,103155
2021-01-12,23:52:00,21:48:00,104,Djibouti,995592,5879,8.0,61,0.0,5801,21.0,17,,5905,61.0,103260,103717
2021-01-13,23:58:00,21:57:00,104,Djibouti,995631,5891,12.0,61,0.0,5808,7.0,22,,5917,61.0,103524,103978
2021-01-14,23:55:00,21:54:00,104,Djibouti,995670,5891,0.0,61,0.0,5808,0.0,22,,5917,61.0,103524,103974
2021-01-15,19:39:00,00:00:00,104,Djibouti,995749,5903,12.0,61,0.0,5816,8.0,26,,5928,61.0,104206,104651
2021-01-16,23:55:00,21:54:00,104,Djibouti,995749,5903,0.0,61,0.0,5816,0.0,26,,5928,61.0,104206,104651
2021-01-17,23:55:00,21:54:00,104,Djibouti,995788,5903,0.0,61,0.0,5819,3.0,23,,5928,61.0,104352,104793
2021-01-18,23:55:00,21:42:00,104,Djibouti,995827,5905,2.0,61,0.0,5822,3.0,22,,5930,61.0,104554,104992
2021-01-19,08:37:00,00:00:00,104,Djibouti,995906,5910,5.0,61,0.0,5825,3.0,24,,5934,61.0,104949,105380
2021-01-20,09:12:00,00:00:00,104,Djibouti,995945,5913,3.0,61,0.0,5828,3.0,24,,5937,61.0,105175,105603
