scrap_date,scrap_time,update_time_GMT,Country_id,Country,Population,TotalCases,NewCases,TotalDeaths,NewDeaths,TotalRecovered,NewRecovered,ActiveCases,SeriousCritical,Tot_Cases_1Mpop,Deaths_1Mpop,TotalTests,Tests_1Mpop
2020-08-02,20:00:00,,32,Dominican Republic,10857163,71415,,1170,,37509,,32736,284,6578,108.0,260171,23963
2020-08-08,20:00:00,,32,Dominican Republic,10858945,78778,7363.0,1289,119.0,42538,5029.0,34951,317,7255,119.0,290267,26731
2020-08-12,20:00:00,,32,Dominican Republic,10860133,81094,2316.0,1346,57.0,45666,3128.0,34082,293,7467,124.0,300134,27636
2020-08-16,20:00:00,,32,Dominican Republic,10861321,85545,4451.0,1438,92.0,51356,5690.0,32751,303,7876,132.0,317643,29245
2020-08-17,20:00:00,,32,Dominican Republic,10861618,86309,764.0,1453,15.0,52905,1549.0,31951,303,7946,134.0,322056,29651
2020-08-18,20:00:00,,32,Dominican Republic,10861915,86737,428.0,1481,28.0,54108,1203.0,31148,295,7985,136.0,324463,29872
2020-08-19,20:00:00,,32,Dominican Republic,10862212,87123,386.0,1489,8.0,55504,1396.0,30130,296,8021,137.0,326644,30072
2020-08-20,17:53:00,,32,Dominican Republic,10862509,89010,1887.0,1505,16.0,57734,2230.0,29771,288,8194,139.0,335478,30884
2020-08-23,21:09:00,,32,Dominican Republic,10863400,90561,1551.0,1554,49.0,59949,2215.0,29058,273,8336,143.0,343796,31647
2020-08-24,17:10:00,,32,Dominican Republic,10863697,91161,600.0,1567,13.0,60670,721.0,28924,273,8391,144.0,343796,31646
2020-08-25,23:00:00,,32,Dominican Republic,10863994,92217,1056.0,1585,18.0,62460,1790.0,28172,242,8488,146.0,350033,32220
2020-08-26,22:59:00,,32,Dominican Republic,10864291,92557,340.0,1613,28.0,63478,1018.0,27466,249,8519,148.0,355839,32753
2020-08-27,23:00:00,,32,Dominican Republic,10864588,92964,407.0,1630,17.0,64347,869.0,26987,226,8557,150.0,358533,33000
2020-08-28,23:01:00,,32,Dominican Republic,10864885,92964,0.0,1630,0.0,64347,0.0,26987,226,8556,150.0,358533,32999
2020-08-29,12:29:00,,32,Dominican Republic,10865182,93390,426.0,1648,18.0,65285,938.0,26457,233,8595,152.0,360999,33225
2020-08-30,23:00:00,,32,Dominican Republic,10865479,94241,851.0,1681,33.0,66776,1491.0,25784,220,8673,155.0,367146,33790
2020-08-31,18:58:00,,32,Dominican Republic,10865776,94241,0.0,1681,0.0,66776,0.0,25784,220,8673,155.0,367146,33789
2020-09-01,23:00:00,,32,Dominican Republic,10866073,94715,474.0,1710,29.0,68082,1306.0,24923,217,8717,157.0,370875,34131
2020-09-02,23:01:00,,32,Dominican Republic,10866370,95627,912.0,1765,55.0,69519,1437.0,24343,217,8800,162.0,376121,34613
2020-09-03,23:01:00,,32,Dominican Republic,10866667,95627,0.0,1765,0.0,69519,0.0,24343,217,8800,162.0,376121,34612
2020-09-04,07:01:00,,32,Dominican Republic,10866964,96629,1002.0,1801,36.0,70871,1352.0,23957,199,8892,166.0,379929,34962
2020-09-05,23:31:00,,32,Dominican Republic,10867261,98776,2147.0,1840,39.0,71901,1030.0,25035,210,9089,169.0,391190,35997
2020-09-06,18:30:00,,32,Dominican Republic,10867558,98776,0.0,1840,0.0,71901,0.0,25035,210,9089,169.0,391190,35996
2020-09-07,23:39:00,,32,Dominican Republic,10867855,99333,557.0,1845,5.0,72567,666.0,24921,210,9140,170.0,394791,36326
2020-09-08,22:10:00,,32,Dominican Republic,10868152,99898,565.0,1864,19.0,73228,661.0,24806,210,9192,172.0,394791,36325
2020-09-09,22:01:00,,32,Dominican Republic,10868449,100937,1039.0,1914,50.0,74305,1077.0,24718,210,9287,176.0,403755,37149
2020-09-10,22:01:00,,32,Dominican Republic,10868746,101716,779.0,1926,12.0,75034,729.0,24756,210,9359,177.0,408014,37540
2020-09-11,22:00:00,,32,Dominican Republic,10869043,101716,0.0,1926,0.0,75034,0.0,24756,210,9358,177.0,408014,37539
2020-09-12,22:22:00,,32,Dominican Republic,10869340,102232,516.0,1941,15.0,75747,713.0,24544,210,9406,179.0,408014,37538
2020-09-13,22:01:00,,32,Dominican Republic,10869637,103660,1428.0,1968,27.0,77182,1435.0,24510,210,9537,181.0,419327,38578
2020-09-14,22:04:00,,32,Dominican Republic,10869934,104110,450.0,1984,16.0,77790,608.0,24336,210,9578,183.0,422070,38829
2020-09-15,21:00:00,,32,Dominican Republic,10870231,104110,0.0,1984,0.0,77790,0.0,24336,210,9578,183.0,422070,38828
2020-09-16,21:01:00,,32,Dominican Republic,10870528,105521,1411.0,2009,25.0,78891,1101.0,24621,210,9707,185.0,422070,38827
2020-09-18,20:01:00,,32,Dominican Republic,10871122,106732,1211.0,2034,25.0,80179,1288.0,24519,210,9818,187.0,422070,38825
2020-09-19,21:00:00,,32,Dominican Republic,10871419,107700,968.0,2044,10.0,80820,641.0,24836,210,9907,188.0,442354,40690
2020-09-20,22:31:00,,32,Dominican Republic,10871716,108289,589.0,2047,3.0,81668,848.0,24574,210,9961,188.0,446239,41046
2020-09-21,21:01:00,,32,Dominican Republic,10872013,108783,494.0,2054,7.0,82274,606.0,24455,210,10006,189.0,446239,41045
2020-09-22,21:01:00,,32,Dominican Republic,10872310,109269,486.0,2064,10.0,82741,467.0,24464,213,10050,190.0,452188,41591
2020-09-23,19:58:00,,32,Dominican Republic,10872607,109737,468.0,2074,10.0,83434,693.0,24229,208,10093,191.0,455525,41897
2020-09-24,21:00:00,,32,Dominican Republic,10872904,110122,385.0,2076,2.0,84018,584.0,24028,213,10128,191.0,458581,42176
2020-09-25,21:00:00,,32,Dominican Republic,10873201,110597,475.0,2087,11.0,84610,592.0,23900,214,10172,192.0,462287,42516
2020-09-26,21:00:00,,32,Dominican Republic,10873498,110957,360.0,2093,6.0,85220,610.0,23644,214,10204,192.0,462287,42515
2020-09-27,22:45:00,,32,Dominican Republic,10873795,111386,429.0,2095,2.0,85965,745.0,23326,205,10244,193.0,470261,43247
2020-09-28,22:00:00,,32,Dominican Republic,10874092,111666,280.0,2098,3.0,86422,457.0,23146,194,10269,193.0,472421,43445
2020-09-29,21:35:00,,32,Dominican Republic,10874389,111900,234.0,2101,3.0,86998,576.0,22801,185,10290,193.0,474030,43591
2020-09-30,22:00:00,,32,Dominican Republic,10874686,112209,309.0,2105,4.0,87629,631.0,22475,184,10318,194.0,477407,43901
2020-10-01,21:31:00,,32,Dominican Republic,10874983,112728,519.0,2108,3.0,88205,576.0,22415,178,10366,194.0,481002,44230
2020-10-02,22:36:00,,32,Dominican Republic,10875280,113350,622.0,2117,9.0,88840,635.0,22393,180,10423,195.0,484751,44574
2020-10-03,22:24:00,,32,Dominican Republic,10875577,113926,576.0,2128,11.0,89635,795.0,22163,178,10475,196.0,488732,44938
2020-10-04,21:01:00,,32,Dominican Republic,10875874,114480,554.0,2134,6.0,90366,731.0,21980,170,10526,196.0,493091,45338
2020-10-05,22:13:00,,32,Dominican Republic,10876171,115054,574.0,2144,10.0,90942,576.0,21968,169,10579,197.0,496200,45623
2020-10-06,23:01:00,,32,Dominican Republic,10876468,115371,317.0,2149,5.0,91569,627.0,21653,183,10607,198.0,498081,45794
2020-10-07,23:01:00,,32,Dominican Republic,10876765,116148,777.0,2159,10.0,92157,588.0,21832,190,10679,198.0,502680,46216
2020-10-08,23:59:00,,32,Dominican Republic,10877062,116872,724.0,2163,4.0,92567,410.0,22142,188,10745,199.0,506418,46558
2020-10-09,23:00:00,,32,Dominican Republic,10877359,117457,585.0,2165,2.0,93061,494.0,22231,176,10798,199.0,510984,46977
2020-10-10,23:00:00,,32,Dominican Republic,10877656,118014,557.0,2167,2.0,93627,566.0,22220,176,10849,199.0,515598,47400
2020-10-12,23:10:00,,32,Dominican Republic,10878250,118843,829.0,2179,12.0,94532,905.0,22132,157,10925,200.0,522112,47996
2020-10-13,23:01:00,,32,Dominican Republic,10878547,119008,165.0,2183,4.0,94941,409.0,21884,158,10940,201.0,523637,48135
2020-10-14,23:01:00,,32,Dominican Republic,10878844,119662,654.0,2186,3.0,95460,519.0,22016,153,11000,201.0,528987,48625
2020-10-15,14:09:00,11:06:00,32,Dominican Republic,10879141,119662,0.0,2186,0.0,95460,0.0,22016,153,10999,201.0,528987,48624
2020-10-16,22:08:00,19:06:00,32,Dominican Republic,10879438,120450,788.0,2192,6.0,96883,1423.0,21375,158,11071,201.0,535572,49228
2020-10-17,23:01:00,19:58:00,32,Dominican Republic,10879735,120925,475.0,2195,3.0,97575,692.0,21155,153,11115,202.0,539053,49547
2020-10-18,22:05:00,19:03:00,32,Dominican Republic,10880032,121347,422.0,2199,4.0,98207,632.0,20941,157,11153,202.0,542227,49837
2020-10-19,22:05:00,18:59:00,32,Dominican Republic,10880329,121667,320.0,2203,4.0,98880,673.0,20584,152,11182,202.0,545492,50136
2020-10-20,22:05:00,19:04:00,32,Dominican Republic,10880626,121973,306.0,2204,1.0,99271,391.0,20498,154,11210,203.0,547737,50341
2020-10-21,22:05:00,19:03:00,32,Dominican Republic,10880923,122398,425.0,2206,2.0,100051,780.0,20141,157,11249,203.0,551041,50643
2020-10-22,22:05:00,19:04:00,32,Dominican Republic,10881220,122873,475.0,2212,6.0,100920,869.0,19741,158,11292,203.0,554736,50981
2020-10-23,22:05:00,19:02:00,32,Dominican Republic,10881517,122873,0.0,2212,0.0,100920,0.0,19741,158,11292,203.0,554736,50980
2020-10-24,23:41:00,20:40:00,32,Dominican Republic,10881814,124018,1145.0,2220,8.0,102353,1433.0,19445,172,11397,204.0,563639,51796
2020-10-25,23:00:00,20:58:00,32,Dominican Republic,10882111,124527,509.0,2223,3.0,102651,298.0,19653,178,11443,204.0,567976,52194
2020-10-26,23:00:00,20:56:00,32,Dominican Republic,10882408,124843,316.0,2225,2.0,103081,430.0,19537,181,11472,204.0,570751,52447
2020-10-27,23:00:00,20:58:00,32,Dominican Republic,10882705,125008,165.0,2226,1.0,103324,243.0,19458,181,11487,205.0,570751,52446
2020-10-28,23:00:00,20:58:00,32,Dominican Republic,10883002,125570,562.0,2232,6.0,103412,88.0,19926,181,11538,205.0,578567,53162
2020-10-29,23:00:00,20:57:00,32,Dominican Republic,10883299,125913,343.0,2234,2.0,103944,532.0,19735,179,11569,205.0,582708,53541
2020-10-30,23:00:00,20:58:00,32,Dominican Republic,10883596,126332,419.0,2236,2.0,104486,542.0,19610,174,11608,205.0,588002,54026
2020-10-31,23:00:00,20:59:00,32,Dominican Republic,10883893,127018,686.0,2245,9.0,104862,376.0,19911,177,11670,206.0,594704,54641
2020-11-01,23:00:00,20:59:00,32,Dominican Republic,10884190,127332,314.0,2249,4.0,105289,427.0,19794,174,11699,207.0,598728,55009
2020-11-02,23:00:00,20:57:00,32,Dominican Republic,10884487,127591,259.0,2250,1.0,105634,345.0,19707,164,11722,207.0,602101,55317
2020-11-03,23:00:00,20:59:00,32,Dominican Republic,10884784,127848,257.0,2252,2.0,105982,348.0,19614,169,11746,207.0,605360,55615
2020-11-04,23:00:00,20:57:00,32,Dominican Republic,10885081,128278,430.0,2257,5.0,106304,322.0,19717,169,11785,207.0,609031,55951
2020-11-05,23:00:00,20:59:00,32,Dominican Republic,10885378,128824,546.0,2260,3.0,106650,346.0,19914,162,11835,208.0,612758,56292
2020-11-06,23:00:00,20:58:00,32,Dominican Republic,10885675,129300,476.0,2261,1.0,107038,388.0,20001,175,11878,208.0,616366,56622
2020-11-07,23:00:00,20:57:00,32,Dominican Republic,10885972,129645,345.0,2263,2.0,107580,542.0,19802,176,11909,208.0,619292,56889
2020-11-08,23:00:00,20:49:00,32,Dominican Republic,10886269,130182,537.0,2265,2.0,108021,441.0,19896,179,11958,208.0,622881,57217
2020-11-09,23:00:00,20:59:00,32,Dominican Republic,10886566,130603,421.0,2267,2.0,108383,362.0,19953,182,11997,208.0,625828,57486
2020-11-10,23:00:00,20:59:00,32,Dominican Republic,10886863,131131,528.0,2269,2.0,108765,382.0,20097,185,12045,208.0,629295,57803
2020-11-11,23:00:00,20:56:00,32,Dominican Republic,10887160,131265,134.0,2272,3.0,109057,292.0,19936,182,12057,209.0,630586,57920
2020-11-12,23:00:00,20:59:00,32,Dominican Republic,10887457,131636,371.0,2274,2.0,109135,78.0,20227,174,12091,209.0,633837,58217
2020-11-13,23:00:00,20:58:00,32,Dominican Republic,10887754,132554,918.0,2280,6.0,109268,133.0,21006,179,12175,209.0,640206,58801
2020-11-14,23:00:00,20:57:00,32,Dominican Republic,10888051,133225,671.0,2282,2.0,109590,322.0,21353,191,12236,210.0,644538,59197
2020-11-15,23:00:00,20:53:00,32,Dominican Republic,10888348,133724,499.0,2285,3.0,109981,391.0,21458,189,12281,210.0,648559,59564
2020-11-16,23:00:00,20:59:00,32,Dominican Republic,10888645,134203,479.0,2286,1.0,110381,400.0,21536,193,12325,210.0,652070,59885
2020-11-17,23:00:00,20:58:00,32,Dominican Republic,10888942,134697,494.0,2290,4.0,110761,380.0,21646,189,12370,210.0,655291,60179
2020-11-18,23:00:00,20:57:00,32,Dominican Republic,10889239,135157,460.0,2293,3.0,110871,110.0,21993,195,12412,211.0,659160,60533
2020-11-19,23:00:00,20:59:00,32,Dominican Republic,10889536,136183,1026.0,2301,8.0,111527,656.0,22355,201,12506,211.0,665035,61071
2020-11-20,23:00:00,20:59:00,32,Dominican Republic,10889833,136784,601.0,2306,5.0,111681,154.0,22797,190,12561,212.0,670174,61541
2020-11-21,23:00:00,20:58:00,32,Dominican Republic,10890130,137770,986.0,2308,2.0,112090,409.0,23372,185,12651,212.0,676578,62128
2020-11-22,23:00:00,20:59:00,32,Dominican Republic,10890427,138410,640.0,2310,2.0,112552,462.0,23548,185,12709,212.0,682193,62642
2020-11-23,23:00:00,20:58:00,32,Dominican Republic,10890724,138829,419.0,2311,1.0,112882,330.0,23636,173,12747,212.0,685707,62962
2020-11-24,23:00:00,20:57:00,32,Dominican Republic,10891021,139111,282.0,2313,2.0,113134,252.0,23664,172,12773,212.0,687292,63106
2020-11-25,23:00:00,20:58:00,32,Dominican Republic,10891318,139396,285.0,2315,2.0,113263,129.0,23818,168,12799,213.0,690728,63420
2020-11-26,23:00:00,20:47:00,32,Dominican Republic,10891615,140922,1526.0,2317,2.0,113687,424.0,24918,181,12939,213.0,698990,64177
2020-11-27,23:00:00,20:59:00,32,Dominican Republic,10891912,141777,855.0,2324,7.0,113817,130.0,25636,190,13017,213.0,704580,64688
2020-11-28,23:00:00,20:46:00,32,Dominican Republic,10892209,142653,876.0,2328,4.0,114317,500.0,26008,191,13097,214.0,711049,65281
2020-11-29,23:00:00,20:51:00,32,Dominican Republic,10892506,143473,820.0,2330,2.0,114818,501.0,26325,191,13172,214.0,715862,65721
2020-11-30,23:00:00,20:57:00,32,Dominican Republic,10892803,143988,515.0,2331,1.0,115219,401.0,26438,192,13219,214.0,718735,65983
2020-12-01,23:00:00,20:55:00,32,Dominican Republic,10893100,144302,314.0,2333,2.0,115530,311.0,26439,183,13247,214.0,720805,66171
2020-12-02,23:00:00,20:58:00,32,Dominican Republic,10893397,145197,895.0,2334,1.0,115611,81.0,27252,185,13329,214.0,727606,66793
2020-12-03,23:00:00,20:59:00,32,Dominican Republic,10893694,146009,812.0,2335,1.0,115992,381.0,27682,183,13403,214.0,732425,67234
2020-12-04,23:00:00,20:57:00,32,Dominican Republic,10893991,146680,671.0,2343,8.0,116169,177.0,28168,182,13464,215.0,738156,67758
2020-12-05,23:00:00,20:58:00,32,Dominican Republic,10894288,147655,975.0,2345,2.0,116329,160.0,28981,185,13553,215.0,746654,68536
2020-12-06,23:00:00,20:51:00,32,Dominican Republic,10894585,148453,798.0,2345,0.0,116873,544.0,29235,187,13626,215.0,753133,69129
2020-12-07,23:00:00,20:57:00,32,Dominican Republic,10894882,149138,685.0,2346,1.0,117402,529.0,29390,191,13689,215.0,757043,69486
2020-12-08,23:00:00,20:59:00,32,Dominican Republic,10895179,149630,492.0,2347,1.0,117804,402.0,29479,197,13734,215.0,761012,69849
2020-12-09,23:00:00,20:59:00,32,Dominican Republic,10895476,150161,531.0,2350,3.0,118008,204.0,29803,213,13782,216.0,766071,70311
2020-12-10,23:00:00,20:59:00,32,Dominican Republic,10895773,151721,1560.0,2358,8.0,118770,762.0,30593,218,13925,216.0,774387,71072
2020-12-11,23:00:00,20:59:00,32,Dominican Republic,10896070,152452,731.0,2359,1.0,118877,107.0,31216,231,13991,217.0,778887,71483
2020-12-12,23:00:00,20:58:00,32,Dominican Republic,10896367,153585,1133.0,2360,1.0,119616,739.0,31609,230,14095,217.0,784626,72008
2020-12-13,23:00:00,20:59:00,32,Dominican Republic,10896664,154692,1107.0,2361,1.0,120481,865.0,31850,235,14196,217.0,790739,72567
