Scrap_time,Update_time_GMT,Date,Country_id,Country,Population,TotalCases,NewCases,TotalDeaths,NewDeaths,TotalRecovered,NewRecovered,ActiveCases,SeriousCritical,Tot_Cases_1Mpop,Deaths_1Mpop,TotalTests,Tests_1Mpop
2020-08-02 20:00:00,,2020-08-02,87,DRC,89764818,9115,,215,,7319,,1581,,102,2.0,,
2020-08-08 20:00:00,,2020-08-08,87,DRC,89809656,9436,321.0,218,3.0,8275,956.0,943,,105,2.0,,
2020-08-12 20:00:00,,2020-08-12,87,DRC,89839548,9538,102.0,225,7.0,8421,146.0,892,,106,3.0,,
2020-08-16 20:00:00,,2020-08-16,87,DRC,89869440,9676,138.0,240,15.0,8705,284.0,731,,108,3.0,,
2020-08-17 20:00:00,,2020-08-17,87,DRC,89876913,9706,30.0,243,3.0,8705,0.0,758,,108,3.0,,
2020-08-18 20:00:00,,2020-08-18,87,DRC,89884386,9721,15.0,243,0.0,8882,177.0,596,,108,3.0,,
2020-08-19 20:00:00,,2020-08-19,87,DRC,89891859,9741,20.0,246,3.0,8895,13.0,600,,108,3.0,,
2020-08-20 17:53:00,,2020-08-20,87,DRC,89899332,9757,16.0,247,1.0,8895,0.0,615,,109,3.0,,
2020-08-23 21:09:00,,2020-08-23,87,DRC,89921751,9830,73.0,251,4.0,8934,39.0,645,,109,3.0,,
2020-08-24 17:10:00,,2020-08-24,87,DRC,89929224,9830,0.0,251,0.0,8934,0.0,645,,109,3.0,,
2020-08-25 23:00:00,,2020-08-25,87,DRC,89936697,9891,61.0,251,0.0,8972,38.0,668,,110,3.0,,
2020-08-26 22:59:00,,2020-08-26,87,DRC,89944170,9912,21.0,254,3.0,8987,15.0,671,,110,3.0,,
2020-08-27 23:00:00,,2020-08-27,87,DRC,89951643,9915,3.0,255,1.0,9020,33.0,640,,110,3.0,,
2020-08-28 23:01:00,,2020-08-28,87,DRC,89959116,9994,79.0,255,0.0,9035,15.0,704,,111,3.0,,
2020-08-29 12:29:00,,2020-08-29,87,DRC,89966589,9994,0.0,255,0.0,9035,0.0,704,,111,3.0,,
2020-08-30 23:00:00,,2020-08-30,87,DRC,89974062,10045,51.0,258,3.0,9103,68.0,684,,112,3.0,,
2020-08-31 18:58:00,,2020-08-31,87,DRC,89981535,10097,52.0,258,0.0,9133,30.0,706,,112,3.0,,
2020-09-01 23:00:00,,2020-09-01,87,DRC,89989008,10104,7.0,259,1.0,9322,189.0,523,,112,3.0,,
2020-09-02 23:01:00,,2020-09-02,87,DRC,89996481,10114,10.0,259,0.0,9347,25.0,508,,112,3.0,,
2020-09-03 23:01:00,,2020-09-03,87,DRC,90003954,10125,11.0,259,0.0,9367,20.0,499,,112,3.0,,
2020-09-04 07:01:00,,2020-09-04,87,DRC,90011427,10125,0.0,259,0.0,9367,0.0,499,,112,3.0,,
2020-09-05 23:31:00,,2020-09-05,87,DRC,90018900,10178,53.0,259,0.0,9420,53.0,499,,113,3.0,,
2020-09-06 18:30:00,,2020-09-06,87,DRC,90026373,10178,0.0,259,0.0,9420,0.0,499,,113,3.0,,
2020-09-07 23:39:00,,2020-09-07,87,DRC,90033846,10233,55.0,260,1.0,9451,31.0,522,,114,3.0,,
2020-09-08 22:10:00,,2020-09-08,87,DRC,90041319,10292,59.0,260,0.0,9501,50.0,531,,114,3.0,,
2020-09-09 22:01:00,,2020-09-09,87,DRC,90048792,10324,32.0,260,0.0,9523,22.0,541,,115,3.0,,
2020-09-10 22:01:00,,2020-09-10,87,DRC,90056265,10343,19.0,262,2.0,9533,10.0,548,,115,3.0,,
2020-09-11 22:00:00,,2020-09-11,87,DRC,90063738,10361,18.0,262,0.0,9622,89.0,477,,115,3.0,,
2020-09-12 22:22:00,,2020-09-12,87,DRC,90071211,10385,24.0,262,0.0,9719,97.0,404,,115,3.0,,
2020-09-13 22:01:00,,2020-09-13,87,DRC,90078684,10390,5.0,264,2.0,9756,37.0,370,,115,3.0,,
2020-09-14 22:04:00,,2020-09-14,87,DRC,90086157,10390,0.0,264,0.0,9756,0.0,370,,115,3.0,,
2020-09-15 21:00:00,,2020-09-15,87,DRC,90093630,10401,11.0,267,3.0,9817,61.0,317,,115,3.0,,
2020-09-16 21:01:00,,2020-09-16,87,DRC,90101103,10414,13.0,267,0.0,9827,10.0,320,,116,3.0,,
2020-09-18 20:01:00,,2020-09-18,87,DRC,90116049,10442,28.0,267,0.0,9840,13.0,335,,116,3.0,,
2020-09-19 21:00:00,,2020-09-19,87,DRC,90123522,10488,46.0,268,1.0,9891,51.0,329,,116,3.0,,
2020-09-20 22:31:00,,2020-09-20,87,DRC,90130995,10515,27.0,271,3.0,9930,39.0,314,,117,3.0,,
2020-09-21 21:01:00,,2020-09-21,87,DRC,90138468,10519,4.0,271,0.0,9952,22.0,296,,117,3.0,,
2020-09-22 21:01:00,,2020-09-22,87,DRC,90145941,10523,4.0,271,0.0,10011,59.0,241,,117,3.0,,
2020-09-23 19:58:00,,2020-09-23,87,DRC,90153414,10537,14.0,271,0.0,10041,30.0,225,,117,3.0,,
2020-09-24 21:00:00,,2020-09-24,87,DRC,90160887,10555,18.0,271,0.0,10051,10.0,233,,117,3.0,,
2020-09-25 21:00:00,,2020-09-25,87,DRC,90168360,10578,23.0,271,0.0,10070,19.0,237,,117,3.0,,
2020-09-26 21:00:00,,2020-09-26,87,DRC,90175833,10593,15.0,271,0.0,10093,23.0,229,,117,3.0,,
2020-09-27 22:45:00,,2020-09-27,87,DRC,90183306,10593,0.0,271,0.0,10093,0.0,229,,117,3.0,,
2020-09-28 22:00:00,,2020-09-28,87,DRC,90190779,10624,31.0,271,0.0,10093,0.0,260,,118,3.0,,
2020-09-29 21:35:00,,2020-09-29,87,DRC,90198252,10631,7.0,272,1.0,10129,36.0,230,,118,3.0,,
2020-09-30 22:00:00,,2020-09-30,87,DRC,90205725,10659,28.0,272,0.0,10139,10.0,248,,118,3.0,,
2020-10-01 21:31:00,,2020-10-01,87,DRC,90213198,10685,26.0,272,0.0,10165,26.0,248,,118,3.0,,
2020-10-02 22:36:00,,2020-10-02,87,DRC,90220671,10729,44.0,272,0.0,10183,18.0,274,,119,3.0,,
2020-10-03 22:24:00,,2020-10-03,87,DRC,90228144,10729,0.0,272,0.0,10183,0.0,274,,119,3.0,,
2020-10-04 21:01:00,,2020-10-04,87,DRC,90235617,10760,31.0,274,2.0,10239,56.0,247,,119,3.0,,
2020-10-05 22:13:00,,2020-10-05,87,DRC,90243090,10778,18.0,274,0.0,10239,0.0,265,,119,3.0,,
2020-10-06 23:01:00,,2020-10-06,87,DRC,90250563,10789,11.0,274,0.0,10239,0.0,276,,120,3.0,,
2020-10-07 23:01:00,,2020-10-07,87,DRC,90258036,10804,15.0,276,2.0,10239,0.0,289,,120,3.0,,
2020-10-08 23:59:00,,2020-10-08,87,DRC,90265509,10804,0.0,276,0.0,10239,0.0,289,,120,3.0,,
2020-10-09 23:00:00,,2020-10-09,87,DRC,90272982,10835,31.0,276,0.0,10242,3.0,317,,120,3.0,,
2020-10-10 23:00:00,,2020-10-10,87,DRC,90280455,10841,6.0,276,0.0,10242,0.0,323,,120,3.0,,
2020-10-12 23:10:00,,2020-10-12,87,DRC,90295401,10868,27.0,276,0.0,10249,7.0,343,,120,3.0,,
2020-10-13 23:01:00,,2020-10-13,87,DRC,90302874,10872,4.0,276,0.0,10249,0.0,347,,120,3.0,,
2020-10-14 23:01:00,,2020-10-14,87,DRC,90310347,10872,0.0,276,0.0,10249,0.0,347,,120,3.0,,
2020-10-15 14:09:00,11:06:00,2020-10-15,87,DRC,90317820,10935,63.0,281,5.0,10306,57.0,348,,121,3.0,,
2020-10-16 22:08:00,19:06:00,2020-10-16,87,DRC,90325293,10935,0.0,281,0.0,10306,0.0,348,,121,3.0,,
2020-10-17 23:01:00,19:58:00,2020-10-17,87,DRC,90332766,11000,65.0,302,21.0,10342,36.0,356,,122,3.0,,
2020-10-18 22:05:00,19:03:00,2020-10-18,87,DRC,90340239,11000,0.0,302,0.0,10342,0.0,356,,122,3.0,,
2020-10-19 22:05:00,18:59:00,2020-10-19,87,DRC,90347712,11052,52.0,303,1.0,10357,15.0,392,,122,3.0,,
2020-10-20 22:05:00,19:04:00,2020-10-20,87,DRC,90355185,11052,0.0,303,0.0,10357,0.0,392,,122,3.0,,
2020-10-21 22:05:00,19:03:00,2020-10-21,87,DRC,90362658,11066,14.0,303,0.0,10362,5.0,401,,122,3.0,,
2020-10-22 22:05:00,19:04:00,2020-10-22,87,DRC,90370131,11097,31.0,304,1.0,10379,17.0,414,,123,3.0,,
2020-10-23 22:05:00,19:02:00,2020-10-23,87,DRC,90377604,11122,25.0,304,0.0,10379,0.0,439,,123,3.0,,
2020-10-24 23:41:00,20:40:00,2020-10-24,87,DRC,90385077,11143,21.0,305,1.0,10467,88.0,371,,123,3.0,,
2020-10-25 23:00:00,20:58:00,2020-10-25,87,DRC,90392550,11143,0.0,305,0.0,10467,0.0,371,,123,3.0,,
2020-10-26 23:00:00,20:56:00,2020-10-26,87,DRC,90400023,11174,31.0,305,0.0,10468,1.0,401,,124,3.0,,
2020-10-27 23:00:00,20:58:00,2020-10-27,87,DRC,90407496,11191,17.0,305,0.0,10509,41.0,377,,124,3.0,,
2020-10-28 23:00:00,20:58:00,2020-10-28,87,DRC,90414969,11211,20.0,305,0.0,10509,0.0,397,,124,3.0,,
2020-10-29 23:00:00,20:57:00,2020-10-29,87,DRC,90422442,11211,0.0,305,0.0,10509,0.0,397,,124,3.0,,
2020-10-30 23:00:00,20:58:00,2020-10-30,87,DRC,90429915,11253,42.0,305,0.0,10554,45.0,394,,124,3.0,,
2020-10-31 23:00:00,20:59:00,2020-10-31,87,DRC,90437388,11306,53.0,307,2.0,10585,31.0,414,,125,3.0,,
2020-11-01 23:00:00,20:59:00,2020-11-01,87,DRC,90444861,11306,0.0,307,0.0,10585,0.0,414,,125,3.0,,
2020-11-02 23:00:00,20:57:00,2020-11-02,87,DRC,90452334,11373,67.0,308,1.0,10768,183.0,297,,126,3.0,,
2020-11-03 23:00:00,20:59:00,2020-11-03,87,DRC,90459807,11395,22.0,308,0.0,10768,0.0,319,,126,3.0,,
2020-11-04 23:00:00,20:57:00,2020-11-04,87,DRC,90467280,11427,32.0,315,7.0,10783,15.0,329,,126,3.0,,
2020-11-05 23:00:00,20:59:00,2020-11-05,87,DRC,90474753,11450,23.0,315,0.0,10786,3.0,349,,127,3.0,,
2020-11-06 23:00:00,20:58:00,2020-11-06,87,DRC,90482226,11517,67.0,315,0.0,10838,52.0,364,,127,3.0,,
2020-11-07 23:00:00,20:57:00,2020-11-07,87,DRC,90489699,11550,33.0,316,1.0,10838,0.0,396,,128,3.0,,
2020-11-08 23:00:00,20:49:00,2020-11-08,87,DRC,90497172,11550,0.0,316,0.0,10838,0.0,396,,128,3.0,,
2020-11-09 23:00:00,20:59:00,2020-11-09,87,DRC,90504645,11591,41.0,316,0.0,10838,0.0,437,,128,3.0,,
2020-11-10 23:00:00,20:59:00,2020-11-10,87,DRC,90512118,11608,17.0,316,0.0,10893,55.0,399,,128,3.0,,
2020-11-11 23:00:00,20:56:00,2020-11-11,87,DRC,90519591,11642,34.0,316,0.0,10928,35.0,398,,129,3.0,,
2020-11-12 23:00:00,20:59:00,2020-11-12,87,DRC,90527064,11692,50.0,318,2.0,10983,55.0,391,,129,4.0,,
2020-11-13 23:00:00,20:58:00,2020-11-13,87,DRC,90534537,11692,0.0,318,0.0,10983,0.0,391,,129,4.0,,
2020-11-14 23:00:00,20:57:00,2020-11-14,87,DRC,90542010,11692,0.0,318,0.0,10983,0.0,391,,129,4.0,,
2020-11-15 23:00:00,20:53:00,2020-11-15,87,DRC,90549483,11760,68.0,319,1.0,11086,103.0,355,,130,4.0,,
2020-11-16 23:00:00,20:59:00,2020-11-16,87,DRC,90556956,11839,79.0,321,2.0,11124,38.0,394,,131,4.0,,
2020-11-17 23:00:00,20:58:00,2020-11-17,87,DRC,90564429,11866,27.0,322,1.0,11180,56.0,364,,131,4.0,,
2020-11-18 23:00:00,20:57:00,2020-11-18,87,DRC,90571902,11918,52.0,323,1.0,11190,10.0,405,,132,4.0,,
2020-11-19 23:00:00,20:59:00,2020-11-19,87,DRC,90579375,11918,0.0,323,0.0,11190,0.0,405,,132,4.0,,
2020-11-20 23:00:00,20:59:00,2020-11-20,87,DRC,90586848,12129,211.0,324,1.0,11242,52.0,563,,134,4.0,,
2020-11-21 23:00:00,20:58:00,2020-11-21,87,DRC,90594321,12180,51.0,327,3.0,11300,58.0,553,,134,4.0,,
2020-11-22 23:00:00,20:59:00,2020-11-22,87,DRC,90601794,12180,0.0,327,0.0,11300,0.0,553,,134,4.0,,
2020-11-23 23:00:00,20:58:00,2020-11-23,87,DRC,90609267,12278,98.0,329,2.0,11386,86.0,563,,136,4.0,,
2020-11-24 23:00:00,20:57:00,2020-11-24,87,DRC,90616740,12310,32.0,331,2.0,11433,47.0,546,,136,4.0,,
2020-11-25 23:00:00,20:58:00,2020-11-25,87,DRC,90624213,12365,55.0,331,0.0,11433,0.0,601,,136,4.0,,
2020-11-26 23:00:00,20:47:00,2020-11-26,87,DRC,90631686,12365,0.0,331,0.0,11433,0.0,601,,136,4.0,,
2020-11-27 23:00:00,20:59:00,2020-11-27,87,DRC,90639159,12470,105.0,333,2.0,11495,62.0,642,,138,4.0,,
2020-11-28 23:00:00,20:46:00,2020-11-28,87,DRC,90646632,12470,0.0,333,0.0,11495,0.0,642,,138,4.0,,
2020-11-29 23:00:00,20:51:00,2020-11-29,87,DRC,90654105,12608,138.0,333,0.0,11495,0.0,780,,139,4.0,,
2020-11-30 23:00:00,20:57:00,2020-11-30,87,DRC,90661578,12702,94.0,333,0.0,11585,90.0,784,,140,4.0,,
2020-12-01 23:00:00,20:55:00,2020-12-01,87,DRC,90669051,12772,70.0,333,0.0,11585,0.0,854,,141,4.0,,
2020-12-02 23:00:00,20:58:00,2020-12-02,87,DRC,90676524,12987,215.0,336,3.0,11694,109.0,957,,143,4.0,,
2020-12-03 23:00:00,20:59:00,2020-12-03,87,DRC,90683997,12987,0.0,336,0.0,11694,0.0,957,,143,4.0,,
2020-12-04 23:00:00,20:57:00,2020-12-04,87,DRC,90691470,13281,294.0,337,1.0,11753,59.0,1191,,146,4.0,,
2020-12-05 23:00:00,20:58:00,2020-12-05,87,DRC,90698943,13413,132.0,342,5.0,11857,104.0,1214,,148,4.0,,
2020-12-06 23:00:00,20:51:00,2020-12-06,87,DRC,90706416,13413,0.0,342,0.0,11857,0.0,1214,,148,4.0,,
2020-12-07 23:00:00,20:57:00,2020-12-07,87,DRC,90713889,13527,114.0,344,2.0,11947,90.0,1236,,149,4.0,,
2020-12-08 23:00:00,20:59:00,2020-12-08,87,DRC,90721362,13595,68.0,344,0.0,12059,112.0,1192,,150,4.0,,
2020-12-09 23:00:00,20:59:00,2020-12-09,87,DRC,90728835,13750,155.0,344,0.0,12059,0.0,1347,,152,4.0,,
2020-12-10 23:00:00,20:59:00,2020-12-10,87,DRC,90736308,13997,247.0,350,6.0,12208,149.0,1439,,154,4.0,,
2020-12-11 23:00:00,20:59:00,2020-12-11,87,DRC,90743781,14169,172.0,350,0.0,12208,0.0,1611,,156,4.0,,
2020-12-12 23:00:00,20:58:00,2020-12-12,87,DRC,90751254,14342,173.0,352,2.0,12465,257.0,1525,,158,4.0,,
2020-12-13 23:00:00,20:59:00,2020-12-13,87,DRC,90758727,14461,119.0,352,0.0,12465,0.0,1644,,159,4.0,,
2020-12-14 23:35:00,21:34:00,2020-12-14,87,DRC,90766200,14512,51.0,356,4.0,12653,188.0,1503,,160,4.0,,
2020-12-15 23:00:00,20:59:00,2020-12-15,87,DRC,90773673,14597,85.0,358,2.0,12773,120.0,1466,,161,4.0,,
2020-12-16 23:00:00,20:58:00,2020-12-16,87,DRC,90781145,14930,333.0,364,6.0,12859,86.0,1707,,164,4.0,,
2020-12-17 23:00:00,20:56:00,2020-12-17,87,DRC,90788618,15089,159.0,366,2.0,13010,151.0,1713,,166,4.0,,
2020-12-18 23:00:00,20:57:00,2020-12-18,87,DRC,90796091,15089,0.0,366,0.0,13010,0.0,1713,,166,4.0,,
2020-12-19 23:59:00,22:11:00,2020-12-19,87,DRC,90803564,15397,308.0,369,3.0,13310,300.0,1718,,170,4.0,,
2020-12-20 23:00:00,20:54:00,2020-12-20,87,DRC,90811037,15495,98.0,370,1.0,13447,137.0,1678,,171,4.0,,
2020-12-21 23:00:00,20:59:00,2020-12-21,87,DRC,90818510,15495,0.0,370,0.0,13447,0.0,1678,,171,4.0,,
2020-12-22 23:00:00,20:59:00,2020-12-22,87,DRC,90825983,15669,174.0,370,0.0,13660,213.0,1639,,173,4.0,,
2020-12-23 23:00:00,20:58:00,2020-12-23,87,DRC,90833456,15810,141.0,370,0.0,13736,76.0,1704,,174,4.0,,
2020-12-24 23:00:00,20:55:00,2020-12-24,87,DRC,90840929,16281,471.0,573,203.0,13982,246.0,1726,,179,6.0,,
2020-12-25 23:00:00,20:59:00,2020-12-25,87,DRC,90848402,16472,191.0,573,0.0,13982,0.0,1917,,181,6.0,,
2020-12-26 23:00:00,20:59:00,2020-12-26,87,DRC,90855875,16763,291.0,573,0.0,13982,0.0,2208,,185,6.0,,
2020-12-27 23:00:00,20:56:00,2020-12-27,87,DRC,90863348,16839,76.0,579,6.0,14484,502.0,1776,,185,6.0,,
2020-12-28 23:00:00,20:58:00,2020-12-28,87,DRC,90870821,16917,78.0,579,0.0,14484,0.0,1854,,186,6.0,,
2020-12-29 23:00:00,20:54:00,2020-12-29,87,DRC,90878294,17182,265.0,584,5.0,14658,174.0,1940,,189,6.0,,
2020-12-30 23:00:00,20:54:00,2020-12-30,87,DRC,90885767,17376,194.0,584,0.0,14658,0.0,2134,,191,6.0,,
2020-12-31 23:00:00,20:44:00,2020-12-31,87,DRC,90893240,17658,282.0,591,7.0,14701,43.0,2366,,194,7.0,,
2021-01-01 23:00:00,20:54:00,2021-01-01,87,DRC,90900713,17658,0.0,591,0.0,14701,0.0,2366,,194,7.0,,
2021-01-02 23:00:00,20:56:00,2021-01-02,87,DRC,90908186,17998,340.0,595,4.0,14716,15.0,2687,,198,7.0,,
2021-01-03 23:00:00,20:59:00,2021-01-03,87,DRC,90915659,18102,104.0,596,1.0,14716,0.0,2790,,199,7.0,,
2021-01-04 23:00:00,20:57:00,2021-01-04,87,DRC,90923132,18153,51.0,599,3.0,14723,7.0,2831,,200,7.0,,
2021-01-05 23:00:00,20:51:00,2021-01-05,87,DRC,90930605,18248,95.0,599,0.0,14723,0.0,2926,,201,7.0,,
2021-01-06 23:00:00,20:59:00,2021-01-06,87,DRC,90938078,18487,239.0,599,0.0,14723,0.0,3165,,203,7.0,,
2021-01-07 23:00:00,20:59:00,2021-01-07,87,DRC,90945551,18738,251.0,610,11.0,14735,12.0,3393,,206,7.0,,
2021-01-08 23:00:00,20:59:00,2021-01-08,87,DRC,90953024,18969,231.0,611,1.0,14743,8.0,3615,,209,7.0,,
2021-01-09 23:00:00,20:55:00,2021-01-09,87,DRC,90960497,19159,190.0,611,0.0,14743,0.0,3805,,211,7.0,,
2021-01-10 23:32:00,21:29:00,2021-01-10,87,DRC,90967970,19159,0.0,611,0.0,14743,0.0,3805,,211,7.0,,
2021-01-11 23:40:00,21:37:00,2021-01-11,87,DRC,90975443,19496,337.0,619,8.0,14760,17.0,4117,,214,7.0,,
2021-01-12 23:52:00,21:48:00,2021-01-12,87,DRC,90982916,19707,211.0,625,6.0,14766,6.0,4316,,217,7.0,,
2021-01-13 23:58:00,21:57:00,2021-01-13,87,DRC,90990389,20003,296.0,626,1.0,14767,1.0,4610,,220,7.0,,
2021-01-14 23:55:00,21:54:00,2021-01-14,87,DRC,90997862,20003,0.0,626,0.0,14767,0.0,4610,,220,7.0,,
2021-01-15 19:50:00,00:00:00,2021-01-15,87,DRC,91012808,20556,553.0,628,2.0,14774,7.0,5154,,226,7.0,,
2021-01-16 23:55:00,21:54:00,2021-01-16,87,DRC,91012808,20693,137.0,630,2.0,14804,30.0,5259,,227,7.0,,
2021-01-17 23:55:00,21:54:00,2021-01-17,87,DRC,91020281,20908,215.0,631,1.0,14807,3.0,5470,,230,7.0,,
2021-01-18 23:55,21:42:00,2021-01-18,87,DRC,91027754,21060,152.0,634,3.0,14810,3.0,5616,,231,7.0,,
2021-01-19 08:37:00,00:00:00,2021-01-19,87,DRC,91042700,21140,80.0,640,6.0,14812,2.0,5688,,232,7.0,,
2021-01-20 09:12:00,00:00:00,2021-01-20,87,DRC,91050173,21302,162.0,640,0.0,14834,22.0,5828,,234,7.0,,
2021-01-22 21:45:11,00:00:00,2021-01-21,87,DRC,91057646,21400,98.0,644,4.0,14865,31.0,5891,,235,7.0,,
2021-01-23 19:52:52,00:00:00,2021-01-22,87,DRC,91065119,21597,197.0,647,3.0,14875,10.0,6075,,237,7.0,,
