scrap_date,scrap_time,update_time_GMT,Country_id,Country,Population,TotalCases,NewCases,TotalDeaths,NewDeaths,TotalRecovered,NewRecovered,ActiveCases,SeriousCritical,Tot_Cases_1Mpop,Deaths_1Mpop,TotalTests,Tests_1Mpop
2020-08-02,20:00:00,,27,Ecuador,17665162,86232,,5736,,36213,,44283,369,4881,325.0,246028,13927
2020-08-08,20:00:00,,27,Ecuador,17669556,93572,7340.0,5916,180.0,71605,35392.0,16051,369,5296,335.0,261829,14818
2020-08-12,20:00:00,,27,Ecuador,17672486,95563,1991.0,5951,35.0,78610,7005.0,11002,348,5407,337.0,268726,15206
2020-08-16,20:00:00,,27,Ecuador,17675416,100688,5125.0,6065,114.0,79354,744.0,15269,352,5696,343.0,284704,16107
2020-08-17,20:00:00,,27,Ecuador,17676148,101751,1063.0,6083,18.0,87120,7766.0,8548,339,5756,344.0,286499,16208
2020-08-18,20:00:00,,27,Ecuador,17676881,102941,1190.0,6105,22.0,87183,63.0,9653,366,5823,345.0,289213,16361
2020-08-19,20:00:00,,27,Ecuador,17677613,102941,0.0,6105,0.0,87183,0.0,9653,366,5823,345.0,289213,16360
2020-08-20,17:53:00,,27,Ecuador,17678345,104475,1534.0,6146,41.0,87277,94.0,11052,365,5910,348.0,293066,16578
2020-08-23,21:09:00,,27,Ecuador,17680543,107769,3294.0,6310,164.0,94816,7539.0,6643,359,6095,357.0,306934,17360
2020-08-24,17:10:00,,27,Ecuador,17681275,107769,0.0,6310,0.0,94816,0.0,6643,359,6095,357.0,306934,17359
2020-08-25,23:00:00,,27,Ecuador,17682007,109030,1261.0,6368,58.0,95025,209.0,7637,386,6166,360.0,311310,17606
2020-08-26,22:59:00,,27,Ecuador,17682740,110549,1519.0,6410,42.0,95097,72.0,9042,370,6252,363.0,315924,17866
2020-08-27,23:00:00,,27,Ecuador,17683472,111219,670.0,6471,61.0,95202,105.0,9546,370,6289,366.0,319537,18070
2020-08-28,23:01:00,,27,Ecuador,17684205,112141,922.0,6504,33.0,95311,109.0,10326,381,6341,368.0,323303,18282
2020-08-29,12:29:00,,27,Ecuador,17684937,112141,0.0,6504,0.0,95311,0.0,10326,381,6341,368.0,323303,18281
2020-08-30,23:00:00,,27,Ecuador,17685670,113648,1507.0,6555,51.0,101620,6309.0,5473,377,6426,371.0,328491,18574
2020-08-31,18:58:00,,27,Ecuador,17686402,113648,0.0,6555,0.0,101620,0.0,5473,377,6426,371.0,328491,18573
2020-09-01,23:00:00,,27,Ecuador,17687134,114309,661.0,6571,16.0,101723,103.0,6015,360,6463,372.0,331243,18728
2020-09-02,23:01:00,,27,Ecuador,17687867,115457,1148.0,6619,48.0,101867,144.0,6971,363,6527,374.0,334945,18936
2020-09-03,23:01:00,,27,Ecuador,17688599,116360,903.0,6648,29.0,102051,184.0,7661,355,6578,376.0,340207,19233
2020-09-04,07:01:00,,27,Ecuador,17689332,116360,0.0,6648,0.0,102051,0.0,7661,355,6578,376.0,340207,19232
2020-09-05,23:31:00,,27,Ecuador,17690064,118045,1685.0,6724,76.0,102304,253.0,9017,415,6673,380.0,349060,19732
2020-09-06,18:30:00,,27,Ecuador,17690796,118045,0.0,6724,0.0,102304,0.0,9017,415,6673,380.0,349060,19731
2020-09-07,23:39:00,,27,Ecuador,17691529,110092,-7953.0,10576,3852.0,91242,-11062.0,8274,424,6223,598.0,330998,18709
2020-09-08,22:10:00,,27,Ecuador,17692261,110092,0.0,10576,0.0,91242,0.0,8274,424,6223,598.0,330998,18709
2020-09-09,22:01:00,,27,Ecuador,17692994,112166,2074.0,10701,125.0,91242,0.0,10223,374,6340,605.0,333977,18876
2020-09-10,22:01:00,,27,Ecuador,17693726,113206,1040.0,10749,48.0,91242,0.0,11215,371,6398,608.0,333977,18875
2020-09-11,22:00:00,,27,Ecuador,17694458,113206,0.0,10749,0.0,91242,0.0,11215,371,6398,607.0,333977,18875
2020-09-12,22:22:00,,27,Ecuador,17695191,114732,1526.0,10836,87.0,91242,0.0,12654,367,6484,612.0,348099,19672
2020-09-13,22:01:00,,27,Ecuador,17695923,116451,1719.0,10864,28.0,91242,0.0,14345,381,6581,614.0,352675,19930
2020-09-14,22:04:00,,27,Ecuador,17696656,118911,2460.0,10922,58.0,97063,5821.0,10926,381,6719,617.0,354883,20054
2020-09-15,21:00:00,,27,Ecuador,17697388,119553,642.0,10963,41.0,97063,0.0,11527,375,6755,619.0,357820,20219
2020-09-16,21:01:00,,27,Ecuador,17698121,121525,1972.0,10996,33.0,97063,0.0,13466,363,6867,621.0,363152,20519
2020-09-18,20:01:00,,27,Ecuador,17699585,122257,732.0,11029,33.0,97063,0.0,14165,375,6907,623.0,370864,20953
2020-09-19,21:00:00,,27,Ecuador,17700318,125620,3363.0,11084,55.0,97063,0.0,17473,379,7097,626.0,384106,21701
2020-09-20,22:31:00,,27,Ecuador,17701050,126419,799.0,11090,6.0,102852,5789.0,12477,377,7142,627.0,387107,21869
2020-09-21,21:01:00,,27,Ecuador,17701783,126711,292.0,11095,5.0,102852,0.0,12764,373,7158,627.0,388292,21935
2020-09-22,21:01:00,,27,Ecuador,17702515,127643,932.0,11126,31.0,102852,0.0,13665,375,7210,628.0,392684,22182
2020-09-23,19:58:00,,27,Ecuador,17703247,127643,0.0,11126,0.0,102852,0.0,13665,375,7210,628.0,392684,22181
2020-09-24,21:00:00,,27,Ecuador,17703980,129892,2249.0,11171,45.0,102852,0.0,15869,360,7337,631.0,399096,22543
2020-09-25,21:00:00,,27,Ecuador,17704712,131146,1254.0,11213,42.0,102852,0.0,17081,361,7407,633.0,403851,22810
2020-09-26,21:00:00,,27,Ecuador,17705445,133981,2835.0,11273,60.0,102852,0.0,19856,367,7567,637.0,416298,23512
2020-09-27,22:45:00,,27,Ecuador,17706177,134747,766.0,11279,6.0,112296,9444.0,11172,355,7610,637.0,418785,23652
2020-09-28,22:00:00,,27,Ecuador,17706909,134747,0.0,11279,0.0,112296,0.0,11172,355,7610,637.0,418785,23651
2020-09-29,21:35:00,,27,Ecuador,17707642,134965,218.0,11280,1.0,112296,0.0,11389,366,7622,637.0,419740,23704
2020-09-30,22:00:00,,27,Ecuador,17708374,137047,2082.0,11355,75.0,112296,0.0,13396,355,7739,641.0,432319,24413
2020-10-01,21:31:00,,27,Ecuador,17709107,137047,0.0,11355,0.0,112296,0.0,13396,355,7739,641.0,432319,24412
2020-10-02,22:36:00,,27,Ecuador,17709839,138584,1537.0,11433,78.0,112296,0.0,14855,347,7825,646.0,439419,24812
2020-10-03,22:24:00,,27,Ecuador,17710572,139534,950.0,11495,62.0,112296,0.0,15743,370,7879,649.0,446706,25223
2020-10-04,21:01:00,,27,Ecuador,17711304,140351,817.0,11597,102.0,112296,0.0,16458,366,7924,655.0,451098,25469
2020-10-05,22:13:00,,27,Ecuador,17712036,141339,988.0,11681,84.0,120511,8215.0,9147,356,7980,659.0,455122,25696
2020-10-06,23:01:00,,27,Ecuador,17712769,142056,717.0,11702,21.0,120511,0.0,9843,354,8020,661.0,455122,25695
2020-10-07,23:01:00,,27,Ecuador,17713501,142056,0.0,11702,0.0,120511,0.0,9843,354,8020,661.0,455122,25694
2020-10-08,23:59:00,,27,Ecuador,17714234,145045,2989.0,12141,439.0,120511,0.0,12393,348,8188,685.0,457272,25814
2020-10-09,23:00:00,,27,Ecuador,17714966,145045,0.0,12141,0.0,120511,0.0,12393,348,8188,685.0,457272,25813
2020-10-10,23:00:00,,27,Ecuador,17715698,146828,1783.0,12188,47.0,120511,0.0,14129,361,8288,688.0,465886,26298
2020-10-12,23:10:00,,27,Ecuador,17717163,147315,487.0,12218,30.0,128134,7623.0,6963,360,8315,690.0,467328,26377
2020-10-13,23:01:00,,27,Ecuador,17717896,147315,0.0,12218,0.0,128134,0.0,6963,360,8314,690.0,467328,26376
2020-10-14,23:01:00,,27,Ecuador,17718628,148171,856.0,12235,17.0,128134,0.0,7802,373,8362,691.0,471362,26603
2020-10-15,14:09:00,11:06:00,27,Ecuador,17719361,149083,912.0,12264,29.0,128134,0.0,8685,350,8414,692.0,475454,26832
2020-10-16,22:08:00,19:06:00,27,Ecuador,17720093,151659,2576.0,12357,93.0,128134,0.0,11168,331,8559,697.0,486987,27482
2020-10-17,23:01:00,19:58:00,27,Ecuador,17720825,152422,763.0,12375,18.0,128134,0.0,11913,362,8601,698.0,491885,27757
2020-10-18,22:05:00,19:03:00,27,Ecuador,17721558,153289,867.0,12387,12.0,134187,6053.0,6715,365,8650,699.0,495133,27940
2020-10-19,22:05:00,18:59:00,27,Ecuador,17722290,153423,134.0,12395,8.0,134187,0.0,6841,366,8657,699.0,495852,27979
2020-10-20,22:05:00,19:04:00,27,Ecuador,17723023,154115,692.0,12404,9.0,134187,0.0,7524,365,8696,700.0,499671,28193
2020-10-21,22:05:00,19:03:00,27,Ecuador,17723755,154115,0.0,12404,0.0,134187,0.0,7524,365,8695,700.0,499671,28192
2020-10-22,22:05:00,19:04:00,27,Ecuador,17724487,156451,2336.0,12500,96.0,134187,0.0,9764,359,8827,705.0,509514,28746
2020-10-23,22:05:00,19:02:00,27,Ecuador,17725220,156451,0.0,12500,0.0,134187,0.0,9764,359,8826,705.0,509514,28745
2020-10-24,23:41:00,20:40:00,27,Ecuador,17725952,159614,3163.0,12542,42.0,134187,0.0,12885,372,9005,708.0,516984,29165
2020-10-25,23:00:00,20:58:00,27,Ecuador,17726685,161635,2021.0,12553,11.0,141759,7572.0,7323,365,9118,708.0,521891,29441
2020-10-26,23:00:00,20:56:00,27,Ecuador,17727417,161635,0.0,12553,0.0,141759,0.0,7323,365,9118,708.0,521891,29440
2020-10-27,23:00:00,20:58:00,27,Ecuador,17728149,163192,1557.0,12588,35.0,141759,0.0,8845,362,9205,710.0,534444,30147
2020-10-28,23:00:00,20:58:00,27,Ecuador,17728882,164908,1716.0,12608,20.0,141759,0.0,10541,353,9302,711.0,536849,30281
2020-10-29,23:00:00,20:57:00,27,Ecuador,17729614,166302,1394.0,12622,14.0,141759,0.0,11921,336,9380,712.0,537793,30333
2020-10-30,23:00:00,20:58:00,27,Ecuador,17730347,167147,845.0,12632,10.0,141759,0.0,12756,336,9427,712.0,541502,30541
2020-10-31,23:00:00,20:59:00,27,Ecuador,17731079,168192,1045.0,12670,38.0,141759,0.0,13763,348,9486,715.0,546508,30822
2020-11-01,23:00:00,20:59:00,27,Ecuador,17731812,168192,0.0,12670,0.0,141759,0.0,13763,348,9485,715.0,546508,30821
2020-11-02,23:00:00,20:57:00,27,Ecuador,17732544,169194,1002.0,12684,14.0,149048,7289.0,7462,342,9541,715.0,548790,30948
2020-11-03,23:00:00,20:59:00,27,Ecuador,17733276,169562,368.0,12692,8.0,149048,0.0,7822,342,9562,716.0,549226,30971
2020-11-04,23:00:00,20:57:00,27,Ecuador,17734009,171433,1871.0,12704,12.0,149048,0.0,9681,344,9667,716.0,556763,31395
2020-11-05,23:00:00,20:59:00,27,Ecuador,17734741,171433,0.0,12704,0.0,149048,0.0,9681,344,9667,716.0,556763,31394
2020-11-06,23:00:00,20:58:00,27,Ecuador,17735474,172508,1075.0,12761,57.0,149048,0.0,10699,333,9727,720.0,563159,31753
2020-11-07,23:00:00,20:57:00,27,Ecuador,17736206,173486,978.0,12815,54.0,149048,0.0,11623,342,9781,723.0,566621,31947
2020-11-08,23:00:00,20:49:00,27,Ecuador,17736938,174907,1421.0,12830,15.0,154956,5908.0,7121,343,9861,723.0,572598,32283
2020-11-09,23:00:00,20:59:00,27,Ecuador,17737671,175269,362.0,12839,9.0,154956,0.0,7474,341,9881,724.0,575968,32471
2020-11-10,23:00:00,20:59:00,27,Ecuador,17738403,175711,442.0,12849,10.0,154956,0.0,7906,335,9906,724.0,576527,32502
2020-11-11,23:00:00,20:56:00,27,Ecuador,17739136,176630,919.0,12920,71.0,154956,0.0,8754,337,9957,728.0,580169,32706
2020-11-12,23:00:00,20:59:00,27,Ecuador,17739868,177513,883.0,12946,26.0,154956,0.0,9611,350,10006,730.0,584759,32963
2020-11-13,23:00:00,20:58:00,27,Ecuador,17740600,178674,1161.0,12977,31.0,154956,0.0,10741,334,10071,731.0,589693,33240
2020-11-14,23:00:00,20:57:00,27,Ecuador,17741333,179627,953.0,12997,20.0,154956,0.0,11674,324,10125,733.0,593959,33479
2020-11-15,23:00:00,20:53:00,27,Ecuador,17742065,180295,668.0,13008,11.0,160639,5683.0,6648,354,10162,733.0,596203,33604
2020-11-16,23:00:00,20:59:00,27,Ecuador,17742798,180295,0.0,13008,0.0,160639,0.0,6648,354,10162,733.0,596203,33603
2020-11-17,23:00:00,20:58:00,27,Ecuador,17743530,181104,809.0,13025,17.0,160639,0.0,7440,368,10207,734.0,599123,33766
2020-11-18,23:00:00,20:57:00,27,Ecuador,17744263,182250,1146.0,13052,27.0,160639,0.0,8559,377,10271,736.0,603458,34009
2020-11-19,23:00:00,20:59:00,27,Ecuador,17744995,183246,996.0,13073,21.0,160639,0.0,9534,372,10327,737.0,608521,34293
2020-11-20,23:00:00,20:59:00,27,Ecuador,17745727,183840,594.0,13095,22.0,160639,0.0,10106,362,10360,738.0,611881,34480
