scrap_date,scrap_time,update_time_GMT,Country_id,Country,Population,TotalCases,NewCases,TotalDeaths,NewDeaths,TotalRecovered,NewRecovered,ActiveCases,SeriousCritical,Tot_Cases_1Mpop,Deaths_1Mpop,TotalTests,Tests_1Mpop
2020-08-02,20:00:00,,31,Egypt,102490117,94316,,4834,,41137,,48345,41,920,47.0,135000,1317
2020-08-08,20:00:00,,31,Egypt,102521807,95147,831.0,4971,137.0,50553,9416.0,39623,41,928,48.0,135000,1317
2020-08-12,20:00:00,,31,Egypt,102542933,95834,687.0,5059,88.0,54888,4335.0,35887,41,935,49.0,135000,1317
2020-08-16,20:00:00,,31,Egypt,102564059,96336,502.0,5141,82.0,58835,3947.0,32360,41,939,50.0,135000,1316
2020-08-17,20:00:00,,31,Egypt,102569340,96475,139.0,5160,19.0,59743,908.0,31572,41,941,50.0,135000,1316
2020-08-18,20:00:00,,31,Egypt,102574622,96590,115.0,5173,13.0,60651,908.0,30766,41,942,50.0,135000,1316
2020-08-19,20:00:00,,31,Egypt,102579903,96753,163.0,5184,11.0,61562,911.0,30007,41,943,51.0,135000,1316
2020-08-20,17:53:00,,31,Egypt,102585185,96914,161.0,5197,13.0,62553,991.0,29164,41,945,51.0,135000,1316
2020-08-23,21:09:00,,31,Egypt,102601029,97237,323.0,5243,46.0,65118,2565.0,26876,41,948,51.0,135000,1316
2020-08-24,17:10:00,,31,Egypt,102606311,97340,103.0,5262,19.0,65927,809.0,26151,41,949,51.0,135000,1316
2020-08-25,23:00:00,,31,Egypt,102611592,97478,138.0,5280,18.0,66817,890.0,25381,41,950,51.0,135000,1316
2020-08-26,22:59:00,,31,Egypt,102616874,97619,141.0,5298,18.0,67717,900.0,24604,41,951,52.0,135000,1316
2020-08-27,23:00:00,,31,Egypt,102622155,97825,206.0,5317,19.0,68713,996.0,23795,41,953,52.0,135000,1316
2020-08-28,23:01:00,,31,Egypt,102627437,98062,237.0,5342,25.0,69612,899.0,23108,41,956,52.0,135000,1315
2020-08-29,12:29:00,,31,Egypt,102632718,98285,223.0,5362,20.0,70419,807.0,22504,41,958,52.0,135000,1315
2020-08-30,23:00:00,,31,Egypt,102638000,98497,212.0,5376,14.0,71302,883.0,21819,41,960,52.0,135000,1315
2020-08-31,18:58:00,,31,Egypt,102643281,98727,230.0,5399,23.0,72120,818.0,21208,41,962,53.0,135000,1315
2020-09-01,23:00:00,,31,Egypt,102648563,98939,212.0,5421,22.0,72929,809.0,20589,41,964,53.0,135000,1315
2020-09-02,23:01:00,,31,Egypt,102653844,99115,176.0,5440,19.0,73828,899.0,19847,41,966,53.0,135000,1315
2020-09-03,23:01:00,,31,Egypt,102659126,99280,165.0,5461,21.0,74626,798.0,19193,41,967,53.0,135000,1315
2020-09-04,07:01:00,,31,Egypt,102664408,99425,145.0,5479,18.0,75415,789.0,18531,41,968,53.0,135000,1315
2020-09-05,23:31:00,,31,Egypt,102669689,99582,157.0,5495,16.0,76305,890.0,17782,41,970,54.0,135000,1315
2020-09-06,18:30:00,,31,Egypt,102674971,99712,130.0,5511,16.0,77208,903.0,16993,41,971,54.0,135000,1315
2020-09-07,23:39:00,,31,Egypt,102680252,99863,151.0,5530,19.0,78108,900.0,16225,41,973,54.0,135000,1315
2020-09-08,22:10:00,,31,Egypt,102685534,100041,178.0,5541,11.0,79008,900.0,15492,41,974,54.0,135000,1315
2020-09-09,22:01:00,,31,Egypt,102690815,100228,187.0,5560,19.0,79886,878.0,14782,41,976,54.0,135000,1315
2020-09-10,22:01:00,,31,Egypt,102696097,100403,175.0,5577,17.0,80689,803.0,14137,41,978,54.0,135000,1315
2020-09-11,22:00:00,,31,Egypt,102701378,100557,154.0,5590,13.0,81597,908.0,13370,41,979,54.0,135000,1314
2020-09-12,22:22:00,,31,Egypt,102706660,100708,151.0,5607,17.0,82473,876.0,12628,41,981,55.0,135000,1314
2020-09-13,22:01:00,,31,Egypt,102711941,100856,148.0,5627,20.0,83261,788.0,11968,41,982,55.0,135000,1314
2020-09-14,22:04:00,,31,Egypt,102717223,101009,153.0,5648,21.0,84161,900.0,11200,41,983,55.0,135000,1314
2020-09-15,21:00:00,,31,Egypt,102722504,101177,168.0,5661,13.0,84969,808.0,10547,41,985,55.0,135000,1314
2020-09-16,21:01:00,,31,Egypt,102727786,101340,163.0,5679,18.0,85745,776.0,9916,41,986,55.0,135000,1314
2020-09-18,20:01:00,,31,Egypt,102738349,101641,301.0,5715,36.0,87158,1413.0,8768,41,989,56.0,135000,1314
2020-09-19,21:00:00,,31,Egypt,102743630,101772,131.0,5733,18.0,87958,800.0,8081,41,991,56.0,135000,1314
2020-09-20,22:31:00,,31,Egypt,102748912,101900,128.0,5750,17.0,88666,708.0,7484,41,992,56.0,135000,1314
2020-09-21,21:01:00,,31,Egypt,102754193,102015,115.0,5770,20.0,89532,866.0,6713,41,993,56.0,135000,1314
2020-09-22,21:01:00,,31,Egypt,102759475,102141,126.0,5787,17.0,90332,800.0,6022,41,994,56.0,135000,1314
2020-09-23,19:58:00,,31,Egypt,102764756,102254,113.0,5806,19.0,91143,811.0,5305,41,995,56.0,135000,1314
2020-09-24,21:00:00,,31,Egypt,102770038,102375,121.0,5822,16.0,91843,700.0,4710,41,996,57.0,135000,1314
2020-09-25,21:00:00,,31,Egypt,102775319,102513,138.0,5835,13.0,92644,801.0,4034,41,997,57.0,135000,1314
2020-09-26,21:00:00,,31,Egypt,102780601,102625,112.0,5853,18.0,93531,887.0,3241,41,998,57.0,135000,1313
2020-09-27,22:45:00,,31,Egypt,102785882,102736,111.0,5869,16.0,94374,843.0,2493,41,1000,57.0,135000,1313
2020-09-28,22:00:00,,31,Egypt,102791164,102840,104.0,5883,14.0,95080,706.0,1877,41,1000,57.0,135000,1313
2020-09-29,21:35:00,,31,Egypt,102796445,102955,115.0,5901,18.0,95586,506.0,1468,41,1002,57.0,135000,1313
2020-09-30,22:00:00,,31,Egypt,102801727,103079,124.0,5914,13.0,96094,508.0,1071,41,1003,58.0,135000,1313
2020-10-01,21:31:00,,31,Egypt,102807009,103198,119.0,5930,16.0,96494,400.0,774,41,1004,58.0,135000,1313
2020-10-02,22:36:00,,31,Egypt,102812290,103317,119.0,5946,16.0,96855,361.0,516,41,1005,58.0,135000,1313
2020-10-03,22:24:00,,31,Egypt,102817572,103466,149.0,5956,10.0,97143,288.0,367,41,1006,58.0,135000,1313
2020-10-04,21:01:00,,31,Egypt,102822853,103575,109.0,5970,14.0,97274,131.0,331,41,1007,58.0,135000,1313
2020-10-05,22:13:00,,31,Egypt,102828135,103683,108.0,5981,11.0,97355,81.0,347,41,1008,58.0,135000,1313
2020-10-06,23:01:00,,31,Egypt,102833416,103781,98.0,5990,9.0,97398,43.0,393,41,1009,58.0,135000,1313
2020-10-07,23:01:00,,31,Egypt,102838698,103902,121.0,6001,11.0,97449,51.0,452,41,1010,58.0,135000,1313
2020-10-08,23:59:00,,31,Egypt,102843979,104035,133.0,6010,9.0,97492,43.0,533,41,1012,58.0,135000,1313
2020-10-09,23:00:00,,31,Egypt,102849261,104156,121.0,6017,7.0,97524,32.0,615,41,1013,59.0,135000,1313
2020-10-10,23:00:00,,31,Egypt,102854542,104262,106.0,6029,12.0,97592,68.0,641,41,1014,59.0,135000,1313
2020-10-12,23:10:00,,31,Egypt,102865105,104516,254.0,6052,23.0,97688,96.0,776,41,1016,59.0,135000,1312
2020-10-13,23:01:00,,31,Egypt,102870387,104648,132.0,6062,10.0,97743,55.0,843,41,1017,59.0,135000,1312
2020-10-14,23:01:00,,31,Egypt,102875668,104787,139.0,6071,9.0,97841,98.0,875,41,1019,59.0,135000,1312
2020-10-15,14:09:00,11:06:00,31,Egypt,102880950,104915,128.0,6077,6.0,97920,79.0,918,41,1020,59.0,135000,1312
2020-10-16,22:08:00,19:06:00,31,Egypt,102886231,105033,118.0,6088,11.0,98011,91.0,934,41,1021,59.0,135000,1312
2020-10-17,23:01:00,19:58:00,31,Egypt,102891513,105159,126.0,6099,11.0,98089,78.0,971,41,1022,59.0,135000,1312
2020-10-18,22:05:00,19:03:00,31,Egypt,102896794,105297,138.0,6109,10.0,98157,68.0,1031,41,1023,59.0,135000,1312
2020-10-19,22:05:00,18:59:00,31,Egypt,102902076,105424,127.0,6120,11.0,98247,90.0,1057,41,1025,59.0,135000,1312
2020-10-20,22:05:00,19:04:00,31,Egypt,102907357,105547,123.0,6130,10.0,98314,67.0,1103,41,1026,60.0,135000,1312
2020-10-21,22:05:00,19:03:00,31,Egypt,102912639,105705,158.0,6142,12.0,98413,99.0,1150,41,1027,60.0,135000,1312
2020-10-22,22:05:00,19:04:00,31,Egypt,102917920,105883,178.0,6155,13.0,98516,103.0,1212,41,1029,60.0,135000,1312
2020-10-23,22:05:00,19:02:00,31,Egypt,102923202,106060,177.0,6166,11.0,98624,108.0,1270,41,1030,60.0,135000,1312
2020-10-24,23:41:00,20:40:00,31,Egypt,102928483,106230,170.0,6176,10.0,98713,89.0,1341,41,1032,60.0,135000,1312
2020-10-25,23:00:00,20:58:00,31,Egypt,102933765,106397,167.0,6187,11.0,98813,100.0,1397,41,1034,60.0,135000,1312
2020-10-26,23:00:00,20:56:00,31,Egypt,102939046,106540,143.0,6199,12.0,98903,90.0,1438,41,1035,60.0,135000,1311
2020-10-27,23:00:00,20:58:00,31,Egypt,102944328,106707,167.0,6211,12.0,98981,78.0,1515,41,1037,60.0,135000,1311
2020-10-28,23:00:00,20:58:00,31,Egypt,102949610,106877,170.0,6222,11.0,99084,103.0,1571,41,1038,60.0,135000,1311
2020-10-29,23:00:00,20:57:00,31,Egypt,102954891,107030,153.0,6234,12.0,99174,90.0,1622,41,1040,61.0,135000,1311
2020-10-30,23:00:00,20:58:00,31,Egypt,102960173,107209,179.0,6247,13.0,99273,99.0,1689,41,1041,61.0,135000,1311
2020-10-31,23:00:00,20:59:00,31,Egypt,102965454,107376,167.0,6258,11.0,99353,80.0,1765,41,1043,61.0,135000,1311
2020-11-01,23:00:00,20:59:00,31,Egypt,102970736,107555,179.0,6266,8.0,99452,99.0,1837,41,1045,61.0,135000,1311
2020-11-02,23:00:00,20:57:00,31,Egypt,102976017,107736,181.0,6278,12.0,99555,103.0,1903,41,1046,61.0,135000,1311
2020-11-03,23:00:00,20:59:00,31,Egypt,102981299,107925,189.0,6291,13.0,99652,97.0,1982,41,1048,61.0,135000,1311
2020-11-04,23:00:00,20:57:00,31,Egypt,102986580,108122,197.0,6305,14.0,99765,113.0,2052,41,1050,61.0,135000,1311
2020-11-05,23:00:00,20:59:00,31,Egypt,102991862,108329,207.0,6318,13.0,99874,109.0,2137,41,1052,61.0,135000,1311
2020-11-06,23:00:00,20:58:00,31,Egypt,102997143,108530,201.0,6329,11.0,100006,132.0,2195,41,1054,61.0,135000,1311
2020-11-07,23:00:00,20:57:00,31,Egypt,103002425,108754,224.0,6343,14.0,100106,100.0,2305,41,1056,62.0,135000,1311
2020-11-08,23:00:00,20:49:00,31,Egypt,103007706,108962,208.0,6355,12.0,100239,133.0,2368,41,1058,62.0,135000,1311
2020-11-09,23:00:00,20:59:00,31,Egypt,103012988,109201,239.0,6368,13.0,100342,103.0,2491,46,1060,62.0,135000,1311
2020-11-10,23:00:00,20:59:00,31,Egypt,103018269,109422,221.0,6380,12.0,100439,97.0,2603,46,1062,62.0,135000,1310
2020-11-11,23:00:00,20:56:00,31,Egypt,103023551,109654,232.0,6394,14.0,100540,101.0,2720,46,1064,62.0,1000000,9707
2020-11-12,23:00:00,20:59:00,31,Egypt,103028832,109881,227.0,6405,11.0,100662,122.0,2814,46,1067,62.0,1000000,9706
2020-11-13,23:00:00,20:58:00,31,Egypt,103034114,110095,214.0,6417,12.0,100760,98.0,2918,46,1069,62.0,1000000,9706
2020-11-14,23:00:00,20:57:00,31,Egypt,103039395,110319,224.0,6429,12.0,100847,87.0,3043,46,1071,62.0,1000000,9705
2020-11-15,23:00:00,20:53:00,31,Egypt,103044677,110547,228.0,6442,13.0,100946,99.0,3159,46,1073,63.0,1000000,9705
2020-11-16,23:00:00,20:59:00,31,Egypt,103049958,110767,220.0,6453,11.0,101046,100.0,3268,46,1075,63.0,1000000,9704
