scrap_date,scrap_time,update_time_GMT,Country_id,Country,Population,TotalCases,NewCases,TotalDeaths,NewDeaths,TotalRecovered,NewRecovered,ActiveCases,SeriousCritical,Tot_Cases_1Mpop,Deaths_1Mpop,TotalTests,Tests_1Mpop
2020-08-02,20:00:00,,106,Equatorial Guinea,1406368,4821,,83,,2182,,2556,,3428,59.0,44356,31539
2020-08-08,20:00:00,,106,Equatorial Guinea,1407128,4821,0.0,83,0.0,2182,0.0,2556,,3426,59.0,44356,31522
2020-08-12,20:00:00,,106,Equatorial Guinea,1407634,4821,0.0,83,0.0,2182,0.0,2556,,3425,59.0,44356,31511
2020-08-16,20:00:00,,106,Equatorial Guinea,1408141,4821,0.0,83,0.0,2182,0.0,2556,,3424,59.0,44356,31500
2020-08-17,20:00:00,,106,Equatorial Guinea,1408267,4821,0.0,83,0.0,2182,0.0,2556,,3423,59.0,44356,31497
2020-08-18,20:00:00,,106,Equatorial Guinea,1408394,4821,0.0,83,0.0,2182,0.0,2556,,3423,59.0,44356,31494
2020-08-19,20:00:00,,106,Equatorial Guinea,1408520,4821,0.0,83,0.0,2182,0.0,2556,,3423,59.0,44356,31491
2020-08-20,17:53:00,,106,Equatorial Guinea,1408647,4892,71.0,83,0.0,2713,531.0,2096,,3473,59.0,49215,34938
2020-08-23,21:09:00,,106,Equatorial Guinea,1409027,4926,34.0,83,0.0,3795,1082.0,1048,2.0,3496,59.0,50481,35827
2020-08-24,17:10:00,,106,Equatorial Guinea,1409153,4926,0.0,83,0.0,3795,0.0,1048,2.0,3496,59.0,50481,35824
2020-08-25,23:00:00,,106,Equatorial Guinea,1409280,4926,0.0,83,0.0,3795,0.0,1048,2.0,3495,59.0,50481,35820
2020-08-26,22:59:00,,106,Equatorial Guinea,1409407,4926,0.0,83,0.0,3795,0.0,1048,2.0,3495,59.0,50481,35817
2020-08-27,23:00:00,,106,Equatorial Guinea,1409533,4928,2.0,83,0.0,3798,3.0,1047,1.0,3496,59.0,51597,36606
2020-08-28,23:01:00,,106,Equatorial Guinea,1409660,4928,0.0,83,0.0,3798,0.0,1047,1.0,3496,59.0,51597,36602
2020-08-29,12:29:00,,106,Equatorial Guinea,1409786,4941,13.0,83,0.0,3884,86.0,974,1.0,3505,59.0,51944,36845
2020-08-30,23:00:00,,106,Equatorial Guinea,1409913,4941,0.0,83,0.0,3884,0.0,974,1.0,3504,59.0,51944,36842
2020-08-31,18:58:00,,106,Equatorial Guinea,1410040,4941,0.0,83,0.0,3884,0.0,974,1.0,3504,59.0,51944,36839
2020-09-01,23:00:00,,106,Equatorial Guinea,1410166,4965,24.0,83,0.0,3884,0.0,998,1.0,3521,59.0,51944,36835
2020-09-02,23:01:00,,106,Equatorial Guinea,1410293,4965,0.0,83,0.0,3884,0.0,998,1.0,3521,59.0,51944,36832
2020-09-03,23:01:00,,106,Equatorial Guinea,1410419,4965,0.0,83,0.0,4390,506.0,492,1.0,3520,59.0,53443,37892
2020-09-04,07:01:00,,106,Equatorial Guinea,1410546,4965,0.0,83,0.0,4390,0.0,492,1.0,3520,59.0,53443,37888
2020-09-05,23:31:00,,106,Equatorial Guinea,1410672,4972,7.0,83,0.0,4413,23.0,476,,3525,59.0,54174,38403
2020-09-06,18:30:00,,106,Equatorial Guinea,1410799,4972,0.0,83,0.0,4413,0.0,476,,3524,59.0,54174,38400
2020-09-07,23:39:00,,106,Equatorial Guinea,1410926,4972,0.0,83,0.0,4413,0.0,476,,3524,59.0,54174,38396
2020-09-08,22:10:00,,106,Equatorial Guinea,1411052,4985,13.0,83,0.0,4454,41.0,448,,3533,59.0,54174,38393
2020-09-09,22:01:00,,106,Equatorial Guinea,1411179,4985,0.0,83,0.0,4454,0.0,448,,3533,59.0,54822,38848
2020-09-10,22:01:00,,106,Equatorial Guinea,1411305,4990,5.0,83,0.0,4479,25.0,428,,3536,59.0,55133,39065
2020-09-11,22:00:00,,106,Equatorial Guinea,1411432,4990,0.0,83,0.0,4479,0.0,428,,3535,59.0,55133,39062
2020-09-12,22:22:00,,106,Equatorial Guinea,1411559,4996,6.0,83,0.0,4490,11.0,423,,3539,59.0,55783,39519
2020-09-13,22:01:00,,106,Equatorial Guinea,1411685,4996,0.0,83,0.0,4490,0.0,423,,3539,59.0,55783,39515
2020-09-14,22:04:00,,106,Equatorial Guinea,1411812,4996,0.0,83,0.0,4490,0.0,423,,3539,59.0,55783,39512
2020-09-15,21:00:00,,106,Equatorial Guinea,1411938,5000,4.0,83,0.0,4496,6.0,421,,3541,59.0,56704,40160
2020-09-16,21:01:00,,106,Equatorial Guinea,1412065,5000,0.0,83,0.0,4496,0.0,421,,3541,59.0,56704,40157
2020-09-18,20:01:00,,106,Equatorial Guinea,1412318,5002,2.0,83,0.0,4509,13.0,410,,3542,59.0,57119,40443
2020-09-19,21:00:00,,106,Equatorial Guinea,1412445,5002,0.0,83,0.0,4509,0.0,410,,3541,59.0,57119,40440
2020-09-20,22:31:00,,106,Equatorial Guinea,1412571,5002,0.0,83,0.0,4509,0.0,410,,3541,59.0,57119,40436
2020-09-21,21:01:00,,106,Equatorial Guinea,1412698,5002,0.0,83,0.0,4509,0.0,410,,3541,59.0,57119,40433
2020-09-22,21:01:00,,106,Equatorial Guinea,1412824,5018,16.0,83,0.0,4509,0.0,426,4.0,3552,59.0,58603,41479
2020-09-23,19:58:00,,106,Equatorial Guinea,1412951,5018,0.0,83,0.0,4509,0.0,426,4.0,3551,59.0,58603,41476
2020-09-24,21:00:00,,106,Equatorial Guinea,1413078,5018,0.0,83,0.0,4509,0.0,426,4.0,3551,59.0,58603,41472
2020-09-25,21:00:00,,106,Equatorial Guinea,1413204,5018,0.0,83,0.0,4530,21.0,405,4.0,3551,59.0,58976,41732
2020-09-26,21:00:00,,106,Equatorial Guinea,1413331,5018,0.0,83,0.0,4530,0.0,405,4.0,3550,59.0,58976,41728
2020-09-27,22:45:00,,106,Equatorial Guinea,1413457,5028,10.0,83,0.0,4740,210.0,205,4.0,3557,59.0,58976,41725
2020-09-28,22:00:00,,106,Equatorial Guinea,1413584,5028,0.0,83,0.0,4740,0.0,205,4.0,3557,59.0,59706,42237
2020-09-29,21:35:00,,106,Equatorial Guinea,1413711,5028,0.0,83,0.0,4740,0.0,205,4.0,3557,59.0,59706,42234
2020-09-30,22:00:00,,106,Equatorial Guinea,1413837,5030,2.0,83,0.0,4769,29.0,178,4.0,3558,59.0,60417,42733
2020-10-01,21:31:00,,106,Equatorial Guinea,1413964,5030,0.0,83,0.0,4769,0.0,178,4.0,3557,59.0,60417,42729
2020-10-02,22:36:00,,106,Equatorial Guinea,1414090,5045,15.0,83,0.0,4879,110.0,83,4.0,3568,59.0,60916,43078
2020-10-03,22:24:00,,106,Equatorial Guinea,1414217,5045,0.0,83,0.0,4879,0.0,83,4.0,3567,59.0,60916,43074
2020-10-04,21:01:00,,106,Equatorial Guinea,1414344,5045,0.0,83,0.0,4879,0.0,83,4.0,3567,59.0,60916,43070
2020-10-05,22:13:00,,106,Equatorial Guinea,1414470,5045,0.0,83,0.0,4879,0.0,83,4.0,3567,59.0,60916,43066
2020-10-06,23:01:00,,106,Equatorial Guinea,1414597,5052,7.0,83,0.0,4894,15.0,75,2.0,3571,59.0,61836,43713
2020-10-07,23:01:00,,106,Equatorial Guinea,1414723,5052,0.0,83,0.0,4894,0.0,75,2.0,3571,59.0,61836,43709
2020-10-08,23:59:00,,106,Equatorial Guinea,1414850,5052,0.0,83,0.0,4894,0.0,75,2.0,3571,59.0,61836,43705
2020-10-09,23:00:00,,106,Equatorial Guinea,1414976,5062,10.0,83,0.0,4894,0.0,85,2.0,3577,59.0,62311,44037
2020-10-10,23:00:00,,106,Equatorial Guinea,1415103,5063,1.0,83,0.0,4894,0.0,86,2.0,3578,59.0,62615,44248
2020-10-12,23:10:00,,106,Equatorial Guinea,1415356,5063,0.0,83,0.0,4894,0.0,86,2.0,3577,59.0,62615,44240
2020-10-13,23:01:00,,106,Equatorial Guinea,1415483,5066,3.0,83,0.0,4954,60.0,29,1.0,3579,59.0,62944,44468
2020-10-14,23:01:00,,106,Equatorial Guinea,1415609,5066,0.0,83,0.0,4954,0.0,29,1.0,3579,59.0,62944,44464
2020-10-15,14:09:00,11:06:00,106,Equatorial Guinea,1415736,5068,2.0,83,0.0,4954,0.0,31,1.0,3580,59.0,63108,44576
2020-10-16,22:08:00,19:06:00,106,Equatorial Guinea,1415863,5068,0.0,83,0.0,4954,0.0,31,1.0,3579,59.0,63108,44572
2020-10-17,23:01:00,19:58:00,106,Equatorial Guinea,1415989,5068,0.0,83,0.0,4954,0.0,31,1.0,3579,59.0,63108,44568
2020-10-18,22:05:00,19:03:00,106,Equatorial Guinea,1416116,5070,2.0,83,0.0,4954,0.0,33,1.0,3580,59.0,63589,44904
2020-10-19,22:05:00,18:59:00,106,Equatorial Guinea,1416242,5070,0.0,83,0.0,4954,0.0,33,1.0,3580,59.0,63589,44900
2020-10-20,22:05:00,19:04:00,106,Equatorial Guinea,1416369,5074,4.0,83,0.0,4954,0.0,37,1.0,3582,59.0,64170,45306
2020-10-21,22:05:00,19:03:00,106,Equatorial Guinea,1416496,5074,0.0,83,0.0,4954,0.0,37,1.0,3582,59.0,64170,45302
2020-10-22,22:05:00,19:04:00,106,Equatorial Guinea,1416622,5074,0.0,83,0.0,4954,0.0,37,1.0,3582,59.0,64170,45298
2020-10-23,22:05:00,19:02:00,106,Equatorial Guinea,1416749,5074,0.0,83,0.0,4961,7.0,30,1.0,3581,59.0,64485,45516
2020-10-24,23:41:00,20:40:00,106,Equatorial Guinea,1416875,5079,5.0,83,0.0,4962,1.0,34,1.0,3585,59.0,64910,45812
2020-10-25,23:00:00,20:58:00,106,Equatorial Guinea,1417002,5079,0.0,83,0.0,4962,0.0,34,1.0,3584,59.0,64910,45808
2020-10-26,23:00:00,20:56:00,106,Equatorial Guinea,1417129,5079,0.0,83,0.0,4962,0.0,34,1.0,3584,59.0,64910,45804
2020-10-27,23:00:00,20:58:00,106,Equatorial Guinea,1417255,5083,4.0,83,0.0,4964,2.0,36,1.0,3587,59.0,65408,46151
2020-10-28,23:00:00,20:58:00,106,Equatorial Guinea,1417382,5083,0.0,83,0.0,4964,0.0,36,1.0,3586,59.0,65408,46147
2020-10-29,23:00:00,20:57:00,106,Equatorial Guinea,1417508,5083,0.0,83,0.0,4964,0.0,36,1.0,3586,59.0,65408,46143
2020-10-30,23:00:00,20:58:00,106,Equatorial Guinea,1417635,5083,0.0,83,0.0,4964,0.0,36,1.0,3586,59.0,65408,46139
2020-10-31,23:00:00,20:59:00,106,Equatorial Guinea,1417761,5088,5.0,83,0.0,4965,1.0,40,1.0,3589,59.0,65982,46540
2020-11-01,23:00:00,20:59:00,106,Equatorial Guinea,1417888,5088,0.0,83,0.0,4965,0.0,40,1.0,3588,59.0,65982,46535
2020-11-02,23:00:00,20:57:00,106,Equatorial Guinea,1418015,5088,0.0,83,0.0,4965,0.0,40,1.0,3588,59.0,65982,46531
2020-11-03,23:00:00,20:59:00,106,Equatorial Guinea,1418141,5089,1.0,83,0.0,4965,0.0,41,1.0,3589,59.0,66077,46594
2020-11-04,23:00:00,20:57:00,106,Equatorial Guinea,1418268,5089,0.0,83,0.0,4965,0.0,41,1.0,3588,59.0,66077,46590
2020-11-05,23:00:00,20:59:00,106,Equatorial Guinea,1418394,5092,3.0,85,2.0,4968,3.0,39,2.0,3590,60.0,66600,46955
2020-11-06,23:00:00,20:58:00,106,Equatorial Guinea,1418521,5092,0.0,85,0.0,4968,0.0,39,2.0,3590,60.0,66600,46950
2020-11-07,23:00:00,20:57:00,106,Equatorial Guinea,1418648,5092,0.0,85,0.0,4968,0.0,39,2.0,3589,60.0,66600,46946
2020-11-08,23:00:00,20:49:00,106,Equatorial Guinea,1418774,5092,0.0,85,0.0,4968,0.0,39,2.0,3589,60.0,66600,46942
2020-11-09,23:00:00,20:59:00,106,Equatorial Guinea,1418901,5092,0.0,85,0.0,4968,0.0,39,2.0,3589,60.0,66600,46938
2020-11-10,23:00:00,20:59:00,106,Equatorial Guinea,1419027,5102,10.0,85,0.0,4971,3.0,46,1.0,3595,60.0,67275,47409
2020-11-11,23:00:00,20:56:00,106,Equatorial Guinea,1419154,5102,0.0,85,0.0,4971,0.0,46,1.0,3595,60.0,67275,47405
2020-11-12,23:00:00,20:59:00,106,Equatorial Guinea,1419281,5104,2.0,85,0.0,4973,2.0,46,1.0,3596,60.0,67412,47497
2020-11-13,23:00:00,20:58:00,106,Equatorial Guinea,1419407,5104,0.0,85,0.0,4973,0.0,46,1.0,3596,60.0,67412,47493
2020-11-14,23:00:00,20:57:00,106,Equatorial Guinea,1419534,5104,0.0,85,0.0,4973,0.0,46,1.0,3596,60.0,67412,47489
2020-11-15,23:00:00,20:53:00,106,Equatorial Guinea,1419660,5104,0.0,85,0.0,4973,0.0,46,1.0,3595,60.0,67412,47485
2020-11-16,23:00:00,20:59:00,106,Equatorial Guinea,1419787,5104,0.0,85,0.0,4973,0.0,46,1.0,3595,60.0,67412,47480
2020-11-17,23:00:00,20:58:00,106,Equatorial Guinea,1419913,5104,0.0,85,0.0,4973,0.0,46,1.0,3595,60.0,67412,47476
2020-11-18,23:00:00,20:57:00,106,Equatorial Guinea,1420040,5121,17.0,85,0.0,4975,2.0,61,1.0,3606,60.0,68428,48187
2020-11-19,23:00:00,20:59:00,106,Equatorial Guinea,1420167,5121,0.0,85,0.0,4975,0.0,61,1.0,3606,60.0,68609,48311
2020-11-20,23:00:00,20:59:00,106,Equatorial Guinea,1420293,5121,0.0,85,0.0,4975,0.0,61,1.0,3606,60.0,68609,48306
2020-11-21,23:00:00,20:58:00,106,Equatorial Guinea,1420420,5130,9.0,85,0.0,4975,0.0,70,,3612,60.0,69259,48760
2020-11-22,23:00:00,20:59:00,106,Equatorial Guinea,1420546,5130,0.0,85,0.0,4975,0.0,70,,3611,60.0,69259,48755
2020-11-23,23:00:00,20:58:00,106,Equatorial Guinea,1420673,5130,0.0,85,0.0,4975,0.0,70,,3611,60.0,69259,48751
2020-11-24,23:00:00,20:57:00,106,Equatorial Guinea,1420800,5137,7.0,85,0.0,5005,30.0,47,,3616,60.0,69678,49041
2020-11-25,23:00:00,20:58:00,106,Equatorial Guinea,1420926,5137,0.0,85,0.0,5005,0.0,47,,3615,60.0,69678,49037
2020-11-26,23:00:00,20:47:00,106,Equatorial Guinea,1421053,5137,0.0,85,0.0,5005,0.0,47,,3615,60.0,69678,49033
2020-11-27,23:00:00,20:59:00,106,Equatorial Guinea,1421179,5146,9.0,85,0.0,5005,0.0,56,,3621,60.0,70108,49331
2020-11-28,23:00:00,20:46:00,106,Equatorial Guinea,1421306,5153,7.0,85,0.0,5009,4.0,59,,3626,60.0,70345,49493
2020-11-29,23:00:00,20:51:00,106,Equatorial Guinea,1421433,5153,0.0,85,0.0,5009,0.0,59,,3625,60.0,70345,49489
2020-11-30,23:00:00,20:57:00,106,Equatorial Guinea,1421559,5153,0.0,85,0.0,5009,0.0,59,,3625,60.0,70345,49484
2020-12-01,23:00:00,20:55:00,106,Equatorial Guinea,1421686,5153,0.0,85,0.0,5009,0.0,59,,3625,60.0,70345,49480
2020-12-02,23:00:00,20:58:00,106,Equatorial Guinea,1421812,5156,3.0,85,0.0,5009,0.0,62,,3626,60.0,70718,49738
2020-12-03,23:00:00,20:59:00,106,Equatorial Guinea,1421939,5159,3.0,85,0.0,5023,14.0,51,,3628,60.0,70998,49930
