scrap_date,scrap_time,update_time_GMT,Country_id,Country,Population,TotalCases,NewCases,TotalDeaths,NewDeaths,TotalRecovered,NewRecovered,ActiveCases,SeriousCritical,Tot_Cases_1Mpop,Deaths_1Mpop,TotalTests,Tests_1Mpop
2020-08-02,20:00:00,,111,Eswatini,1161184,2706,,43,,1214,,1449,5,2330,37.0,20784,17899
2020-08-08,20:00:00,,111,Eswatini,1161381,3128,422.0,56,13.0,1565,351.0,1507,10,2693,48.0,27428,23617
2020-08-12,20:00:00,,111,Eswatini,1161512,3410,282.0,63,7.0,1720,155.0,1627,10,2936,54.0,27837,23966
2020-08-16,20:00:00,,111,Eswatini,1161643,3745,335.0,69,6.0,2268,548.0,1408,10,3224,59.0,28380,24431
2020-08-17,20:00:00,,111,Eswatini,1161676,3839,94.0,70,1.0,2268,0.0,1501,11,3305,60.0,28380,24430
2020-08-18,20:00:00,,111,Eswatini,1161709,3894,55.0,73,3.0,2371,103.0,1450,11,3352,63.0,28380,24430
2020-08-19,20:00:00,,111,Eswatini,1161741,3989,95.0,76,3.0,2587,216.0,1326,11,3434,65.0,28380,24429
2020-08-20,17:53:00,,111,Eswatini,1161774,4058,69.0,79,3.0,2611,24.0,1368,11,3493,68.0,28380,24428
2020-08-23,21:09:00,,111,Eswatini,1161873,4189,131.0,83,4.0,2762,151.0,1344,11,3605,71.0,28380,24426
2020-08-24,17:10:00,,111,Eswatini,1161905,4225,36.0,85,2.0,2898,136.0,1242,11,3636,73.0,28694,24696
2020-08-25,23:00:00,,111,Eswatini,1161938,4304,79.0,85,0.0,2936,38.0,1283,11,3704,73.0,28694,24695
2020-08-26,22:59:00,,111,Eswatini,1161971,4327,23.0,86,1.0,2959,23.0,1282,11,3724,74.0,29019,24974
2020-08-27,23:00:00,,111,Eswatini,1162004,4387,60.0,88,2.0,3078,119.0,1221,11,3775,76.0,29339,25249
2020-08-28,23:01:00,,111,Eswatini,1162037,4433,46.0,89,1.0,3115,37.0,1229,11,3815,77.0,29679,25540
2020-08-29,12:29:00,,111,Eswatini,1162069,4461,28.0,91,2.0,3210,95.0,1160,11,3839,78.0,29679,25540
2020-08-30,23:00:00,,111,Eswatini,1162102,4561,100.0,91,0.0,3478,268.0,992,11,3925,78.0,30007,25821
2020-08-31,18:58:00,,111,Eswatini,1162135,4561,0.0,91,0.0,3478,0.0,992,11,3925,78.0,30007,25821
2020-09-01,23:00:00,,111,Eswatini,1162168,4577,16.0,91,0.0,3529,51.0,957,11,3938,78.0,30007,25820
2020-09-02,23:01:00,,111,Eswatini,1162201,4668,91.0,94,3.0,3585,56.0,989,11,4017,81.0,30327,26094
2020-09-03,23:01:00,,111,Eswatini,1162233,4668,0.0,94,0.0,3585,0.0,989,11,4016,81.0,30327,26094
2020-09-04,07:01:00,,111,Eswatini,1162266,4720,52.0,94,0.0,3789,204.0,837,11,4061,81.0,30327,26093
2020-09-05,23:31:00,,111,Eswatini,1162299,4780,60.0,94,0.0,3844,55.0,842,11,4113,81.0,30327,26092
2020-09-06,18:30:00,,111,Eswatini,1162332,4819,39.0,94,0.0,3903,59.0,822,11,4146,81.0,30327,26092
2020-09-07,23:39:00,,111,Eswatini,1162365,4853,34.0,94,0.0,3951,48.0,808,11,4175,81.0,30327,26091
2020-09-08,22:10:00,,111,Eswatini,1162397,4884,31.0,94,0.0,4029,78.0,761,11,4202,81.0,30327,26090
2020-09-09,22:01:00,,111,Eswatini,1162430,4904,20.0,96,2.0,4059,30.0,749,11,4219,83.0,30635,26354
2020-09-10,22:01:00,,111,Eswatini,1162463,4936,32.0,97,1.0,4077,18.0,762,11,4246,83.0,30843,26532
2020-09-11,22:00:00,,111,Eswatini,1162496,4994,58.0,98,1.0,4103,26.0,793,11,4296,84.0,30843,26532
2020-09-12,22:22:00,,111,Eswatini,1162529,5050,56.0,98,0.0,4188,85.0,764,11,4344,84.0,30843,26531
2020-09-13,22:01:00,,111,Eswatini,1162561,5050,0.0,98,0.0,4188,0.0,764,11,4344,84.0,30843,26530
2020-09-14,22:04:00,,111,Eswatini,1162594,5075,25.0,98,0.0,4229,41.0,748,11,4365,84.0,31061,26717
2020-09-15,21:00:00,,111,Eswatini,1162627,5104,29.0,101,3.0,4374,145.0,629,11,4390,87.0,31259,26887
2020-09-16,21:01:00,,111,Eswatini,1162660,5128,24.0,101,0.0,4401,27.0,626,11,4411,87.0,31426,27029
2020-09-18,20:01:00,,111,Eswatini,1162725,5191,63.0,103,2.0,4439,38.0,649,11,4465,89.0,31766,27320
2020-09-19,21:00:00,,111,Eswatini,1162758,5215,24.0,103,0.0,4478,39.0,634,11,4485,89.0,31766,27320
2020-09-20,22:31:00,,111,Eswatini,1162791,5245,30.0,104,1.0,4571,93.0,570,11,4511,89.0,31766,27319
2020-09-21,21:01:00,,111,Eswatini,1162824,5269,24.0,104,0.0,4624,53.0,541,11,4531,89.0,31969,27493
2020-09-22,21:01:00,,111,Eswatini,1162857,5282,13.0,104,0.0,4647,23.0,531,11,4542,89.0,31969,27492
2020-09-23,19:58:00,,111,Eswatini,1162889,5307,25.0,106,2.0,4672,25.0,529,11,4564,91.0,31969,27491
2020-09-24,21:00:00,,111,Eswatini,1162922,5375,68.0,108,2.0,4724,52.0,543,11,4622,93.0,31969,27490
2020-09-25,21:00:00,,111,Eswatini,1162955,5375,0.0,108,0.0,4724,0.0,543,11,4622,93.0,31969,27489
2020-09-26,21:00:00,,111,Eswatini,1162988,5399,24.0,108,0.0,4767,43.0,524,11,4642,93.0,31969,27489
2020-09-27,22:45:00,,111,Eswatini,1163021,5419,20.0,108,0.0,4802,35.0,509,11,4659,93.0,31969,27488
2020-09-28,22:00:00,,111,Eswatini,1163053,5452,33.0,108,0.0,4844,42.0,500,11,4688,93.0,31969,27487
2020-09-29,21:35:00,,111,Eswatini,1163086,5452,0.0,108,0.0,4844,0.0,500,11,4688,93.0,31969,27486
2020-09-30,22:00:00,,111,Eswatini,1163119,5482,30.0,109,1.0,4912,68.0,461,11,4713,94.0,31969,27486
2020-10-01,21:31:00,,111,Eswatini,1163152,5500,18.0,111,2.0,5000,88.0,389,11,4729,95.0,31969,27485
2020-10-02,22:36:00,,111,Eswatini,1163185,5500,0.0,111,0.0,5000,0.0,389,11,4728,95.0,31969,27484
2020-10-03,22:24:00,,111,Eswatini,1163217,5521,21.0,111,0.0,5061,61.0,349,11,4746,95.0,31969,27483
2020-10-04,21:01:00,,111,Eswatini,1163250,5569,48.0,111,0.0,5127,66.0,331,11,4787,95.0,32234,27710
2020-10-05,22:13:00,,111,Eswatini,1163283,5569,0.0,111,0.0,5127,0.0,331,11,4787,95.0,45325,38963
2020-10-06,23:01:00,,111,Eswatini,1163316,5579,10.0,112,1.0,5141,14.0,326,11,4796,96.0,45325,38962
2020-10-07,23:01:00,,111,Eswatini,1163349,5598,19.0,112,0.0,5169,28.0,317,11,4812,96.0,45325,38961
2020-10-08,23:59:00,,111,Eswatini,1163381,5632,34.0,113,1.0,5231,62.0,288,11,4841,97.0,45325,38960
2020-10-09,23:00:00,,111,Eswatini,1163414,5644,12.0,113,0.0,5254,23.0,277,11,4851,97.0,45325,38959
2020-10-10,23:00:00,,111,Eswatini,1163447,5644,0.0,113,0.0,5254,0.0,277,11,4851,97.0,45325,38958
2020-10-12,23:10:00,,111,Eswatini,1163513,5683,39.0,113,0.0,5322,68.0,248,11,4884,97.0,45570,39166
2020-10-13,23:01:00,,111,Eswatini,1163545,5696,13.0,114,1.0,5337,15.0,245,13,4895,98.0,45570,39165
2020-10-14,23:01:00,,111,Eswatini,1163578,5696,0.0,114,0.0,5337,0.0,245,13,4895,98.0,45570,39164
2020-10-15,14:09:00,11:06:00,111,Eswatini,1163611,5715,19.0,114,0.0,5347,10.0,254,19,4911,98.0,45570,39163
2020-10-16,22:08:00,19:06:00,111,Eswatini,1163644,5733,18.0,115,1.0,5375,28.0,243,19,4927,99.0,45570,39161
2020-10-17,23:01:00,19:58:00,111,Eswatini,1163677,5765,32.0,115,0.0,5392,17.0,258,19,4954,99.0,45570,39160
2020-10-18,22:05:00,19:03:00,111,Eswatini,1163709,5780,15.0,116,1.0,5415,23.0,249,19,4967,100.0,45570,39159
2020-10-19,22:05:00,18:59:00,111,Eswatini,1163742,5788,8.0,116,0.0,5427,12.0,245,19,4974,100.0,45570,39158
2020-10-20,22:05:00,19:04:00,111,Eswatini,1163775,5788,0.0,116,0.0,5427,0.0,245,19,4973,100.0,45570,39157
2020-10-21,22:05:00,19:03:00,111,Eswatini,1163808,5805,17.0,116,0.0,5453,26.0,236,19,4988,100.0,45870,39414
2020-10-22,22:05:00,19:04:00,111,Eswatini,1163841,5814,9.0,116,0.0,5468,15.0,230,19,4996,100.0,45870,39413
2020-10-23,22:05:00,19:02:00,111,Eswatini,1163873,5814,0.0,116,0.0,5468,0.0,230,19,4995,100.0,45870,39412
2020-10-24,23:41:00,20:40:00,111,Eswatini,1163906,5831,17.0,116,0.0,5485,17.0,230,19,5010,100.0,45870,39410
2020-10-25,23:00:00,20:58:00,111,Eswatini,1163939,5854,23.0,116,0.0,5502,17.0,236,19,5029,100.0,45870,39409
2020-10-26,23:00:00,20:56:00,111,Eswatini,1163972,5863,9.0,116,0.0,5511,9.0,236,19,5037,100.0,45870,39408
2020-10-27,23:00:00,20:58:00,111,Eswatini,1164005,5875,12.0,116,0.0,5524,13.0,235,19,5047,100.0,45870,39407
2020-10-28,23:00:00,20:58:00,111,Eswatini,1164037,5875,0.0,116,0.0,5524,0.0,235,19,5047,100.0,45870,39406
2020-10-29,23:00:00,20:57:00,111,Eswatini,1164070,5899,24.0,117,1.0,5542,18.0,240,19,5068,101.0,46202,39690
2020-10-30,23:00:00,20:58:00,111,Eswatini,1164103,5909,10.0,117,0.0,5557,15.0,235,19,5076,101.0,46202,39689
2020-10-31,23:00:00,20:59:00,111,Eswatini,1164136,5917,8.0,117,0.0,5646,89.0,154,8,5083,101.0,46202,39688
2020-11-01,23:00:00,20:59:00,111,Eswatini,1164169,5925,8.0,117,0.0,5652,6.0,156,8,5089,101.0,46202,39687
2020-11-02,23:00:00,20:57:00,111,Eswatini,1164201,5925,0.0,117,0.0,5652,0.0,156,8,5089,100.0,46202,39686
2020-11-03,23:00:00,20:59:00,111,Eswatini,1164234,5929,4.0,117,0.0,5657,5.0,155,8,5093,100.0,46202,39684
2020-11-04,23:00:00,20:57:00,111,Eswatini,1164267,5955,26.0,117,0.0,5686,29.0,152,13,5115,100.0,54637,46928
2020-11-05,23:00:00,20:59:00,111,Eswatini,1164300,5967,12.0,117,0.0,5694,8.0,156,13,5125,100.0,54637,46927
2020-11-06,23:00:00,20:58:00,111,Eswatini,1164333,5976,9.0,117,0.0,5704,10.0,155,9,5133,100.0,54637,46926
2020-11-07,23:00:00,20:57:00,111,Eswatini,1164365,5989,13.0,117,0.0,5719,15.0,153,9,5144,100.0,54637,46924
2020-11-08,23:00:00,20:49:00,111,Eswatini,1164398,5989,0.0,117,0.0,5719,0.0,153,9,5143,100.0,54637,46923
2020-11-09,23:00:00,20:59:00,111,Eswatini,1164431,6003,14.0,117,0.0,5724,5.0,162,9,5155,100.0,54972,47209
2020-11-10,23:00:00,20:59:00,111,Eswatini,1164464,6024,21.0,117,0.0,5737,13.0,170,11,5173,100.0,55197,47401
2020-11-11,23:00:00,20:56:00,111,Eswatini,1164497,6044,20.0,117,0.0,5744,7.0,183,11,5190,100.0,55197,47400
2020-11-12,23:00:00,20:59:00,111,Eswatini,1164529,6060,16.0,117,0.0,5746,2.0,197,11,5204,100.0,55197,47399
2020-11-13,23:00:00,20:58:00,111,Eswatini,1164562,6076,16.0,118,1.0,5756,10.0,202,11,5217,101.0,55197,47397
2020-11-14,23:00:00,20:57:00,111,Eswatini,1164595,6093,17.0,119,1.0,5771,15.0,203,11,5232,102.0,55197,47396
2020-11-15,23:00:00,20:53:00,111,Eswatini,1164628,6093,0.0,119,0.0,5771,0.0,203,11,5232,102.0,55197,47395
2020-11-16,23:00:00,20:59:00,111,Eswatini,1164661,6105,12.0,119,0.0,5790,19.0,196,11,5242,102.0,55581,47723
2020-11-17,23:00:00,20:58:00,111,Eswatini,1164693,6124,19.0,119,0.0,5812,22.0,193,11,5258,102.0,55581,47722
2020-11-18,23:00:00,20:57:00,111,Eswatini,1164726,6144,20.0,119,0.0,5826,14.0,199,11,5275,102.0,55581,47720
2020-11-19,23:00:00,20:59:00,111,Eswatini,1164759,6156,12.0,119,0.0,5831,5.0,206,11,5285,102.0,55581,47719
2020-11-20,23:00:00,20:59:00,111,Eswatini,1164792,6185,29.0,119,0.0,5839,8.0,227,11,5310,102.0,55581,47718
2020-11-21,23:00:00,20:58:00,111,Eswatini,1164825,6205,20.0,119,0.0,5850,11.0,236,11,5327,102.0,55581,47716
2020-11-22,23:00:00,20:59:00,111,Eswatini,1164857,6219,14.0,120,1.0,5858,8.0,241,11,5339,103.0,55581,47715
