Date,Scrap_time,Update_time_GMT,Country_id,Country,Population,TotalCases,NewCases,TotalDeaths,NewDeaths,TotalRecovered,NewRecovered,ActiveCases,SeriousCritical,Tot_Cases_1Mpop,Deaths_1Mpop,TotalTests,Tests_1Mpop
2020-08-02,20:00:00,,171,Faeroe Islands,48879,225,,,,189,,36,1.0,4603,,37550,768224
2020-08-08,20:00:00,,171,Faeroe Islands,48882,295,70.0,,,193,4.0,102,,6035,,46126,943619
2020-08-12,20:00:00,,171,Faeroe Islands,48884,324,29.0,,,225,32.0,99,,6628,,60000,1227395
2020-08-16,20:00:00,,171,Faeroe Islands,48886,370,46.0,,,225,0.0,145,,7569,,70650,1445199
2020-08-17,20:00:00,,171,Faeroe Islands,48887,373,3.0,,,229,4.0,144,,7630,,72346,1479862
2020-08-18,20:00:00,,171,Faeroe Islands,48887,377,4.0,,,235,6.0,142,,7712,,72346,1479862
2020-08-19,20:00:00,,171,Faeroe Islands,48888,377,0.0,,,235,0.0,142,4.0,7712,,73898,1511577
2020-08-20,17:53:00,,171,Faeroe Islands,48888,383,6.0,,,274,39.0,109,3.0,7834,,80312,1642775
2020-08-23,21:09:00,,171,Faeroe Islands,48890,384,1.0,,,300,26.0,84,4.0,7854,,81991,1677051
2020-08-24,17:10:00,,171,Faeroe Islands,48890,410,26.0,,,337,37.0,73,5.0,8386,,84934,1737247
2020-08-25,23:00:00,,171,Faeroe Islands,48891,411,1.0,,,344,7.0,67,5.0,8406,,88779,1815856
2020-08-26,22:59:00,,171,Faeroe Islands,48891,411,0.0,,,357,13.0,54,2.0,8406,,89790,1836534
2020-08-27,23:00:00,,171,Faeroe Islands,48892,411,0.0,,,358,1.0,53,2.0,8406,,90706,1855232
2020-08-28,23:01:00,,171,Faeroe Islands,48892,411,0.0,,,361,3.0,50,2.0,8406,,91793,1877465
2020-08-29,12:29:00,,171,Faeroe Islands,48893,411,0.0,,,361,0.0,50,2.0,8406,,91793,1877426
2020-08-30,23:00:00,,171,Faeroe Islands,48894,411,0.0,,,362,1.0,49,2.0,8406,,93086,1903833
2020-08-31,18:58:00,,171,Faeroe Islands,48894,411,0.0,,,374,12.0,37,2.0,8406,,95279,1948685
2020-09-01,23:00:00,,171,Faeroe Islands,48895,411,0.0,,,374,0.0,37,2.0,8406,,97762,1999427
2020-09-02,23:01:00,,171,Faeroe Islands,48895,411,0.0,,,374,0.0,37,2.0,8406,,97762,1999427
2020-09-03,23:01:00,,171,Faeroe Islands,48896,412,1.0,,,379,5.0,33,2.0,8426,,100300,2051293
2020-09-04,07:01:00,,171,Faeroe Islands,48896,412,0.0,,,379,0.0,33,2.0,8426,,100300,2051293
2020-09-05,23:31:00,,171,Faeroe Islands,48897,413,1.0,,,379,0.0,34,1.0,8446,,101926,2084504
2020-09-06,18:30:00,,171,Faeroe Islands,48897,413,0.0,,,379,0.0,34,1.0,8446,,102399,2094178
2020-09-07,23:39:00,,171,Faeroe Islands,48898,413,0.0,,,409,30.0,4,1.0,8446,,102850,2103358
2020-09-08,22:10:00,,171,Faeroe Islands,48898,414,1.0,,,409,0.0,5,1.0,8467,,104389,2134832
2020-09-10,22:01:00,,171,Faeroe Islands,48899,415,1.0,,,410,1.0,5,1.0,8487,,106397,2175852
2020-09-11,22:00:00,,171,Faeroe Islands,48900,416,1.0,,,410,0.0,6,1.0,8507,,107279,2193845
2020-09-12,22:22:00,,171,Faeroe Islands,48900,418,2.0,,,410,0.0,8,1.0,8548,,108159,2211840
2020-09-13,22:01:00,,171,Faeroe Islands,48901,423,5.0,,,410,0.0,13,1.0,8650,,108720,2223267
2020-09-14,22:04:00,,171,Faeroe Islands,48901,423,0.0,,,412,2.0,11,,8650,,109223,2233554
2020-09-15,21:00:00,,171,Faeroe Islands,48902,428,5.0,,,412,0.0,16,,8752,,110588,2261421
2020-09-16,21:01:00,,171,Faeroe Islands,48902,428,0.0,,,412,0.0,16,,8752,,111238,2274713
2020-09-18,20:01:00,,171,Faeroe Islands,48903,430,2.0,,,412,0.0,18,,8793,,113394,2318753
2020-09-19,21:00:00,,171,Faeroe Islands,48904,431,1.0,,,412,0.0,19,,8813,,114435,2339993
2020-09-20,22:31:00,,171,Faeroe Islands,48904,434,3.0,,,412,0.0,22,,8875,,115041,2352384
2020-09-21,21:01:00,,171,Faeroe Islands,48905,437,3.0,,,413,1.0,24,,8936,,115982,2371578
2020-09-22,21:01:00,,171,Faeroe Islands,48905,448,11.0,,,414,1.0,34,,9161,,119432,2442122
2020-09-23,19:58:00,,171,Faeroe Islands,48906,451,3.0,,,416,2.0,35,,9222,,121707,2488590
2020-09-24,21:00:00,,171,Faeroe Islands,48906,455,4.0,,,416,0.0,39,,9304,,124248,2540547
2020-09-25,21:00:00,,171,Faeroe Islands,48907,458,3.0,,,417,1.0,41,,9365,,125690,2569980
2020-09-26,21:00:00,,171,Faeroe Islands,48907,458,0.0,,,417,0.0,41,,9365,,125690,2569980
2020-09-27,22:45:00,,171,Faeroe Islands,48908,460,2.0,,,423,6.0,37,1.0,9405,,127384,2604564
2020-09-28,22:00:00,,171,Faeroe Islands,48908,460,0.0,,,423,0.0,37,1.0,9405,,127721,2611454
2020-09-29,21:35:00,,171,Faeroe Islands,48909,460,0.0,,,423,0.0,37,1.0,9405,,127721,2611401
2020-09-30,22:00:00,,171,Faeroe Islands,48909,467,7.0,,,429,6.0,38,1.0,9548,,129942,2656812
2020-10-01,21:31:00,,171,Faeroe Islands,48910,472,5.0,,,429,0.0,43,,9650,,131130,2681047
2020-10-02,22:36:00,,171,Faeroe Islands,48910,472,0.0,,,432,3.0,40,,9650,,132025,2699346
2020-10-03,22:24:00,,171,Faeroe Islands,48911,473,1.0,,,432,0.0,41,,9671,,133306,2725481
2020-10-04,21:01:00,,171,Faeroe Islands,48911,474,1.0,,,435,3.0,39,,9691,,133735,2734252
2020-10-05,22:13:00,,171,Faeroe Islands,48912,475,1.0,,,441,6.0,34,,9711,,134070,2741045
2020-10-06,23:01:00,,171,Faeroe Islands,48912,475,0.0,,,452,11.0,23,,9711,,135102,2762144
2020-10-07,23:01:00,,171,Faeroe Islands,48913,476,1.0,,,452,0.0,24,,9732,,135890,2778198
2020-10-08,23:59:00,,171,Faeroe Islands,48913,477,1.0,,,456,4.0,21,,9752,,136959,2800053
2020-10-09,23:00:00,,171,Faeroe Islands,48914,477,0.0,,,459,3.0,18,,9752,,136959,2799996
2020-10-10,23:00:00,,171,Faeroe Islands,48914,477,0.0,,,461,2.0,16,,9752,,138822,2838083
2020-10-12,23:10:00,,171,Faeroe Islands,48915,477,0.0,,,463,2.0,14,,9752,,140108,2864316
2020-10-13,23:01:00,,171,Faeroe Islands,48916,477,0.0,,,465,2.0,12,,9751,,141174,2886050
2020-10-14,23:01:00,,171,Faeroe Islands,48916,478,1.0,,,467,2.0,11,,9772,,141775,2898336
2020-10-15,14:09:00,11:06:00,171,Faeroe Islands,48917,478,0.0,,,467,0.0,11,,9772,,141775,2898277
2020-10-16,22:08:00,19:06:00,171,Faeroe Islands,48917,482,4.0,,,471,4.0,11,,9853,,143379,2931067
2020-10-17,23:01:00,19:58:00,171,Faeroe Islands,48918,483,1.0,,,472,1.0,11,,9874,,144882,2961732
2020-10-18,22:05:00,19:03:00,171,Faeroe Islands,48918,485,2.0,,,472,0.0,13,,9915,,145700,2978454
2020-10-19,22:05:00,18:59:00,171,Faeroe Islands,48919,485,0.0,,,472,0.0,13,,9914,,145700,2978393
2020-10-20,22:05:00,19:04:00,171,Faeroe Islands,48919,488,3.0,,,472,0.0,16,,9976,,147079,3006582
2020-10-21,22:05:00,19:03:00,171,Faeroe Islands,48920,488,0.0,,,473,1.0,15,,9975,,147786,3020973
2020-10-22,22:05:00,19:04:00,171,Faeroe Islands,48920,490,2.0,,,473,0.0,17,,10016,,148376,3033034
2020-10-23,22:05:00,19:02:00,171,Faeroe Islands,48921,490,0.0,,,473,0.0,17,,10016,,148376,3032972
2020-10-24,23:41:00,20:40:00,171,Faeroe Islands,48921,490,0.0,,,473,0.0,17,,10016,,148854,3042742
2020-10-25,23:00:00,20:58:00,171,Faeroe Islands,48922,490,0.0,,,478,5.0,12,,10016,,149673,3059421
2020-10-26,23:00:00,20:56:00,171,Faeroe Islands,48922,490,0.0,,,478,0.0,12,,10016,,150952,3085565
2020-10-27,23:00:00,20:58:00,171,Faeroe Islands,48923,494,4.0,,,478,0.0,16,,10098,,151668,3100137
2020-10-28,23:00:00,20:58:00,171,Faeroe Islands,48923,494,0.0,,,478,0.0,16,,10098,,151668,3100137
2020-10-29,23:00:00,20:57:00,171,Faeroe Islands,48924,494,0.0,,,479,1.0,15,,10097,,152906,3125378
2020-10-30,23:00:00,20:58:00,171,Faeroe Islands,48924,494,0.0,,,480,1.0,14,,10097,,153235,3132103
2020-10-31,23:00:00,20:59:00,171,Faeroe Islands,48925,494,0.0,,,480,0.0,14,,10097,,153235,3132039
2020-11-01,23:00:00,20:59:00,171,Faeroe Islands,48925,495,1.0,,,490,10.0,5,,10118,,154278,3153357
2020-11-02,23:00:00,20:57:00,171,Faeroe Islands,48926,495,0.0,,,490,0.0,5,,10117,,154511,3158055
2020-11-03,23:00:00,20:59:00,171,Faeroe Islands,48926,495,0.0,,,490,0.0,5,,10117,,155237,3172894
2020-11-04,23:00:00,20:57:00,171,Faeroe Islands,48927,495,0.0,,,490,0.0,5,,10117,,155237,3172829
2020-11-05,23:00:00,20:59:00,171,Faeroe Islands,48927,495,0.0,,,490,0.0,5,,10117,,156223,3192981
2020-11-06,23:00:00,20:58:00,171,Faeroe Islands,48928,495,0.0,,,492,2.0,3,,10117,,156744,3203564
2020-11-07,23:00:00,20:57:00,171,Faeroe Islands,48928,495,0.0,,,492,0.0,3,,10117,,156744,3203564
2020-11-08,23:00:00,20:49:00,171,Faeroe Islands,48929,497,2.0,,,493,1.0,4,,10158,,157689,3222813
2020-11-09,23:00:00,20:59:00,171,Faeroe Islands,48929,497,0.0,,,493,0.0,4,,10158,,157945,3228045
2020-11-10,23:00:00,20:59:00,171,Faeroe Islands,48930,497,0.0,,,493,0.0,4,,10157,,158680,3243000
2020-11-11,23:00:00,20:56:00,171,Faeroe Islands,48930,497,0.0,,,494,1.0,3,,10157,,159097,3251523
2020-11-12,23:00:00,20:59:00,171,Faeroe Islands,48931,497,0.0,,,494,0.0,3,,10157,,159832,3266477
2020-11-13,23:00:00,20:58:00,171,Faeroe Islands,48931,497,0.0,,,494,0.0,3,,10157,,159832,3266477
2020-11-14,23:00:00,20:57:00,171,Faeroe Islands,48932,497,0.0,,,494,0.0,3,,10157,,160905,3288339
2020-11-15,23:00:00,20:53:00,171,Faeroe Islands,48932,498,1.0,,,495,1.0,3,,10177,,161301,3296432
2020-11-16,23:00:00,20:59:00,171,Faeroe Islands,48933,498,0.0,,,495,0.0,3,,10177,,161610,3302679
2020-11-17,23:00:00,20:58:00,171,Faeroe Islands,48933,498,0.0,,,495,0.0,3,,10177,,161610,3302679
2020-11-18,23:00:00,20:57:00,171,Faeroe Islands,48934,498,0.0,,,495,0.0,3,,10177,,162225,3315180
2020-11-19,23:00:00,20:59:00,171,Faeroe Islands,48934,498,0.0,,,495,0.0,3,,10177,,163443,3340070
2020-11-20,23:00:00,20:59:00,171,Faeroe Islands,48935,498,0.0,,,495,0.0,3,,10177,,163443,3340002
2020-11-21,23:00:00,20:58:00,171,Faeroe Islands,48935,499,1.0,,,495,0.0,4,,10197,,163706,3345377
2020-11-22,23:00:00,20:59:00,171,Faeroe Islands,48936,500,1.0,,,497,2.0,3,,10217,,164512,3361779
2020-11-23,23:00:00,20:58:00,171,Faeroe Islands,48937,500,0.0,,,497,0.0,3,,10217,,164794,3367472
2020-11-24,23:00:00,20:57:00,171,Faeroe Islands,48937,500,0.0,,,498,1.0,2,,10217,,165364,3379120
2020-11-25,23:00:00,20:58:00,171,Faeroe Islands,48938,500,0.0,,,498,0.0,2,,10217,,165822,3388410
2020-11-26,23:00:00,20:47:00,171,Faeroe Islands,48938,500,0.0,,,498,0.0,2,,10217,,165822,3388410
2020-11-27,23:00:00,20:59:00,171,Faeroe Islands,48939,500,0.0,,,498,0.0,2,,10217,,166241,3396902
2020-11-28,23:00:00,20:46:00,171,Faeroe Islands,48939,502,2.0,,,498,0.0,4,,10258,,166881,3409980
2020-11-29,23:00:00,20:51:00,171,Faeroe Islands,48940,502,0.0,,,498,0.0,4,,10257,,166881,3409910
2020-11-30,23:00:00,20:57:00,171,Faeroe Islands,48940,503,1.0,,,498,0.0,5,,10278,,167731,3427278
2020-12-01,23:00:00,20:55:00,171,Faeroe Islands,48941,503,0.0,,,500,2.0,3,,10278,,168493,3442778
2020-12-02,23:00:00,20:58:00,171,Faeroe Islands,48941,503,0.0,,,500,0.0,3,,10278,,168493,3442778
2020-12-03,23:00:00,20:59:00,171,Faeroe Islands,48942,503,0.0,,,500,0.0,3,,10277,,168493,3442708
2020-12-04,23:00:00,20:57:00,171,Faeroe Islands,48942,505,2.0,,,500,0.0,5,,10318,,169645,3466246
2020-12-05,23:00:00,20:58:00,171,Faeroe Islands,48943,506,1.0,,,500,0.0,6,,10339,,170817,3490121
2020-12-06,23:00:00,20:51:00,171,Faeroe Islands,48943,510,4.0,,,501,1.0,9,,10420,,171175,3497436
2020-12-07,23:00:00,20:57:00,171,Faeroe Islands,48944,510,0.0,,,501,0.0,9,,10420,,171175,3497364
2020-12-08,23:00:00,20:59:00,171,Faeroe Islands,48944,514,4.0,,,502,1.0,12,,10502,,172325,3520861
2020-12-09,23:00:00,20:59:00,171,Faeroe Islands,48945,519,5.0,,,503,1.0,16,,10604,,172978,3534130
2020-12-10,23:00:00,20:59:00,171,Faeroe Islands,48945,519,0.0,,,503,0.0,16,,10604,,174047,3555971
2020-12-11,23:00:00,20:59:00,171,Faeroe Islands,48946,520,1.0,,,503,0.0,17,,10624,,174579,3566767
2020-12-12,23:00:00,20:58:00,171,Faeroe Islands,48946,525,5.0,,,506,3.0,19,,10726,,175642,3588485
2020-12-13,23:00:00,20:59:00,171,Faeroe Islands,48947,528,3.0,,,506,0.0,22,,10787,,176383,3603551
2020-12-14,23:35:00,21:34:00,171,Faeroe Islands,48947,528,0.0,,,506,0.0,22,,10787,,176383,3603551
2020-12-15,23:00:00,20:59:00,171,Faeroe Islands,48948,530,2.0,,,506,0.0,24,,10828,,177989,3636287
2020-12-16,23:00:00,20:58:00,171,Faeroe Islands,48948,532,2.0,,,512,6.0,20,,10869,,179137,3659741
2020-12-17,23:00:00,20:56:00,171,Faeroe Islands,48949,534,2.0,,,512,0.0,22,,10909,,180335,3684141
2020-12-18,23:00:00,20:57:00,171,Faeroe Islands,48949,534,0.0,,,516,4.0,18,1.0,10909,,181233,3702486
2020-12-19,23:59:00,22:11:00,171,Faeroe Islands,48950,539,5.0,,,516,0.0,23,,11011,,182959,3737671
2020-12-20,23:00:00,20:54:00,171,Faeroe Islands,48950,546,7.0,,,518,2.0,28,2.0,11154,,183962,3758161
2020-12-21,23:00:00,20:59:00,171,Faeroe Islands,48951,547,1.0,,,518,0.0,29,2.0,11174,,184931,3777880
2020-12-22,23:00:00,20:59:00,171,Faeroe Islands,48951,550,3.0,,,524,6.0,26,2.0,11236,,186713,3814284
2020-12-23,23:00:00,20:58:00,171,Faeroe Islands,48952,550,0.0,,,524,0.0,26,2.0,11235,,186713,3814206
2020-12-24,23:00:00,20:55:00,171,Faeroe Islands,48952,561,11.0,,,526,2.0,35,1.0,11460,,191632,3914692
2020-12-25,23:00:00,20:59:00,171,Faeroe Islands,48953,567,6.0,,,526,0.0,41,2.0,11583,,192496,3932262
2020-12-26,23:00:00,20:59:00,171,Faeroe Islands,48953,571,4.0,,,530,4.0,41,1.0,11664,,193324,3949176
2020-12-27,23:00:00,20:56:00,171,Faeroe Islands,48954,579,8.0,,,531,1.0,48,1.0,11827,,194510,3973322
2020-12-28,23:00:00,20:58:00,171,Faeroe Islands,48954,582,3.0,,,535,4.0,47,1.0,11889,,195209,3987601
2020-12-29,23:00:00,20:54:00,171,Faeroe Islands,48955,601,19.0,,,535,0.0,66,1.0,12277,,196479,4013461
2020-12-30,23:00:00,20:54:00,171,Faeroe Islands,48955,605,4.0,,,541,6.0,64,1.0,12358,,197487,4034052
2020-12-31,23:00:00,20:44:00,171,Faeroe Islands,48956,610,5.0,,,547,6.0,63,1.0,12460,,199165,4068245
2021-01-01,23:00:00,20:54:00,171,Faeroe Islands,48956,610,0.0,,,547,0.0,63,1.0,12460,,199165,4068245
2021-01-02,23:00:00,20:56:00,171,Faeroe Islands,48957,614,4.0,,,558,11.0,56,2.0,12542,,200549,4096432
2021-01-03,23:00:00,20:59:00,171,Faeroe Islands,48957,620,6.0,,,564,6.0,56,2.0,12664,,201388,4113569
2021-01-04,23:00:00,20:57:00,171,Faeroe Islands,48958,622,2.0,,,566,2.0,56,2.0,12705,,201495,4115671
2021-01-05,23:00:00,20:51:00,171,Faeroe Islands,48958,626,4.0,,,568,2.0,58,2.0,12786,,203657,4159831
2021-01-06,23:00:00,20:59:00,171,Faeroe Islands,48959,640,14.0,1.0,,579,11.0,60,1.0,13072,20.0,205976,4207112
2021-01-07,23:00:00,20:59:00,171,Faeroe Islands,48959,643,3.0,1.0,0.0,584,5.0,58,1.0,13133,20.0,207127,4230622
2021-01-08,23:00:00,20:59:00,171,Faeroe Islands,48960,644,1.0,1.0,0.0,584,0.0,59,1.0,13154,20.0,207887,4246058
2021-01-09,23:00:00,20:55:00,171,Faeroe Islands,48960,646,2.0,1.0,0.0,596,12.0,49,2.0,13194,20.0,208954,4267851
