Date,Scrap_time,Update_time_GMT,Country_id,Country,Population,TotalCases,NewCases,TotalDeaths,NewDeaths,TotalRecovered,NewRecovered,ActiveCases,SeriousCritical,Tot_Cases_1Mpop,Deaths_1Mpop,TotalTests,Tests_1Mpop
2020-08-02,20:00:00,,96,Finland,5541487,7453,,329,,6950,,174,,1345,59.0,366171,66078
2020-08-08,20:00:00,,96,Finland,5541628,7568,115.0,331,2.0,6980,30.0,257,,1366,60.0,407984,73622
2020-08-12,20:00:00,,96,Finland,5541722,7642,74.0,333,2.0,6980,0.0,329,1.0,1379,60.0,431318,77831
2020-08-16,20:00:00,,96,Finland,5541815,7731,89.0,333,0.0,7050,70.0,348,,1395,60.0,467080,84283
2020-08-17,20:00:00,,96,Finland,5541839,7752,21.0,334,1.0,7050,0.0,368,,1399,60.0,470300,84864
2020-08-18,20:00:00,,96,Finland,5541862,7776,24.0,334,0.0,7050,0.0,392,,1403,60.0,500021,90226
2020-08-19,20:00:00,,96,Finland,5541886,7805,29.0,334,0.0,7050,0.0,421,,1408,60.0,510428,92104
2020-08-20,17:53:00,,96,Finland,5541909,7842,37.0,334,0.0,7100,50.0,408,,1415,60.0,517936,93458
2020-08-23,21:09:00,,96,Finland,5541979,7920,78.0,334,0.0,7100,0.0,486,,1429,60.0,549303,99117
2020-08-24,17:10:00,,96,Finland,5542003,7938,18.0,335,1.0,7100,0.0,503,1.0,1432,60.0,551715,99552
2020-08-25,23:00:00,,96,Finland,5542026,7981,43.0,335,0.0,7100,0.0,546,1.0,1440,60.0,574141,103598
2020-08-26,22:59:00,,96,Finland,5542050,8002,21.0,335,0.0,7200,100.0,467,1.0,1444,60.0,596091,107558
2020-08-27,23:00:00,,96,Finland,5542073,8019,17.0,335,0.0,7200,0.0,484,1.0,1447,60.0,605929,109333
2020-08-28,23:01:00,,96,Finland,5542097,8042,23.0,335,0.0,7200,0.0,507,1.0,1451,60.0,615789,111111
2020-08-29,12:29:00,,96,Finland,5542120,8042,0.0,335,0.0,7200,0.0,507,1.0,1451,60.0,615789,111111
2020-08-30,23:00:00,,96,Finland,5542144,8077,35.0,335,0.0,7200,0.0,542,1.0,1457,60.0,637159,114966
2020-08-31,18:58:00,,96,Finland,5542167,8086,9.0,336,1.0,7200,0.0,550,1.0,1459,61.0,639500,115388
2020-09-01,23:00:00,,96,Finland,5542190,8142,56.0,336,0.0,7200,0.0,606,1.0,1469,61.0,668494,120619
2020-09-02,23:01:00,,96,Finland,5542214,8161,19.0,336,0.0,7350,150.0,475,1.0,1473,61.0,688858,124293
2020-09-03,23:01:00,,96,Finland,5542237,8200,39.0,336,0.0,7350,0.0,514,1.0,1480,61.0,702191,126698
2020-09-04,07:01:00,,96,Finland,5542261,8200,0.0,336,0.0,7350,0.0,514,1.0,1480,61.0,702191,126698
2020-09-05,23:31:00,,96,Finland,5542284,8261,61.0,336,0.0,7350,0.0,575,1.0,1491,61.0,730211,131753
2020-09-06,18:30:00,,96,Finland,5542308,8291,30.0,336,0.0,7350,0.0,605,1.0,1496,61.0,737733,133109
2020-09-07,23:39:00,,96,Finland,5542331,8327,36.0,336,0.0,7350,0.0,641,1.0,1502,61.0,745000,134420
2020-09-08,22:10:00,,96,Finland,5542355,8337,10.0,336,0.0,7350,0.0,651,1.0,1504,61.0,760700,137252
2020-09-09,22:01:00,,96,Finland,5542378,8430,93.0,337,1.0,7500,150.0,593,1.0,1521,61.0,768700,138695
2020-09-10,22:01:00,,96,Finland,5542401,8469,39.0,337,0.0,7500,0.0,632,1.0,1528,61.0,778851,140526
2020-09-11,22:00:00,,96,Finland,5542425,8512,43.0,337,0.0,7500,0.0,675,1.0,1536,61.0,789443,142436
2020-09-12,22:22:00,,96,Finland,5542448,8557,45.0,337,0.0,7500,0.0,720,1.0,1544,61.0,800466,144425
2020-09-13,22:01:00,,96,Finland,5542472,8580,23.0,337,0.0,7500,0.0,743,1.0,1548,61.0,802784,144842
2020-09-14,22:04:00,,96,Finland,5542495,8627,47.0,337,0.0,7500,0.0,790,1.0,1557,61.0,812249,146549
2020-09-15,21:00:00,,96,Finland,5542519,8725,98.0,339,2.0,7500,0.0,886,3.0,1574,61.0,828302,149445
2020-09-16,21:01:00,,96,Finland,5542542,8750,25.0,339,0.0,7700,200.0,711,3.0,1579,61.0,837173,151045
2020-09-18,20:01:00,,96,Finland,5542589,8858,108.0,339,0.0,7700,0.0,819,3.0,1598,61.0,866092,156261
2020-09-19,21:00:00,,96,Finland,5542612,8922,64.0,339,0.0,7700,0.0,883,3.0,1610,61.0,878728,158540
2020-09-20,22:31:00,,96,Finland,5542636,8980,58.0,339,0.0,7700,0.0,941,3.0,1620,61.0,882126,159153
2020-09-21,21:01:00,,96,Finland,5542659,9046,66.0,341,2.0,7700,0.0,1005,2.0,1632,62.0,891180,160786
2020-09-22,21:01:00,,96,Finland,5542683,9195,149.0,341,0.0,7700,0.0,1154,2.0,1659,62.0,908052,163829
2020-09-23,19:58:00,,96,Finland,5542706,9288,93.0,343,2.0,7850,150.0,1095,4.0,1676,62.0,926792,167209
2020-09-24,21:00:00,,96,Finland,5542730,9379,91.0,343,0.0,7850,0.0,1186,4.0,1692,62.0,937004,169051
2020-09-25,21:00:00,,96,Finland,5542753,9484,105.0,343,0.0,7850,0.0,1291,2.0,1711,62.0,950576,171499
2020-09-26,21:00:00,,96,Finland,5542777,9577,93.0,343,0.0,7850,0.0,1384,2.0,1728,62.0,960156,173227
2020-09-27,22:45:00,,96,Finland,5542800,9682,105.0,343,0.0,7850,0.0,1489,2.0,1747,62.0,960659,173317
2020-09-28,22:00:00,,96,Finland,5542823,9743,61.0,345,2.0,7850,0.0,1548,4.0,1758,62.0,975893,176064
2020-09-29,21:35:00,,96,Finland,5542847,9892,149.0,345,0.0,7850,0.0,1697,4.0,1785,62.0,1026084,185119
2020-09-30,22:00:00,,96,Finland,5542870,9992,100.0,344,,8100,250.0,1548,4.0,1803,62.0,1038721,187398
2020-10-01,21:31:00,,96,Finland,5542894,10103,111.0,344,0.0,8100,0.0,1659,4.0,1823,62.0,1050541,189529
2020-10-02,22:36:00,,96,Finland,5542917,10244,141.0,345,1.0,8100,0.0,1799,4.0,1848,62.0,1062584,191701
2020-10-03,22:24:00,,96,Finland,5542941,10391,147.0,345,0.0,8100,0.0,1946,4.0,1875,62.0,1071331,193278
2020-10-04,21:01:00,,96,Finland,5542964,10538,147.0,345,0.0,8100,0.0,2093,4.0,1901,62.0,1081369,195089
2020-10-05,22:13:00,,96,Finland,5542988,10702,164.0,346,1.0,8100,0.0,2256,8.0,1931,62.0,1084319,195620
2020-10-06,23:01:00,,96,Finland,5543011,10929,227.0,346,0.0,8100,0.0,2483,8.0,1972,62.0,1104828,199319
2020-10-07,23:01:00,,96,Finland,5543034,11049,120.0,346,0.0,8500,400.0,2203,5.0,1993,62.0,1111771,200571
2020-10-08,23:59:00,,96,Finland,5543058,11345,296.0,346,0.0,8500,0.0,2499,5.0,2047,62.0,1122200,202451
2020-10-09,23:00:00,,96,Finland,5543081,11580,235.0,346,0.0,8500,0.0,2734,5.0,2089,62.0,1159747,209224
2020-10-10,23:00:00,,96,Finland,5543105,11849,269.0,346,0.0,8500,0.0,3003,5.0,2138,62.0,1170662,211192
2020-10-12,23:10:00,,96,Finland,5543152,12212,363.0,346,0.0,8500,0.0,3366,10.0,2203,62.0,1190927,214847
2020-10-13,23:01:00,,96,Finland,5543175,12499,287.0,346,0.0,8500,0.0,3653,10.0,2255,62.0,1213000,218828
2020-10-14,23:01:00,,96,Finland,5543199,12703,204.0,350,4.0,9100,600.0,3253,8.0,2292,63.0,1248890,225301
2020-10-15,14:09:00,11:06:00,96,Finland,5543222,12944,241.0,350,0.0,9100,0.0,3494,8.0,2335,63.0,1266373,228454
2020-10-16,22:08:00,19:06:00,96,Finland,5543245,13133,189.0,351,1.0,9100,0.0,3682,6.0,2369,63.0,1279191,230766
2020-10-17,23:01:00,19:58:00,96,Finland,5543269,13293,160.0,351,0.0,9100,0.0,3842,6.0,2398,63.0,1287952,232345
2020-10-18,22:05:00,19:03:00,96,Finland,5543292,13424,131.0,351,0.0,9100,0.0,3973,6.0,2422,63.0,1299394,234408
2020-10-19,22:05:00,18:59:00,96,Finland,5543316,13555,131.0,351,0.0,9100,0.0,4104,7.0,2445,63.0,1301424,234774
2020-10-20,22:05:00,19:04:00,96,Finland,5543339,13849,294.0,351,0.0,9100,0.0,4398,7.0,2498,63.0,1328127,239590
2020-10-21,22:05:00,19:03:00,96,Finland,5543363,14071,222.0,355,4.0,9800,700.0,3916,7.0,2538,64.0,1333984,240645
2020-10-22,22:05:00,19:04:00,96,Finland,5543386,14255,184.0,355,0.0,9800,0.0,4100,7.0,2572,64.0,1351599,243822
2020-10-23,22:05:00,19:02:00,96,Finland,5543410,14474,219.0,353,-2.0,9800,0.0,4321,11.0,2611,64.0,1362069,245710
2020-10-24,23:41:00,20:40:00,96,Finland,5543433,14652,178.0,353,0.0,9800,0.0,4499,11.0,2643,64.0,1371913,247484
2020-10-25,23:00:00,20:58:00,96,Finland,5543456,14848,196.0,353,0.0,9800,0.0,4695,11.0,2678,64.0,1403061,253102
2020-10-26,23:00:00,20:56:00,96,Finland,5543480,14970,122.0,354,1.0,9800,0.0,4816,10.0,2700,64.0,1405603,253560
2020-10-27,23:00:00,20:58:00,96,Finland,5543503,15163,193.0,354,0.0,9800,0.0,5009,10.0,2735,64.0,1448500,261297
2020-10-28,23:00:00,20:58:00,96,Finland,5543527,15378,215.0,354,0.0,11300,1500.0,3724,10.0,2774,64.0,1460811,263517
2020-10-29,23:00:00,20:57:00,96,Finland,5543550,15566,188.0,354,0.0,11300,0.0,3912,10.0,2808,64.0,1504430,271384
2020-10-30,23:00:00,20:58:00,96,Finland,5543574,15910,344.0,358,4.0,11300,0.0,4252,10.0,2870,65.0,1512490,272837
2020-10-31,23:00:00,20:59:00,96,Finland,5543597,16113,203.0,358,0.0,11300,0.0,4455,10.0,2907,65.0,1532639,276470
2020-11-01,23:00:00,20:59:00,96,Finland,5543621,16291,178.0,358,0.0,11300,0.0,4633,10.0,2939,65.0,1537594,277363
2020-11-02,23:00:00,20:57:00,96,Finland,5543644,16400,109.0,359,1.0,11300,0.0,4741,13.0,2958,65.0,1541169,278006
2020-11-03,23:00:00,20:59:00,96,Finland,5543667,16637,237.0,359,0.0,11300,0.0,4978,13.0,3001,65.0,1548931,279405
2020-11-04,23:00:00,20:57:00,96,Finland,5543691,16930,293.0,361,2.0,12700,1400.0,3869,15.0,3054,65.0,1565694,282428
2020-11-05,23:00:00,20:59:00,96,Finland,5543714,17119,189.0,361,0.0,12700,0.0,4058,15.0,3088,65.0,1575708,284233
2020-11-06,23:00:00,20:58:00,96,Finland,5543738,17385,266.0,362,1.0,12700,0.0,4323,13.0,3136,65.0,1596308,287948
2020-11-07,23:00:00,20:57:00,96,Finland,5543761,17385,0.0,362,0.0,12700,0.0,4323,13.0,3136,65.0,1596308,287947
2020-11-08,23:00:00,20:49:00,96,Finland,5543785,17797,412.0,362,0.0,12700,0.0,4735,13.0,3210,65.0,1619352,292102
2020-11-09,23:00:00,20:59:00,96,Finland,5543808,17887,90.0,363,1.0,12700,0.0,4824,13.0,3226,65.0,1619634,292152
2020-11-10,23:00:00,20:59:00,96,Finland,5543832,18107,220.0,363,0.0,12700,0.0,5044,13.0,3266,65.0,1655627,298643
2020-11-11,23:00:00,20:56:00,96,Finland,5543855,18345,238.0,365,2.0,14000,1300.0,3980,14.0,3309,66.0,1659264,299298
2020-11-12,23:00:00,20:59:00,96,Finland,5543878,18542,197.0,365,0.0,14000,0.0,4177,14.0,3345,66.0,1681594,303324
2020-11-13,23:00:00,20:58:00,96,Finland,5543902,18858,316.0,369,4.0,14000,0.0,4489,15.0,3402,67.0,1695326,305800
2020-11-14,23:00:00,20:57:00,96,Finland,5543925,19102,244.0,369,0.0,14000,0.0,4733,15.0,3446,67.0,1708992,308264
2020-11-15,23:00:00,20:53:00,96,Finland,5543949,19315,213.0,369,0.0,14000,0.0,4946,15.0,3484,67.0,1710217,308484
2020-11-16,23:00:00,20:59:00,96,Finland,5543972,19419,104.0,371,2.0,14000,0.0,5048,13.0,3503,67.0,1723663,310908
2020-11-17,23:00:00,20:58:00,96,Finland,5543996,19647,228.0,371,0.0,14000,0.0,5276,13.0,3544,67.0,1739850,313826
2020-11-18,23:00:00,20:57:00,96,Finland,5544019,19935,288.0,374,3.0,15300,1300.0,4261,12.0,3596,67.0,1751896,315997
2020-11-19,23:00:00,20:59:00,96,Finland,5544043,20286,351.0,374,0.0,15300,0.0,4612,12.0,3659,67.0,1767010,318722
2020-11-20,23:00:00,20:59:00,96,Finland,5544066,20747,461.0,375,1.0,15300,0.0,5072,10.0,3742,68.0,1782294,321478
2020-11-21,23:00:00,20:58:00,96,Finland,5544089,21216,469.0,375,0.0,15300,0.0,5541,10.0,3827,68.0,1791727,323178
2020-11-22,23:00:00,20:59:00,96,Finland,5544113,21639,423.0,375,0.0,15300,0.0,5964,10.0,3903,68.0,1816737,327688
2020-11-23,23:00:00,20:58:00,96,Finland,5544136,21936,297.0,384,9.0,15300,0.0,6252,15.0,3957,69.0,1818817,328061
2020-11-24,23:00:00,20:57:00,96,Finland,5544160,22289,353.0,384,0.0,15300,0.0,6605,15.0,4020,69.0,1828805,329862
2020-11-25,23:00:00,20:58:00,96,Finland,5544183,22652,363.0,388,4.0,16800,1500.0,5464,21.0,4086,70.0,1858467,335210
2020-11-26,23:00:00,20:47:00,96,Finland,5544207,23148,496.0,388,0.0,16800,0.0,5960,21.0,4175,70.0,1872653,337768
2020-11-27,23:00:00,20:59:00,96,Finland,5544230,23766,618.0,393,5.0,16800,0.0,6573,19.0,4287,71.0,1880144,339117
2020-11-28,23:00:00,20:46:00,96,Finland,5544254,24307,541.0,393,0.0,16800,0.0,7114,19.0,4384,71.0,1930392,348179
2020-11-29,23:00:00,20:51:00,96,Finland,5544277,24629,322.0,393,0.0,16800,0.0,7436,19.0,4442,71.0,1934071,348841
2020-11-30,23:00:00,20:57:00,96,Finland,5544300,24912,283.0,399,6.0,16800,0.0,7713,18.0,4493,72.0,1934470,348911
2020-12-01,23:00:00,20:55:00,96,Finland,5544324,25462,550.0,399,0.0,16800,0.0,8263,18.0,4592,72.0,1960016,353518
2020-12-02,23:00:00,20:58:00,96,Finland,5544347,25882,420.0,408,9.0,18100,1300.0,7374,21.0,4668,74.0,1971368,355564
2020-12-03,23:00:00,20:59:00,96,Finland,5544371,26422,540.0,408,0.0,18100,0.0,7914,21.0,4766,74.0,1984815,357987
2020-12-04,23:00:00,20:57:00,96,Finland,5544394,26758,336.0,408,0.0,18100,0.0,8250,21.0,4826,74.0,2033123,366699
2020-12-05,23:00:00,20:58:00,96,Finland,5544418,27218,460.0,415,7.0,18100,0.0,8703,21.0,4909,75.0,2047284,369251
2020-12-06,23:00:00,20:51:00,96,Finland,5544441,27631,413.0,415,0.0,18100,0.0,9116,21.0,4984,75.0,2049857,369714
2020-12-07,23:00:00,20:57:00,96,Finland,5544465,27881,250.0,424,9.0,18100,0.0,9357,30.0,5029,76.0,2050313,369795
2020-12-08,23:00:00,20:59:00,96,Finland,5544488,28242,361.0,424,0.0,18100,0.0,9718,30.0,5094,76.0,2101955,379107
2020-12-09,23:00:00,20:59:00,96,Finland,5544511,28732,490.0,433,9.0,18100,0.0,10199,27.0,5182,78.0,2111412,380811
2020-12-10,23:00:00,20:59:00,96,Finland,5544535,29572,840.0,442,9.0,20000,1900.0,9130,25.0,5334,80.0,2136400,385316
2020-12-11,23:00:00,20:59:00,96,Finland,5544558,30073,501.0,453,11.0,20000,0.0,9620,26.0,5424,82.0,2151221,387988
2020-12-12,23:00:00,20:58:00,96,Finland,5544582,30450,377.0,453,0.0,20000,0.0,9997,26.0,5492,82.0,2163079,390125
2020-12-13,23:00:00,20:59:00,96,Finland,5544605,30810,360.0,453,0.0,20000,0.0,10357,26.0,5557,82.0,2169345,391253
2020-12-14,23:35:00,21:34:00,96,Finland,5544629,31110,300.0,461,8.0,20000,0.0,10649,28.0,5611,83.0,2169813,391336
2020-12-15,23:00:00,20:59:00,96,Finland,5544652,31459,349.0,466,5.0,20000,0.0,10993,35.0,5674,84.0,2217532,399941
2020-12-16,23:00:00,20:58:00,96,Finland,5544676,31870,411.0,472,6.0,22500,2500.0,8898,34.0,5748,85.0,2251705,406102
2020-12-17,23:00:00,20:56:00,96,Finland,5544699,32228,358.0,484,12.0,22500,0.0,9244,27.0,5812,87.0,2267488,408947
2020-12-18,23:00:00,20:57:00,96,Finland,5544722,32582,354.0,489,5.0,22500,0.0,9593,30.0,5876,88.0,2286398,412356
2020-12-19,23:59:00,22:11:00,96,Finland,5544746,32853,271.0,489,0.0,22500,0.0,9864,30.0,5925,88.0,2303406,415421
2020-12-20,23:00:00,20:54:00,96,Finland,5544769,33162,309.0,489,0.0,22500,0.0,10173,30.0,5981,88.0,2306497,415977
2020-12-21,23:00:00,20:59:00,96,Finland,5544793,33414,252.0,506,17.0,22500,0.0,10408,33.0,6026,91.0,2306700,416012
2020-12-22,23:00:00,20:59:00,96,Finland,5544816,33717,303.0,511,5.0,22500,0.0,10706,28.0,6081,92.0,2352020,424184
2020-12-23,23:00:00,20:58:00,96,Finland,5544840,34084,367.0,524,13.0,26000,3500.0,7560,26.0,6147,95.0,2369163,427273
2020-12-24,23:00:00,20:55:00,96,Finland,5544863,34447,363.0,524,0.0,26000,0.0,7923,26.0,6212,95.0,2395845,432084
2020-12-25,23:00:00,20:59:00,96,Finland,5544887,34648,201.0,524,0.0,26000,0.0,8124,26.0,6249,95.0,2398355,432535
2020-12-26,23:00:00,20:59:00,96,Finland,5544910,34821,173.0,524,0.0,26000,0.0,8297,26.0,6280,95.0,2400908,432993
2020-12-27,23:00:00,20:56:00,96,Finland,5544933,34977,156.0,524,0.0,26000,0.0,8453,26.0,6308,95.0,2401224,433048
2020-12-28,23:00:00,20:58:00,96,Finland,5544957,35137,160.0,546,22.0,26000,0.0,8591,29.0,6337,98.0,2401947,433177
2020-12-29,23:00:00,20:54:00,96,Finland,5544980,35420,283.0,550,4.0,26000,0.0,8870,30.0,6388,99.0,2447979,441477
2020-12-30,23:00:00,20:54:00,96,Finland,5545004,35858,438.0,556,6.0,29000,3000.0,6302,30.0,6467,100.0,2459793,443605
2020-12-31,23:00:00,20:44:00,96,Finland,5545027,36107,249.0,561,5.0,29000,0.0,6546,27.0,6512,101.0,2466484,444810
2021-01-01,23:00:00,20:54:00,96,Finland,5545051,36403,296.0,561,0.0,29000,0.0,6842,27.0,6565,101.0,2492302,449464
2021-01-02,23:00:00,20:56:00,96,Finland,5545074,36604,201.0,561,0.0,29000,0.0,7043,27.0,6601,101.0,2493880,449747
2021-01-03,23:00:00,20:59:00,96,Finland,5545098,36772,168.0,561,0.0,29000,0.0,7211,27.0,6631,101.0,2494441,449846
2021-01-04,23:00:00,20:57:00,96,Finland,5545121,36919,147.0,565,4.0,29000,0.0,7354,31.0,6658,102.0,2495178,449977
2021-01-05,23:00:00,20:51:00,96,Finland,5545144,37218,299.0,576,11.0,31000,2000.0,5642,25.0,6712,104.0,2520076,454465
