scrap_date,scrap_time,update date,update time-GMT,Country_id,Country,Population,TotalCases,NewCases,TotalDeaths,NewDeaths,TotalRecovered,NewRecovered,ActiveCases,"Serious,Critical",Tot_Cases_1M_pop,Deaths/1M pop,TotalTests,Tests_1M_pop,Continent_id
2020-08-02,20:00:00,2020-08-02,,19,France,65286338,187919,,30265,,81500,,76154,371,2878,464.0,2982302,45680,4
2020-08-08,20:00:00,2020-08-08,,19,France,65288699,197921,,30324,,82836,,84761,383,3031,464.0,4183143,64071,4
2020-08-12,20:00:00,2020-08-12,,19,France,65290273,204172,,30354,,82836,,90982,383,3127,465.0,5500000,84239,4
2020-08-16,20:00:00,2020-08-16,,19,France,65291847,215521,,30409,,83848,,101264,367,3301,466.0,6000000,91895,4
2020-08-17,20:00:00,2020-08-17,,19,France,65292241,219029,493.0,30429,19.0,83848,,104752,367,3355,466.0,6000000,91895,4
2020-08-18,20:00:00,2020-08-18,,19,France,65292634,221267,2238.0,30429,,84065,,106773,384,3389,466.0,6000000,91894,4
2020-08-19,20:00:00,2020-08-19,,19,France,65293028,221267,,30451,,84065,,106751,384,3389,466.0,6000000,91893,4
2020-08-20,17:53:00,2020-08-20,,19,France,65293421,225043,,30468,,84065,,110510,384,3447,467.0,6000000,91893,4
2020-08-23,21:09:00,2020-08-23,,19,France,65294602,242899,4897.0,30513,1.0,84950,,127436,380,3720,467.0,6000000,91891,4
2020-08-24,17:10:00,2020-08-24,,19,France,65294995,242899,,30513,,84973,,127413,383,3720,467.0,6000000,91891,4
2020-08-25,23:00:00,2020-08-25,,19,France,65295389,248158,3304.0,30544,16.0,85524,325.0,132090,410,3801,468.0,6000000,91890,4
2020-08-26,22:59:00,2020-08-26,,19,France,65295782,253587,5429.0,30544,,85524,,137519,410,3884,468.0,6000000,91890,4
2020-08-27,23:00:00,2020-08-27,,19,France,65296176,259698,6111.0,30576,32.0,85984,460.0,143138,381,3977,468.0,6000000,91889,4
2020-08-28,23:01:00,2020-08-28,,19,France,65296569,267077,7379.0,30596,20.0,86177,193.0,150304,387,4090,469.0,6030812,92360,4
2020-08-29,12:29:00,2020-08-29,,19,France,65296963,267077,,30596,,86177,,150304,387,4090,469.0,6030812,92360,4
2020-08-30,23:00:00,2020-08-30,,19,France,65297356,277943,5413.0,30606,4.0,86177,,161160,387,4257,469.0,6323472,96841,4
2020-08-31,18:58:00,2020-08-31,,19,France,65297750,277943,,30606,,86177,,161160,402,4257,469.0,6323472,96841,4
2020-09-01,23:00:00,2020-09-01,,19,France,65298143,286007,4982.0,30661,26.0,86712,243.0,168634,424,4380,470.0,7500000,114858,4
2020-09-02,23:01:00,2020-09-02,,19,France,65298537,293024,7017.0,30686,25.0,86963,251.0,175375,446,4487,470.0,7500000,114857,4
2020-09-03,23:01:00,2020-09-03,,19,France,65298930,300181,7157.0,30706,20.0,87206,243.0,182269,464,4597,470.0,7500000,114856,4
2020-09-04,07:01:00,2020-09-04,,19,France,65299323,300181,,30706,,87206,,182269,464,4597,470.0,7500000,114856,4
2020-09-05,23:31:00,2020-09-05,,19,France,65299717,317706,8550.0,30724,,87206,,199776,464,4865,471.0,8500000,130169,4
2020-09-06,18:30:00,2020-09-06,,19,France,65300110,317706,,30724,,87447,,199535,473,4865,471.0,8500000,130168,4
2020-09-07,23:39:00,2020-09-07,,19,France,65300504,328980,4203.0,30726,25.0,87836,389.0,210418,537,5038,471.0,8500000,130167,4
2020-09-08,22:10:00,2020-09-08,,19,France,65300897,335524,6544.0,30764,38.0,88226,390.0,216534,574,5138,471.0,8500000,130167,4
2020-09-09,22:01:00,2020-09-09,,19,France,65301291,344101,8577.0,30794,30.0,88226,,225081,574,5269,472.0,8500000,130166,4
2020-09-10,22:01:00,2020-09-10,,19,France,65301684,353944,9843.0,30813,19.0,88742,218.0,234389,615,5420,472.0,10000000,153135,4
2020-09-11,22:00:00,2020-09-11,,19,France,65302078,363350,9406.0,30893,80.0,89059,317.0,243398,635,5564,473.0,10000000,153134,4
2020-09-12,22:22:00,2020-09-12,,19,France,65302471,373911,10561.0,30910,17.0,89059,,253942,635,5726,473.0,10000000,153134,4
2020-09-13,22:01:00,2020-09-13,,19,France,65302865,381094,7183.0,30916,6.0,89059,,261119,635,5836,473.0,10000000,153133,4
2020-09-14,22:04:00,2020-09-14,,19,France,65303258,387252,6158.0,30950,34.0,89507,448.0,266795,712,5930,474.0,10000000,153132,4
2020-09-15,21:00:00,2020-09-15,,19,France,65303652,387252,,30950,,89507,,266795,712,5930,474.0,10000000,153131,4
2020-09-16,21:01:00,2020-09-16,,19,France,65304045,404888,9784.0,31045,46.0,89891,,283952,759,6200,475.0,10000000,153130,4
2020-09-18,20:01:00,2020-09-18,,19,France,65304832,415481,,31095,,90840,,293546,800,6362,476.0,10000000,153128,4
2020-09-19,21:00:00,2020-09-19,,19,France,65305226,442194,13498.0,31274,26.0,91574,,319346,827,6771,479.0,10000000,153127,4
2020-09-20,22:31:00,2020-09-20,,19,France,65305619,442194,,31274,,91574,,319346,827,6771,479.0,10000000,153126,4
2020-09-21,21:01:00,2020-09-21,,19,France,65306013,458061,5298.0,31338,53.0,91574,,335149,827,7014,480.0,10000000,153125,4
2020-09-22,21:01:00,2020-09-22,,19,France,65306406,458061,,31338,,93008,,333715,919,7014,480.0,10000000,153124,4
2020-09-23,19:58:00,2020-09-23,,19,France,65306800,468069,,31416,,93538,,343115,951,7167,481.0,10000000,153123,4
2020-09-24,21:00:00,2020-09-24,,19,France,65307193,481141,,31459,,93538,,356144,951,7367,482.0,10000000,153122,4
2020-09-25,21:00:00,2020-09-25,,19,France,65307587,497237,,31511,,94413,,371313,1048,7614,483.0,10035395,153664,4
2020-09-26,21:00:00,2020-09-26,,19,France,65307980,527446,14412.0,31700,39.0,94891,,400855,1098,8076,485.0,10218319,156464,4
2020-09-27,22:45:00,2020-09-27,,19,France,65308374,538569,11123.0,31727,27.0,94891,,411951,1098,8247,486.0,10556474,161640,4
2020-09-28,22:00:00,2020-09-28,,19,France,65308767,542639,4070.0,31808,81.0,95426,535.0,415405,1118,8309,487.0,10712335,164026,4
2020-09-29,21:35:00,2020-09-29,,19,France,65309161,550690,8051.0,31893,85.0,96327,901.0,422470,1204,8432,488.0,10806709,165470,4
2020-09-30,22:00:00,2020-09-30,,19,France,65309554,563535,12845.0,31956,63.0,96797,470.0,434782,1238,8629,489.0,10841327,165999,4
2020-10-01,21:31:00,2020-10-01,,19,France,65309948,577505,13970.0,32019,63.0,96797,,448689,1238,8843,490.0,10841327,165998,4
2020-10-02,22:36:00,2020-10-02,,19,France,65310341,589653,12148.0,32155,136.0,97778,981.0,459720,1276,9028,492.0,11174392,171097,4
2020-10-03,22:24:00,2020-10-03,,19,France,65310735,606625,16972.0,32198,49.0,97778,,476649,1276,9288,493.0,11174392,171096,4
2020-10-04,21:01:00,2020-10-04,,19,France,65311128,606625,,32198,,97778,,476649,1276,9288,493.0,11174392,171095,4
2020-10-05,22:13:00,2020-10-05,,19,France,65311522,624274,5084.0,32299,69.0,98680,902.0,493295,1415,9558,495.0,11616000,177855,4
2020-10-06,23:01:00,2020-10-06,,19,France,65311915,634763,10489.0,32365,66.0,99295,615.0,503103,1426,9719,496.0,11699517,179133,4
2020-10-07,23:01:00,2020-10-07,,19,France,65312309,653509,18746.0,32445,80.0,99793,498.0,521271,1416,10006,497.0,11723039,179492,4
2020-10-08,23:59:00,2020-10-08,,19,France,65312702,671638,18129.0,32521,76.0,100306,513.0,538811,1427,10283,498.0,11900095,182202,4
2020-10-09,23:00:00,2020-10-09,,19,France,65313096,691977,20339.0,32583,62.0,100828,522.0,558566,1448,10595,499.0,12061094,184666,4
2020-10-10,23:00:00,2020-10-10,,19,France,65313489,718873,26896.0,32637,54.0,100828,,585408,1448,11007,500.0,12061094,184665,4
2020-10-12,23:10:00,2020-10-12,,19,France,65314276,743479,8505.0,32779,96.0,100828,,609872,1448,11383,502.0,12394558,189768,4
2020-10-13,23:01:00,2020-10-13,,19,France,65314670,756472,12993.0,32942,117.0,102680,1852.0,620850,1642,11582,504.0,12679122,194124,4
2020-10-14,23:01:00,2020-10-14,,19,France,65315063,779063,22591.0,33037,104.0,103413,733.0,642613,1673,11928,506.0,12710074,194596,4
2020-10-15,14:09:00,2020-10-15,11:06:00,19,France,65315457,779063,,33037,,103413,,642613,1673,11928,506.0,12710074,194595,4
2020-10-16,22:08:00,2020-10-16,19:06:00,19,France,65315850,834770,25086.0,33247,122.0,104082,,697441,1750,12781,509.0,13128805,201005,4
2020-10-17,23:01:00,2020-10-17,19:58:00,19,France,65316244,867197,32427.0,33392,89.0,104696,,729109,1800,13277,511.0,13336528,204184,4
2020-10-18,14:32:00,2020-10-18,11:25:00,19,France,65316637,867197,,33392,,104696,,729109,1800,13277,511.0,13336528,204183,4
