scrap_date,scrap_time,update_time_GMT,Country_id,Country,Population,TotalCases,NewCases,TotalDeaths,NewDeaths,TotalRecovered,NewRecovered,ActiveCases,SeriousCritical,Tot_Cases_1Mpop,Deaths_1Mpop,TotalTests,Tests_1Mpop
2020-08-02,20:00:00,,91,Gabon,2229844,7531,,50,,5223,,2258,11,3377,22.0,79255,35543
2020-08-08,20:00:00,,91,Gabon,2230707,7923,392.0,51,1.0,5704,481.0,2168,9,3552,23.0,89423,40087
2020-08-12,20:00:00,,91,Gabon,2231283,8006,83.0,51,0.0,5823,119.0,2132,9,3588,23.0,91767,41127
2020-08-16,20:00:00,,91,Gabon,2231858,8225,219.0,51,0.0,6277,454.0,1897,1,3685,23.0,100298,44939
2020-08-17,20:00:00,,91,Gabon,2232002,8225,0.0,51,0.0,6277,0.0,1897,1,3685,23.0,100298,44936
2020-08-18,20:00:00,,91,Gabon,2232146,8270,45.0,53,2.0,6404,127.0,1813,1,3705,24.0,102175,45774
2020-08-19,20:00:00,,91,Gabon,2232290,8270,0.0,53,0.0,6404,0.0,1813,1,3705,24.0,102175,45771
2020-08-20,17:53:00,,91,Gabon,2232434,8319,49.0,53,0.0,6614,210.0,1652,1,3726,24.0,104420,46774
2020-08-23,21:09:00,,91,Gabon,2232866,8388,69.0,53,0.0,6734,120.0,1601,2,3757,24.0,107403,48101
2020-08-24,17:10:00,,91,Gabon,2233009,8388,0.0,53,0.0,6734,0.0,1601,2,3756,24.0,107403,48098
2020-08-25,23:00:00,,91,Gabon,2233153,8409,21.0,53,0.0,6959,225.0,1397,2,3766,24.0,109360,48971
2020-08-26,22:59:00,,91,Gabon,2233297,8409,0.0,53,0.0,6959,0.0,1397,2,3765,24.0,109360,48968
2020-08-27,23:00:00,,91,Gabon,2233441,8468,59.0,53,0.0,7066,107.0,1349,2,3791,24.0,113295,50727
2020-08-28,23:01:00,,91,Gabon,2233585,8505,37.0,53,0.0,7187,121.0,1265,2,3808,24.0,116252,52047
2020-08-29,12:29:00,,91,Gabon,2233729,8505,0.0,53,0.0,7187,0.0,1265,2,3808,24.0,116252,52044
2020-08-30,23:00:00,,91,Gabon,2233873,8505,0.0,53,0.0,7187,0.0,1265,2,3807,24.0,116252,52041
2020-08-31,18:58:00,,91,Gabon,2234017,8505,0.0,53,0.0,7187,0.0,1265,2,3807,24.0,116252,52037
2020-09-01,23:00:00,,91,Gabon,2234160,8533,28.0,53,0.0,7264,77.0,1216,2,3819,24.0,118395,52993
2020-09-02,23:01:00,,91,Gabon,2234304,8533,0.0,53,0.0,7264,0.0,1216,2,3819,24.0,118395,52990
2020-09-03,23:01:00,,91,Gabon,2234448,8538,5.0,53,0.0,7335,71.0,1150,2,3821,24.0,122308,54737
2020-09-04,07:01:00,,91,Gabon,2234592,8538,0.0,53,0.0,7335,0.0,1150,2,3821,24.0,122308,54734
2020-09-05,23:31:00,,91,Gabon,2234736,8601,63.0,53,0.0,7424,89.0,1124,2,3849,24.0,122308,54730
2020-09-06,18:30:00,,91,Gabon,2234880,8601,0.0,53,0.0,7424,0.0,1124,2,3849,24.0,122308,54727
2020-09-07,23:39:00,,91,Gabon,2235024,8601,0.0,53,0.0,7424,0.0,1124,2,3848,24.0,122308,54723
2020-09-08,22:10:00,,91,Gabon,2235168,8608,7.0,53,0.0,7533,109.0,1022,2,3851,24.0,127759,57159
2020-09-09,22:01:00,,91,Gabon,2235312,8608,0.0,53,0.0,7533,0.0,1022,2,3851,24.0,127759,57155
2020-09-10,22:01:00,,91,Gabon,2235455,8621,13.0,53,0.0,7618,85.0,950,2,3856,24.0,131610,58874
2020-09-11,22:00:00,,91,Gabon,2235599,8621,0.0,53,0.0,7618,0.0,950,2,3856,24.0,131610,58870
2020-09-12,22:22:00,,91,Gabon,2235743,8643,22.0,53,0.0,7706,88.0,884,2,3866,24.0,135615,60658
2020-09-13,22:01:00,,91,Gabon,2235887,8643,0.0,53,0.0,7706,0.0,884,2,3866,24.0,135615,60654
2020-09-14,22:04:00,,91,Gabon,2236031,8643,0.0,53,0.0,7706,0.0,884,2,3865,24.0,135615,60650
2020-09-15,21:00:00,,91,Gabon,2236175,8654,11.0,53,0.0,7785,79.0,816,5,3870,24.0,139931,62576
2020-09-16,21:01:00,,91,Gabon,2236319,8654,0.0,53,0.0,7785,0.0,816,5,3870,24.0,139931,62572
2020-09-18,20:01:00,,91,Gabon,2236606,8678,24.0,53,0.0,7827,42.0,798,5,3880,24.0,143996,64381
2020-09-19,21:00:00,,91,Gabon,2236750,8696,18.0,53,0.0,7848,21.0,795,5,3888,24.0,147678,66023
2020-09-20,22:31:00,,91,Gabon,2236894,8696,0.0,53,0.0,7848,0.0,795,5,3888,24.0,147678,66019
2020-09-21,21:01:00,,91,Gabon,2237038,8696,0.0,53,0.0,7848,0.0,795,5,3887,24.0,147678,66015
2020-09-22,21:01:00,,91,Gabon,2237182,8704,8.0,54,1.0,7875,27.0,775,5,3891,24.0,152101,67988
2020-09-23,19:58:00,,91,Gabon,2237326,8704,0.0,54,0.0,7875,0.0,775,5,3890,24.0,152101,67983
2020-09-24,21:00:00,,91,Gabon,2237470,8716,12.0,54,0.0,7906,31.0,756,2,3895,24.0,157828,70539
2020-09-25,21:00:00,,91,Gabon,2237614,8716,0.0,54,0.0,7906,0.0,756,2,3895,24.0,157828,70534
2020-09-26,21:00:00,,91,Gabon,2237758,8728,12.0,54,0.0,7934,28.0,740,2,3900,24.0,163264,72959
2020-09-27,22:45:00,,91,Gabon,2237901,8728,0.0,54,0.0,7934,0.0,740,2,3900,24.0,163264,72954
2020-09-28,22:00:00,,91,Gabon,2238045,8728,0.0,54,0.0,7934,0.0,740,2,3900,24.0,163264,72949
2020-09-29,21:35:00,,91,Gabon,2238189,8728,0.0,54,0.0,7934,0.0,740,2,3900,24.0,163264,72945
2020-09-30,22:00:00,,91,Gabon,2238333,8752,24.0,54,0.0,7955,21.0,743,5,3910,24.0,168645,75344
2020-10-01,21:31:00,,91,Gabon,2238477,8766,14.0,54,0.0,8005,50.0,707,4,3916,24.0,174307,77869
2020-10-02,22:36:00,,91,Gabon,2238621,8766,0.0,54,0.0,8005,0.0,707,4,3916,24.0,174307,77864
2020-10-03,22:24:00,,91,Gabon,2238765,8797,31.0,54,0.0,8067,62.0,676,3,3929,24.0,180173,80479
2020-10-04,21:01:00,,91,Gabon,2238909,8797,0.0,54,0.0,8067,0.0,676,3,3929,24.0,180173,80474
2020-10-05,22:13:00,,91,Gabon,2239052,8797,0.0,54,0.0,8067,0.0,676,3,3929,24.0,180173,80468
2020-10-06,23:01:00,,91,Gabon,2239196,8808,11.0,54,0.0,8135,68.0,619,3,3934,24.0,185889,83016
2020-10-07,23:01:00,,91,Gabon,2239340,8808,0.0,54,0.0,8135,0.0,619,3,3933,24.0,185889,83011
2020-10-08,23:59:00,,91,Gabon,2239484,8815,7.0,54,0.0,8164,29.0,597,3,3936,24.0,192123,85789
2020-10-09,23:00:00,,91,Gabon,2239628,8815,0.0,54,0.0,8164,0.0,597,3,3936,24.0,192123,85783
2020-10-10,23:00:00,,91,Gabon,2239772,8835,20.0,54,0.0,8189,25.0,592,3,3945,24.0,198364,88564
2020-10-12,23:10:00,,91,Gabon,2240060,8835,0.0,54,0.0,8189,0.0,592,3,3944,24.0,198364,88553
2020-10-13,23:01:00,,91,Gabon,2240204,8860,25.0,54,0.0,8298,109.0,508,3,3955,24.0,201267,89843
2020-10-14,23:01:00,,91,Gabon,2240347,8860,0.0,54,0.0,8298,0.0,508,3,3955,24.0,201267,89837
2020-10-15,14:09:00,11:06:00,91,Gabon,2240491,8869,9.0,54,0.0,8395,97.0,420,3,3959,24.0,206362,92106
2020-10-16,22:08:00,19:06:00,91,Gabon,2240635,8869,0.0,54,0.0,8395,0.0,420,3,3958,24.0,206362,92100
2020-10-17,23:01:00,19:58:00,91,Gabon,2240779,8881,12.0,54,0.0,8430,35.0,397,3,3963,24.0,210482,93933
2020-10-18,22:05:00,19:03:00,91,Gabon,2240923,8881,0.0,54,0.0,8430,0.0,397,3,3963,24.0,210482,93926
2020-10-19,22:05:00,18:59:00,91,Gabon,2241067,8881,0.0,54,0.0,8430,0.0,397,3,3963,24.0,210482,93920
2020-10-20,22:05:00,19:04:00,91,Gabon,2241211,8884,3.0,54,0.0,8452,22.0,378,3,3964,24.0,213238,95144
2020-10-21,22:05:00,19:03:00,91,Gabon,2241355,8884,0.0,54,0.0,8452,0.0,378,3,3964,24.0,213238,95138
2020-10-22,22:05:00,19:04:00,91,Gabon,2241498,8901,17.0,54,0.0,8479,27.0,368,3,3971,24.0,218568,97510
2020-10-23,22:05:00,19:02:00,91,Gabon,2241642,8901,0.0,54,0.0,8479,0.0,368,3,3971,24.0,218568,97504
2020-10-24,23:41:00,20:40:00,91,Gabon,2241786,8919,18.0,54,0.0,8512,33.0,353,3,3979,24.0,225105,100413
2020-10-25,23:00:00,20:58:00,91,Gabon,2241930,8919,0.0,54,0.0,8512,0.0,353,3,3978,24.0,225105,100407
2020-10-26,23:00:00,20:56:00,91,Gabon,2242074,8919,0.0,54,0.0,8512,0.0,353,3,3978,24.0,225105,100400
2020-10-27,23:00:00,20:58:00,91,Gabon,2242218,8937,18.0,54,0.0,8548,36.0,335,3,3986,24.0,228427,101875
2020-10-28,23:00:00,20:58:00,91,Gabon,2242362,8937,0.0,54,0.0,8548,0.0,335,3,3986,24.0,228427,101869
2020-10-29,23:00:00,20:57:00,91,Gabon,2242506,8957,20.0,55,1.0,8619,71.0,283,3,3994,25.0,234341,104500
2020-10-30,23:00:00,20:58:00,91,Gabon,2242649,8957,0.0,55,0.0,8619,0.0,283,3,3994,25.0,234341,104493
2020-10-31,23:00:00,20:59:00,91,Gabon,2242793,8968,11.0,55,0.0,8698,79.0,215,3,3999,25.0,240328,107156
2020-11-01,23:00:00,20:59:00,91,Gabon,2242937,8968,0.0,55,0.0,8698,0.0,215,3,3998,25.0,240328,107149
2020-11-02,23:00:00,20:57:00,91,Gabon,2243081,8968,0.0,55,0.0,8698,0.0,215,3,3998,25.0,240328,107142
2020-11-03,23:00:00,20:59:00,91,Gabon,2243225,8984,16.0,55,0.0,8779,81.0,150,3,4005,25.0,245611,109490
2020-11-04,23:00:00,20:57:00,91,Gabon,2243369,8984,0.0,55,0.0,8779,0.0,150,3,4005,25.0,245611,109483
2020-11-05,23:00:00,20:59:00,91,Gabon,2243513,9005,21.0,55,0.0,8846,67.0,104,3,4014,25.0,249580,111245
2020-11-06,23:00:00,20:58:00,91,Gabon,2243657,9022,17.0,55,0.0,8878,32.0,89,10,4021,25.0,254291,113338
2020-11-07,23:00:00,20:57:00,91,Gabon,2243801,9022,0.0,55,0.0,8878,0.0,89,10,4021,25.0,254291,113330
2020-11-08,23:00:00,20:49:00,91,Gabon,2243944,9022,0.0,55,0.0,8878,0.0,89,10,4021,25.0,254291,113323
2020-11-09,23:00:00,20:59:00,91,Gabon,2244088,9029,7.0,57,2.0,8899,21.0,73,10,4023,25.0,257801,114880
2020-11-10,23:00:00,20:59:00,91,Gabon,2244232,9029,0.0,57,0.0,8899,0.0,73,10,4023,25.0,257801,114873
2020-11-11,23:00:00,20:56:00,91,Gabon,2244376,9048,19.0,57,0.0,8922,23.0,69,8,4031,25.0,260883,116239
2020-11-12,23:00:00,20:59:00,91,Gabon,2244520,9048,0.0,57,0.0,8922,0.0,69,8,4031,25.0,260883,116231
2020-11-13,23:00:00,20:58:00,91,Gabon,2244664,9048,0.0,57,0.0,8922,0.0,69,8,4031,25.0,260883,116224
2020-11-14,23:00:00,20:57:00,91,Gabon,2244808,9062,14.0,58,1.0,8939,17.0,65,7,4037,26.0,266271,118616
2020-11-15,23:00:00,20:53:00,91,Gabon,2244952,9062,0.0,58,0.0,8939,0.0,65,7,4037,26.0,266271,118609
2020-11-16,23:00:00,20:59:00,91,Gabon,2245095,9062,0.0,58,0.0,8939,0.0,65,7,4036,26.0,266271,118601
2020-11-17,23:00:00,20:58:00,91,Gabon,2245239,9084,22.0,58,0.0,8957,18.0,69,5,4046,26.0,270727,120578
2020-11-18,23:00:00,20:57:00,91,Gabon,2245383,9084,0.0,58,0.0,8957,0.0,69,5,4046,26.0,270727,120571
2020-11-19,23:00:00,20:59:00,91,Gabon,2245527,9084,0.0,58,0.0,8957,0.0,69,5,4045,26.0,270727,120563
2020-11-20,23:00:00,20:59:00,91,Gabon,2245671,9131,47.0,59,1.0,8976,19.0,96,3,4066,26.0,280595,124949
2020-11-21,23:00:00,20:58:00,91,Gabon,2245815,9131,0.0,59,0.0,8976,0.0,96,3,4066,26.0,280595,124941
2020-11-22,23:00:00,20:59:00,91,Gabon,2245959,9131,0.0,59,0.0,8976,0.0,96,3,4066,26.0,280595,124933
2020-11-23,23:00:00,20:58:00,91,Gabon,2246103,9131,0.0,59,0.0,8976,0.0,96,3,4065,26.0,280595,124925
2020-11-24,23:00:00,20:57:00,91,Gabon,2246247,9150,19.0,59,0.0,8999,23.0,92,8,4073,26.0,285065,126907
2020-11-25,23:00:00,20:58:00,91,Gabon,2246390,9173,23.0,59,0.0,9016,17.0,98,7,4083,26.0,291403,129721
2020-11-26,23:00:00,20:47:00,91,Gabon,2246534,9173,0.0,59,0.0,9016,0.0,98,7,4083,26.0,291403,129712
2020-11-27,23:00:00,20:59:00,91,Gabon,2246678,9173,0.0,59,0.0,9016,0.0,98,7,4083,26.0,291403,129704
2020-11-28,23:00:00,20:46:00,91,Gabon,2246822,9191,18.0,59,0.0,9037,21.0,95,7,4091,26.0,297443,132384
2020-11-29,23:00:00,20:51:00,91,Gabon,2246966,9191,0.0,59,0.0,9037,0.0,95,7,4090,26.0,297443,132375
2020-11-30,23:00:00,20:57:00,91,Gabon,2247110,9191,0.0,59,0.0,9037,0.0,95,7,4090,26.0,297443,132367
2020-12-01,23:00:00,20:55:00,91,Gabon,2247254,9214,23.0,60,1.0,9066,29.0,88,7,4100,27.0,303373,134997
2020-12-02,23:00:00,20:58:00,91,Gabon,2247398,9214,0.0,60,0.0,9066,0.0,88,7,4100,27.0,303373,134989
2020-12-03,23:00:00,20:59:00,91,Gabon,2247541,9239,25.0,60,0.0,9089,23.0,90,7,4111,27.0,303373,134980
2020-12-04,23:00:00,20:57:00,91,Gabon,2247685,9239,0.0,60,0.0,9089,0.0,90,7,4110,27.0,303373,134971
2020-12-05,23:00:00,20:58:00,91,Gabon,2247829,9254,15.0,60,0.0,9106,17.0,88,6,4117,27.0,311091,138396
2020-12-06,23:00:00,20:51:00,91,Gabon,2247973,9254,0.0,60,0.0,9106,0.0,88,6,4117,27.0,311091,138387
2020-12-07,23:00:00,20:57:00,91,Gabon,2248117,9278,24.0,60,0.0,9132,26.0,86,6,4127,27.0,315464,140324
2020-12-08,23:00:00,20:59:00,91,Gabon,2248261,9278,0.0,60,0.0,9132,0.0,86,6,4127,27.0,315464,140315
