Date,Scrap_time,Update_time_GMT,Country_id,Country,Population,TotalCases,NewCases,TotalDeaths,NewDeaths,TotalRecovered,NewRecovered,ActiveCases,SeriousCritical,Tot_Cases_1Mpop,Deaths_1Mpop,TotalTests,Tests_1Mpop
2020-08-02,20:00:00,,128,Gambia,2421823,498,,9,,68,,421,,206,4.0,4859,2006
2020-08-08,20:00:00,,128,Gambia,2422940,1090,592.0,19,10.0,146,78.0,925,,450,8.0,5183,2139
2020-08-12,20:00:00,,128,Gambia,2423685,1346,256.0,32,13.0,227,81.0,1087,,555,13.0,5484,2263
2020-08-16,20:00:00,,128,Gambia,2424430,1689,343.0,54,22.0,347,120.0,1288,,697,22.0,6312,2603
2020-08-17,20:00:00,,128,Gambia,2424616,1872,183.0,63,9.0,401,54.0,1408,,772,26.0,6312,2603
2020-08-18,20:00:00,,128,Gambia,2424802,2116,244.0,63,0.0,415,14.0,1638,,873,26.0,6312,2603
2020-08-19,20:00:00,,128,Gambia,2424988,2116,0.0,63,0.0,415,0.0,1638,,873,26.0,10472,4318
2020-08-20,17:53:00,,128,Gambia,2425175,2401,285.0,81,18.0,435,20.0,1885,,990,33.0,10781,4445
2020-08-23,21:09:00,,128,Gambia,2425733,2437,36.0,84,3.0,455,20.0,1898,,1005,35.0,10781,4444
2020-08-24,17:10:00,,128,Gambia,2425919,2685,248.0,87,3.0,490,35.0,2108,,1107,36.0,10781,4444
2020-08-25,23:00:00,,128,Gambia,2426106,2686,1.0,90,3.0,601,111.0,1995,,1107,37.0,11925,4915
2020-08-26,22:59:00,,128,Gambia,2426292,2708,22.0,93,3.0,611,10.0,2004,,1116,38.0,11925,4915
2020-08-27,23:00:00,,128,Gambia,2426478,2743,35.0,93,0.0,638,27.0,2012,,1130,38.0,12103,4988
2020-08-28,23:01:00,,128,Gambia,2426664,2797,54.0,96,3.0,743,105.0,1958,,1153,40.0,12103,4988
2020-08-29,12:29:00,,128,Gambia,2426851,2797,0.0,96,0.0,743,0.0,1958,,1153,40.0,12103,4987
2020-08-30,23:00:00,,128,Gambia,2427037,2895,98.0,96,0.0,751,8.0,2048,,1193,40.0,12460,5134
2020-08-31,18:58:00,,128,Gambia,2427223,2963,68.0,96,0.0,1032,281.0,1835,,1221,40.0,13354,5502
2020-09-01,23:00:00,,128,Gambia,2427409,3029,66.0,96,0.0,1032,0.0,1901,,1248,40.0,13354,5501
2020-09-02,23:01:00,,128,Gambia,2427595,3067,38.0,97,1.0,1032,0.0,1938,,1263,40.0,13354,5501
2020-09-03,23:01:00,,128,Gambia,2427782,3101,34.0,99,2.0,1075,43.0,1927,,1277,41.0,13354,5500
2020-09-04,07:01:00,,128,Gambia,2427968,3101,0.0,99,0.0,1075,0.0,1927,,1277,41.0,13354,5500
2020-09-05,23:31:00,,128,Gambia,2428154,3150,49.0,99,0.0,1315,240.0,1736,,1297,41.0,13636,5616
2020-09-06,18:30:00,,128,Gambia,2428340,3197,47.0,99,0.0,1315,0.0,1783,,1317,41.0,13838,5699
2020-09-07,23:39:00,,128,Gambia,2428527,3197,0.0,99,0.0,1315,0.0,1783,,1316,41.0,13838,5698
2020-09-08,22:10:00,,128,Gambia,2428713,3275,78.0,99,0.0,1424,109.0,1752,,1348,41.0,13838,5698
2020-09-10,22:01:00,,128,Gambia,2429085,3330,55.0,100,1.0,1460,36.0,1770,,1371,41.0,13947,5742
2020-09-11,22:00:00,,128,Gambia,2429272,3362,32.0,100,0.0,1582,122.0,1680,,1384,41.0,14090,5800
2020-09-12,22:22:00,,128,Gambia,2429458,3376,14.0,102,2.0,1617,35.0,1657,,1390,42.0,14232,5858
2020-09-13,22:01:00,,128,Gambia,2429644,3376,0.0,102,0.0,1617,0.0,1657,,1390,42.0,14232,5858
2020-09-14,22:04:00,,128,Gambia,2429830,3405,29.0,103,1.0,1723,106.0,1579,,1401,42.0,14410,5930
2020-09-15,21:00:00,,128,Gambia,2430016,3405,0.0,103,0.0,1723,0.0,1579,,1401,42.0,14410,5930
2020-09-16,21:01:00,,128,Gambia,2430203,3428,23.0,105,2.0,1737,14.0,1586,,1411,43.0,14410,5930
2020-09-18,20:01:00,,128,Gambia,2430575,3473,45.0,107,2.0,1951,214.0,1415,,1429,44.0,14554,5988
2020-09-19,21:00:00,,128,Gambia,2430761,3504,31.0,108,1.0,1992,41.0,1404,,1442,44.0,14749,6068
2020-09-20,22:31:00,,128,Gambia,2430948,3526,22.0,108,0.0,1992,0.0,1426,,1450,44.0,14749,6067
2020-09-21,21:01:00,,128,Gambia,2431134,3526,0.0,108,0.0,1992,0.0,1426,,1450,44.0,14749,6067
2020-09-22,21:01:00,,128,Gambia,2431320,3526,0.0,108,0.0,1992,0.0,1426,,1450,44.0,14749,6066
2020-09-23,19:58:00,,128,Gambia,2431506,3540,14.0,110,2.0,2002,10.0,1428,,1456,45.0,14749,6066
2020-09-24,21:00:00,,128,Gambia,2431692,3552,12.0,110,0.0,2012,10.0,1430,,1461,45.0,14956,6150
2020-09-25,21:00:00,,128,Gambia,2431879,3552,0.0,110,0.0,2012,0.0,1430,,1461,45.0,14956,6150
2020-09-26,21:00:00,,128,Gambia,2432065,3555,3.0,110,0.0,2034,22.0,1411,,1462,45.0,14956,6150
2020-09-27,22:45:00,,128,Gambia,2432251,3569,14.0,111,1.0,2161,127.0,1297,,1467,46.0,17472,7183
2020-09-28,22:00:00,,128,Gambia,2432437,3569,0.0,111,0.0,2161,0.0,1297,,1467,46.0,17472,7183
2020-09-29,21:35:00,,128,Gambia,2432624,3579,10.0,112,1.0,2161,0.0,1306,,1471,46.0,17472,7182
2020-09-30,22:00:00,,128,Gambia,2432810,3579,0.0,112,0.0,2161,0.0,1306,,1471,46.0,17472,7182
2020-10-01,21:31:00,,128,Gambia,2432996,3584,5.0,113,1.0,2216,55.0,1255,,1473,46.0,17472,7181
2020-10-02,22:36:00,,128,Gambia,2433182,3585,1.0,115,2.0,2224,8.0,1246,,1473,47.0,17472,7181
2020-10-03,22:24:00,,128,Gambia,2433368,3585,0.0,115,0.0,2224,0.0,1246,,1473,47.0,17472,7180
2020-10-04,21:01:00,,128,Gambia,2433555,3590,5.0,115,0.0,2226,2.0,1249,,1475,47.0,17472,7180
2020-10-05,22:13:00,,128,Gambia,2433741,3594,4.0,115,0.0,2226,0.0,1253,,1477,47.0,17472,7179
2020-10-06,23:01:00,,128,Gambia,2433927,3613,19.0,117,2.0,2233,7.0,1263,,1484,48.0,17690,7268
2020-10-07,23:01:00,,128,Gambia,2434113,3613,0.0,117,0.0,2233,0.0,1263,,1484,48.0,17690,7268
2020-10-08,23:59:00,,128,Gambia,2434300,3617,4.0,117,0.0,2437,204.0,1063,,1486,48.0,17842,7329
2020-10-09,23:00:00,,128,Gambia,2434486,3621,4.0,117,0.0,2489,52.0,1015,,1487,48.0,17926,7363
2020-10-10,23:00:00,,128,Gambia,2434672,3628,7.0,117,0.0,2540,51.0,971,,1490,48.0,17926,7363
2020-10-12,23:10:00,,128,Gambia,2435044,3632,4.0,117,0.0,2543,3.0,972,,1492,48.0,18043,7410
2020-10-13,23:01:00,,128,Gambia,2435231,3636,4.0,118,1.0,2593,50.0,925,,1493,48.0,18043,7409
2020-10-14,23:01:00,,128,Gambia,2435417,3642,6.0,118,0.0,2595,2.0,929,,1495,48.0,18043,7409
2020-10-15,14:09:00,11:06:00,128,Gambia,2435603,3642,0.0,118,0.0,2595,0.0,929,,1495,48.0,18043,7408
2020-10-16,22:08:00,19:06:00,128,Gambia,2435789,3644,2.0,118,0.0,2646,51.0,880,,1496,48.0,18043,7407
2020-10-17,23:01:00,19:58:00,128,Gambia,2435976,3649,5.0,118,0.0,2649,3.0,882,,1498,48.0,18193,7468
2020-10-18,22:05:00,19:03:00,128,Gambia,2436162,3649,0.0,118,0.0,2649,0.0,882,,1498,48.0,18193,7468
2020-10-19,22:05:00,18:59:00,128,Gambia,2436348,3649,0.0,118,0.0,2649,0.0,882,,1498,48.0,18279,7503
2020-10-20,22:05:00,19:04:00,128,Gambia,2436534,3649,0.0,118,0.0,2649,0.0,882,,1498,48.0,18279,7502
2020-10-21,22:05:00,19:03:00,128,Gambia,2436720,3655,6.0,118,0.0,2658,9.0,879,,1500,48.0,18479,7584
2020-10-22,22:05:00,19:04:00,128,Gambia,2436907,3657,2.0,118,0.0,2658,0.0,881,,1501,48.0,18564,7618
2020-10-23,22:05:00,19:02:00,128,Gambia,2437093,3659,2.0,119,1.0,2660,2.0,880,,1501,49.0,18564,7617
2020-10-24,23:41:00,20:40:00,128,Gambia,2437279,3659,0.0,119,0.0,2660,0.0,880,,1501,49.0,18657,7655
2020-10-25,23:00:00,20:58:00,128,Gambia,2437465,3659,0.0,119,0.0,2660,0.0,880,,1501,49.0,18657,7654
2020-10-26,23:00:00,20:56:00,128,Gambia,2437652,3660,1.0,119,0.0,2660,0.0,881,,1501,49.0,18657,7654
2020-10-27,23:00:00,20:58:00,128,Gambia,2437838,3665,5.0,119,0.0,2660,0.0,886,,1503,49.0,18657,7653
2020-10-28,23:00:00,20:58:00,128,Gambia,2438024,3666,1.0,119,0.0,2666,6.0,881,,1504,49.0,20561,8433
2020-10-29,23:00:00,20:57:00,128,Gambia,2438210,3666,0.0,119,0.0,2666,0.0,881,,1504,49.0,20561,8433
2020-10-30,23:00:00,20:58:00,128,Gambia,2438396,3666,0.0,119,0.0,2666,0.0,881,,1503,49.0,20561,8432
2020-10-31,23:00:00,20:59:00,128,Gambia,2438583,3670,4.0,119,0.0,2876,210.0,675,,1505,49.0,20772,8518
2020-11-01,23:00:00,20:59:00,128,Gambia,2438769,3672,2.0,119,0.0,3196,320.0,357,,1506,49.0,21088,8647
2020-11-02,23:00:00,20:57:00,128,Gambia,2438955,3672,0.0,119,0.0,3196,0.0,357,,1506,49.0,21088,8646
2020-11-03,23:00:00,20:59:00,128,Gambia,2439141,3672,0.0,119,0.0,3196,0.0,357,,1505,49.0,21088,8646
2020-11-04,23:00:00,20:57:00,128,Gambia,2439328,3679,7.0,120,1.0,3494,298.0,65,,1508,49.0,21103,8651
2020-11-05,23:00:00,20:59:00,128,Gambia,2439514,3680,1.0,120,0.0,3504,10.0,56,,1508,49.0,21103,8650
2020-11-06,23:00:00,20:58:00,128,Gambia,2439700,3681,1.0,120,0.0,3518,14.0,43,,1509,49.0,21225,8700
2020-11-07,23:00:00,20:57:00,128,Gambia,2439886,3684,3.0,121,1.0,3527,9.0,36,,1510,50.0,21708,8897
2020-11-08,23:00:00,20:49:00,128,Gambia,2440072,3684,0.0,121,0.0,3527,0.0,36,,1510,50.0,21708,8896
2020-11-09,23:00:00,20:59:00,128,Gambia,2440259,3684,0.0,121,0.0,3533,6.0,30,,1510,50.0,21832,8947
2020-11-10,23:00:00,20:59:00,128,Gambia,2440445,3696,12.0,122,1.0,3543,10.0,31,,1514,50.0,22084,9049
2020-11-11,23:00:00,20:56:00,128,Gambia,2440631,3697,1.0,122,0.0,3549,6.0,26,,1515,50.0,22125,9065
2020-11-12,23:00:00,20:59:00,128,Gambia,2440817,3697,0.0,122,0.0,3549,0.0,26,,1515,50.0,22125,9065
2020-11-13,23:00:00,20:58:00,128,Gambia,2441004,3698,1.0,122,0.0,3557,8.0,19,,1515,50.0,22362,9161
2020-11-14,23:00:00,20:57:00,128,Gambia,2441190,3702,4.0,122,0.0,3567,10.0,13,,1516,50.0,22362,9160
2020-11-15,23:00:00,20:53:00,128,Gambia,2441376,3702,0.0,122,0.0,3567,0.0,13,,1516,50.0,22362,9160
2020-11-16,23:00:00,20:59:00,128,Gambia,2441562,3702,0.0,122,0.0,3571,4.0,9,,1516,50.0,22362,9159
2020-11-17,23:00:00,20:58:00,128,Gambia,2441748,3705,3.0,122,0.0,3573,2.0,10,,1517,50.0,22813,9343
2020-11-18,23:00:00,20:57:00,128,Gambia,2441935,3705,0.0,122,0.0,3576,3.0,7,,1517,50.0,22863,9363
2020-11-19,23:00:00,20:59:00,128,Gambia,2442121,3705,0.0,122,0.0,3578,2.0,5,,1517,50.0,23094,9457
2020-11-20,23:00:00,20:59:00,128,Gambia,2442307,3706,1.0,122,0.0,3578,0.0,6,,1517,50.0,23385,9575
2020-11-21,23:00:00,20:58:00,128,Gambia,2442493,3716,10.0,122,0.0,3581,3.0,13,,1521,50.0,23690,9699
2020-11-22,23:00:00,20:59:00,128,Gambia,2442680,3726,10.0,123,1.0,3582,1.0,21,,1525,50.0,23883,9777
2020-11-23,23:00:00,20:58:00,128,Gambia,2442866,3726,0.0,123,0.0,3582,0.0,21,,1525,50.0,23883,9777
2020-11-24,23:00:00,20:57:00,128,Gambia,2443052,3726,0.0,123,0.0,3582,0.0,21,2.0,1525,50.0,24328,9958
2020-11-25,23:00:00,20:58:00,128,Gambia,2443238,3726,0.0,123,0.0,3585,3.0,18,2.0,1525,50.0,24363,9972
2020-11-26,23:00:00,20:47:00,128,Gambia,2443424,3727,1.0,123,0.0,3587,2.0,17,2.0,1525,50.0,24524,10037
2020-11-27,23:00:00,20:59:00,128,Gambia,2443611,3728,1.0,123,0.0,3588,1.0,17,2.0,1526,50.0,24524,10036
2020-11-28,23:00:00,20:46:00,128,Gambia,2443797,3731,3.0,123,0.0,3590,2.0,18,2.0,1527,50.0,24657,10090
2020-11-29,23:00:00,20:51:00,128,Gambia,2443983,3734,3.0,123,0.0,3591,1.0,20,2.0,1528,50.0,24868,10175
2020-11-30,23:00:00,20:57:00,128,Gambia,2444169,3734,0.0,123,0.0,3591,0.0,20,2.0,1528,50.0,24868,10174
2020-12-01,23:00:00,20:55:00,128,Gambia,2444356,3742,8.0,123,0.0,3601,10.0,18,2.0,1531,50.0,25226,10320
2020-12-02,23:00:00,20:58:00,128,Gambia,2444542,3743,1.0,123,0.0,3607,6.0,13,2.0,1531,50.0,25282,10342
2020-12-03,23:00:00,20:59:00,128,Gambia,2444728,3765,22.0,123,0.0,3609,2.0,33,2.0,1540,50.0,25431,10402
2020-12-04,23:00:00,20:57:00,128,Gambia,2444914,3767,2.0,123,0.0,3610,1.0,34,2.0,1541,50.0,25521,10438
2020-12-05,23:00:00,20:58:00,128,Gambia,2445100,3768,1.0,123,0.0,3613,3.0,32,2.0,1541,50.0,25812,10557
2020-12-06,23:00:00,20:51:00,128,Gambia,2445287,3770,2.0,123,0.0,3615,2.0,32,2.0,1542,50.0,26072,10662
2020-12-07,23:00:00,20:57:00,128,Gambia,2445473,3770,0.0,123,0.0,3615,0.0,32,2.0,1542,50.0,26072,10661
2020-12-08,23:00:00,20:59:00,128,Gambia,2445659,3772,2.0,123,0.0,3618,3.0,31,2.0,1542,50.0,26448,10814
2020-12-09,23:00:00,20:59:00,128,Gambia,2445845,3776,4.0,123,0.0,3631,13.0,22,1.0,1544,50.0,26604,10877
2020-12-10,23:00:00,20:59:00,128,Gambia,2446032,3776,0.0,123,0.0,3631,0.0,22,1.0,1544,50.0,26604,10876
2020-12-11,23:00:00,20:59:00,128,Gambia,2446218,3779,3.0,123,0.0,3645,14.0,11,1.0,1545,50.0,26714,10921
2020-12-12,23:00:00,20:58:00,128,Gambia,2446404,3779,0.0,123,0.0,3645,0.0,11,1.0,1545,50.0,26851,10976
2020-12-13,23:00:00,20:59:00,128,Gambia,2446590,3782,3.0,123,0.0,3647,2.0,12,1.0,1546,50.0,27056,11059
2020-12-14,23:35:00,21:34:00,128,Gambia,2446776,3782,0.0,123,0.0,3647,0.0,12,1.0,1546,50.0,27056,11058
2020-12-15,23:00:00,20:59:00,128,Gambia,2446963,3782,0.0,123,0.0,3647,0.0,12,1.0,1546,50.0,27056,11057
2020-12-16,23:00:00,20:58:00,128,Gambia,2447149,3785,3.0,123,0.0,3653,6.0,9,1.0,1547,50.0,27414,11202
2020-12-17,23:00:00,20:56:00,128,Gambia,2447335,3786,1.0,123,0.0,3653,0.0,10,1.0,1547,50.0,27727,11329
2020-12-18,23:00:00,20:57:00,128,Gambia,2447521,3786,0.0,123,0.0,3654,1.0,9,1.0,1547,50.0,27850,11379
2020-12-19,23:59:00,22:11:00,128,Gambia,2447708,3786,0.0,123,0.0,3654,0.0,9,1.0,1547,50.0,27850,11378
2020-12-20,23:00:00,20:54:00,128,Gambia,2447894,3786,0.0,123,0.0,3656,2.0,7,1.0,1547,50.0,28041,11455
2020-12-21,23:00:00,20:59:00,128,Gambia,2448080,3786,0.0,123,0.0,3656,0.0,7,1.0,1547,50.0,28041,11454
2020-12-22,23:00:00,20:59:00,128,Gambia,2448266,3786,0.0,123,0.0,3656,0.0,7,1.0,1546,50.0,28041,11453
2020-12-23,23:00:00,20:58:00,128,Gambia,2448452,3791,5.0,123,0.0,3659,3.0,9,1.0,1548,50.0,28097,11475
2020-12-24,23:00:00,20:55:00,128,Gambia,2448639,3791,0.0,123,0.0,3659,0.0,9,1.0,1548,50.0,28097,11475
2020-12-25,23:00:00,20:59:00,128,Gambia,2448825,3791,0.0,123,0.0,3659,0.0,9,1.0,1548,50.0,28097,11474
2020-12-26,23:00:00,20:59:00,128,Gambia,2449011,3791,0.0,123,0.0,3659,0.0,9,1.0,1548,50.0,28097,11473
2020-12-27,23:00:00,20:56:00,128,Gambia,2449197,3793,2.0,123,0.0,3660,1.0,10,1.0,1549,50.0,28097,11472
2020-12-28,23:00:00,20:58:00,128,Gambia,2449384,3793,0.0,123,0.0,3660,0.0,10,1.0,1549,50.0,28097,11471
2020-12-29,23:00:00,20:54:00,128,Gambia,2449570,3793,0.0,123,0.0,3660,0.0,10,1.0,1548,50.0,28097,11470
2020-12-30,23:00:00,20:54:00,128,Gambia,2449756,3797,4.0,124,1.0,3664,4.0,9,1.0,1550,51.0,30012,12251
2020-12-31,23:00:00,20:44:00,128,Gambia,2449942,3797,0.0,124,0.0,3664,0.0,9,1.0,1550,51.0,30012,12250
2021-01-01,23:00:00,20:54:00,128,Gambia,2450128,3800,3.0,124,0.0,3669,5.0,7,1.0,1551,51.0,30012,12249
2021-01-02,23:00:00,20:56:00,128,Gambia,2450315,3800,0.0,124,0.0,3669,0.0,7,1.0,1551,51.0,30012,12248
2021-01-03,23:00:00,20:59:00,128,Gambia,2450501,3800,0.0,124,0.0,3669,0.0,7,1.0,1551,51.0,30012,12247
2021-01-04,23:00:00,20:57:00,128,Gambia,2450687,3800,0.0,124,0.0,3669,0.0,7,1.0,1551,51.0,30012,12246
2021-01-05,23:00:00,20:51:00,128,Gambia,2450873,3806,6.0,125,1.0,3677,8.0,4,1.0,1553,51.0,30012,12245
2021-01-06,23:00:00,20:59:00,128,Gambia,2451060,3812,6.0,125,0.0,3677,0.0,10,1.0,1555,51.0,30094,12278
2021-01-07,23:00:00,20:59:00,128,Gambia,2451246,3833,21.0,125,0.0,3677,0.0,31,1.0,1564,51.0,30094,12277
