Date,Scrap_time,Update_time_GMT,Country_id,Country,Population,TotalCases,NewCases,TotalDeaths,NewDeaths,TotalRecovered,NewRecovered,ActiveCases,SeriousCritical,Tot_Cases_1Mpop,Deaths_1Mpop,TotalTests,Tests_1Mpop
2020-08-02,20:00:00,,146,Georgia,3988472,1177,,17,,955,,205,5.0,295,4.0,225145,56449
2020-08-08,20:00:00,,146,Georgia,3988347,1216,39.0,17,0.0,996,41.0,203,,305,4.0,258525,64820
2020-08-12,20:00:00,,146,Georgia,3988264,1278,62.0,17,0.0,1058,62.0,203,,320,4.0,258525,64821
2020-08-16,20:00:00,,146,Georgia,3988180,1336,58.0,17,0.0,1088,30.0,231,,335,4.0,301183,75519
2020-08-17,20:00:00,,146,Georgia,3988160,1341,5.0,17,0.0,1092,4.0,232,,336,4.0,301183,75519
2020-08-18,20:00:00,,146,Georgia,3988139,1351,10.0,17,0.0,1092,0.0,242,,339,4.0,301183,75520
2020-08-19,20:00:00,,146,Georgia,3988118,1361,10.0,17,0.0,1098,6.0,246,,341,4.0,315142,79020
2020-08-20,17:53:00,,146,Georgia,3988097,1370,9.0,17,0.0,1108,10.0,245,,344,4.0,315142,79021
2020-08-23,21:09:00,,146,Georgia,3988035,1411,41.0,17,0.0,1132,24.0,262,,354,4.0,327436,82105
2020-08-24,17:10:00,,146,Georgia,3988014,1421,10.0,18,1.0,1137,5.0,266,,356,5.0,341166,85548
2020-08-25,23:00:00,,146,Georgia,3987993,1429,8.0,19,1.0,1150,13.0,260,,358,5.0,341166,85548
2020-08-26,22:59:00,,146,Georgia,3987972,1436,7.0,19,0.0,1150,0.0,267,,360,5.0,341166,85549
2020-08-27,23:00:00,,146,Georgia,3987951,1447,11.0,19,0.0,1190,40.0,238,,363,5.0,355486,89140
2020-08-28,23:01:00,,146,Georgia,3987930,1455,8.0,19,0.0,1196,6.0,240,,365,5.0,355486,89140
2020-08-29,12:29:00,,146,Georgia,3987910,1462,7.0,19,0.0,1196,0.0,247,,367,5.0,355486,89141
2020-08-30,23:00:00,,146,Georgia,3987889,1469,7.0,19,0.0,1221,25.0,229,,368,5.0,355486,89141
2020-08-31,18:58:00,,146,Georgia,3987868,1487,18.0,19,0.0,1240,19.0,228,,373,5.0,370858,92997
2020-09-01,23:00:00,,146,Georgia,3987847,1510,23.0,19,0.0,1253,13.0,238,,379,5.0,370858,92997
2020-09-02,23:01:00,,146,Georgia,3987826,1548,38.0,19,0.0,1270,17.0,259,,388,5.0,381236,95600
2020-09-03,23:01:00,,146,Georgia,3987805,1568,20.0,19,0.0,1279,9.0,270,,393,5.0,388485,97418
2020-09-04,07:01:00,,146,Georgia,3987785,1568,0.0,19,0.0,1279,0.0,270,,393,5.0,388485,97419
2020-09-05,23:31:00,,146,Georgia,3987764,1621,53.0,19,0.0,1302,23.0,300,,406,5.0,404061,101325
2020-09-06,18:30:00,,146,Georgia,3987743,1650,29.0,19,0.0,1310,8.0,321,,414,5.0,404061,101326
2020-09-07,23:39:00,,146,Georgia,3987722,1684,34.0,19,0.0,1315,5.0,350,,422,5.0,404061,101326
2020-09-08,22:10:00,,146,Georgia,3987701,1729,45.0,19,0.0,1321,6.0,389,,434,5.0,422452,105939
2020-09-10,22:01:00,,146,Georgia,3987660,1830,101.0,19,0.0,1334,13.0,477,,459,5.0,439848,110302
2020-09-11,22:00:00,,146,Georgia,3987639,1917,87.0,19,0.0,1354,20.0,544,,481,5.0,439848,110303
2020-09-12,22:22:00,,146,Georgia,3987618,2075,158.0,19,0.0,1363,9.0,693,,520,5.0,459585,115253
2020-09-13,22:01:00,,146,Georgia,3987597,2227,152.0,19,0.0,1369,6.0,839,,558,5.0,470696,118040
2020-09-14,22:04:00,,146,Georgia,3987576,2392,165.0,19,0.0,1369,0.0,1004,,600,5.0,470696,118041
2020-09-15,21:00:00,,146,Georgia,3987555,2562,170.0,19,0.0,1369,0.0,1174,,642,5.0,490207,122934
2020-09-16,21:01:00,,146,Georgia,3987535,2758,196.0,19,0.0,1412,43.0,1327,,692,5.0,503119,126173
2020-09-18,20:01:00,,146,Georgia,3987493,3119,361.0,19,0.0,1435,23.0,1665,,782,5.0,529121,132695
2020-09-19,21:00:00,,146,Georgia,3987472,3306,187.0,19,0.0,1481,46.0,1806,,829,5.0,529121,132696
2020-09-20,22:31:00,,146,Georgia,3987451,3502,196.0,19,0.0,1494,13.0,1989,,878,5.0,550489,138055
2020-09-21,21:01:00,,146,Georgia,3987430,3695,193.0,20,1.0,1534,40.0,2141,,927,5.0,550489,138056
2020-09-22,21:01:00,,146,Georgia,3987410,3913,218.0,23,3.0,1574,40.0,2316,,981,6.0,550489,138057
2020-09-23,19:58:00,,146,Georgia,3987389,4140,227.0,25,2.0,1643,69.0,2472,,1038,6.0,571486,143323
2020-09-24,21:00:00,,146,Georgia,3987368,4399,259.0,26,1.0,1705,62.0,2668,,1103,7.0,571486,143324
2020-09-25,21:00:00,,146,Georgia,3987347,4664,265.0,27,1.0,1759,54.0,2878,,1170,7.0,571486,143325
2020-09-26,21:00:00,,146,Georgia,3987326,4960,296.0,28,1.0,1819,60.0,3113,,1244,7.0,571486,143326
2020-09-27,22:45:00,,146,Georgia,3987305,5254,294.0,28,0.0,1906,87.0,3320,,1318,7.0,571486,143326
2020-09-28,22:00:00,,146,Georgia,3987285,5552,298.0,32,4.0,2054,148.0,3466,,1392,8.0,616348,154578
2020-09-29,21:35:00,,146,Georgia,3987264,5866,314.0,36,4.0,2324,270.0,3506,,1471,9.0,616348,154579
2020-09-30,22:00:00,,146,Georgia,3987243,6192,326.0,39,3.0,3120,796.0,3033,,1553,10.0,639816,160466
2020-10-01,21:31:00,,146,Georgia,3987222,6640,448.0,41,2.0,3419,299.0,3180,,1665,10.0,639816,160467
2020-10-02,22:36:00,,146,Georgia,3987201,7093,453.0,46,5.0,3714,295.0,3333,,1779,12.0,639816,160467
2020-10-03,22:24:00,,146,Georgia,3987180,7564,471.0,48,2.0,3992,278.0,3524,,1897,12.0,639816,160468
2020-10-04,21:01:00,,146,Georgia,3987160,8118,554.0,50,2.0,4244,252.0,3824,,2036,13.0,639816,160469
2020-10-05,22:13:00,,146,Georgia,3987139,8696,578.0,54,4.0,4619,375.0,4023,,2181,14.0,679169,170340
2020-10-06,23:01:00,,146,Georgia,3987118,9245,549.0,58,4.0,4887,268.0,4300,,2319,15.0,679169,170341
2020-10-07,23:01:00,,146,Georgia,3987097,9753,508.0,63,5.0,5235,348.0,4455,,2446,16.0,679169,170342
2020-10-08,23:59:00,,146,Georgia,3987076,10225,472.0,66,3.0,5553,318.0,4606,,2565,17.0,706806,177274
2020-10-09,23:00:00,,146,Georgia,3987055,10752,527.0,72,6.0,5866,313.0,4814,,2697,18.0,706806,177275
2020-10-10,23:00:00,,146,Georgia,3987034,11271,519.0,78,6.0,6119,253.0,5074,,2827,20.0,706806,177276
2020-10-12,23:10:00,,146,Georgia,3986993,12272,1001.0,93,15.0,6538,419.0,5641,,3078,23.0,706806,177278
2020-10-13,23:01:00,,146,Georgia,3986972,12841,569.0,102,9.0,6867,329.0,5872,,3221,26.0,706806,177279
2020-10-14,23:01:00,,146,Georgia,3986951,13521,680.0,109,7.0,7159,292.0,6253,,3391,27.0,706806,177280
2020-10-15,14:09:00,11:06:00,146,Georgia,3986930,14440,919.0,113,4.0,7367,208.0,6960,,3622,28.0,706806,177281
2020-10-16,22:08:00,19:06:00,146,Georgia,3986909,15327,887.0,124,11.0,7613,246.0,7590,,3844,31.0,763603,191528
2020-10-17,23:01:00,19:58:00,146,Georgia,3986889,16285,958.0,128,4.0,7827,214.0,8330,,4085,32.0,763603,191529
2020-10-18,22:05:00,19:03:00,146,Georgia,3986868,17477,1192.0,136,8.0,8060,233.0,9281,,4384,34.0,784676,196815
2020-10-19,22:05:00,18:59:00,146,Georgia,3986847,18663,1186.0,143,7.0,8338,278.0,10182,,4681,36.0,784676,196816
2020-10-20,22:05:00,19:04:00,146,Georgia,3986826,19857,1194.0,158,15.0,8666,328.0,11033,,4981,40.0,800789,200859
2020-10-21,22:05:00,19:03:00,146,Georgia,3986805,21208,1351.0,172,14.0,9003,337.0,12033,,5320,43.0,800789,200860
2020-10-22,22:05:00,19:04:00,146,Georgia,3986784,22803,1595.0,178,6.0,9401,398.0,13224,,5720,45.0,800789,200861
2020-10-23,22:05:00,19:02:00,146,Georgia,3986764,24562,1759.0,183,5.0,9751,350.0,14628,,6161,46.0,800789,200862
2020-10-24,23:41:00,20:40:00,146,Georgia,3986743,26503,1941.0,193,10.0,10163,412.0,16147,,6648,48.0,800789,200863
2020-10-25,23:00:00,20:58:00,146,Georgia,3986722,28431,1928.0,201,8.0,10767,604.0,17463,,7131,50.0,800789,200864
2020-10-26,23:00:00,20:56:00,146,Georgia,3986701,30303,1872.0,215,14.0,11370,603.0,18718,,7601,54.0,800789,200865
2020-10-27,23:00:00,20:58:00,146,Georgia,3986680,32127,1824.0,238,23.0,12632,1262.0,19257,,8059,60.0,860418,215823
2020-10-28,23:00:00,20:58:00,146,Georgia,3986659,33858,1731.0,253,15.0,14829,2197.0,18776,,8493,63.0,860418,215824
2020-10-29,23:00:00,20:57:00,146,Georgia,3986639,35567,1709.0,273,20.0,16904,2075.0,18390,,8922,68.0,860418,215825
2020-10-30,23:00:00,20:58:00,146,Georgia,3986618,37263,1696.0,285,12.0,19810,2906.0,17168,,9347,71.0,860418,215827
2020-10-31,23:00:00,20:59:00,146,Georgia,3986597,38936,1673.0,307,22.0,22691,2881.0,15938,,9767,77.0,860418,215828
2020-11-01,23:00:00,20:59:00,146,Georgia,3986576,40727,1791.0,335,28.0,25104,2413.0,15288,,10216,84.0,860418,215829
2020-11-02,23:00:00,20:57:00,146,Georgia,3986555,42579,1852.0,342,7.0,26800,1696.0,15437,,10681,86.0,860418,215830
2020-11-03,23:00:00,20:59:00,146,Georgia,3986534,44522,1943.0,362,20.0,28633,1833.0,15527,,11168,91.0,860418,215831
2020-11-04,23:00:00,20:57:00,146,Georgia,3986514,46817,2295.0,381,19.0,31170,2537.0,15266,,11744,96.0,860418,215832
2020-11-05,23:00:00,20:59:00,146,Georgia,3986493,49218,2401.0,401,20.0,33459,2289.0,15358,,12346,101.0,950253,238368
2020-11-06,23:00:00,20:58:00,146,Georgia,3986472,51993,2775.0,423,22.0,37019,3560.0,14551,,13042,106.0,950253,238369
2020-11-07,23:00:00,20:57:00,146,Georgia,3986451,54852,2859.0,441,18.0,39773,2754.0,14638,,13760,111.0,950253,238371
2020-11-08,23:00:00,20:49:00,146,Georgia,3986430,57753,2901.0,475,34.0,42572,2799.0,14706,,14487,119.0,975896,244804
2020-11-09,23:00:00,20:59:00,146,Georgia,3986409,60680,2927.0,499,24.0,45042,2470.0,15139,,15222,125.0,975896,244806
2020-11-10,23:00:00,20:59:00,146,Georgia,3986389,63650,2970.0,521,22.0,47390,2348.0,15739,,15967,131.0,975896,244807
2020-11-11,23:00:00,20:56:00,146,Georgia,3986368,66561,2911.0,566,45.0,49811,2421.0,16184,,16697,142.0,1012265,253932
2020-11-12,23:00:00,20:59:00,146,Georgia,3986347,69681,3120.0,599,33.0,52169,2358.0,16913,,17480,150.0,1012265,253933
2020-11-13,23:00:00,20:58:00,146,Georgia,3986326,73154,3473.0,636,37.0,55511,3342.0,17007,,18351,160.0,1012265,253934
2020-11-14,23:00:00,20:57:00,146,Georgia,3986305,76658,3504.0,669,33.0,58674,3163.0,17315,,19230,168.0,1012265,253936
2020-11-15,23:00:00,20:53:00,146,Georgia,3986284,79678,3020.0,703,34.0,62061,3387.0,16914,,19988,176.0,1012265,253937
2020-11-16,23:00:00,20:59:00,146,Georgia,3986264,82835,3157.0,733,30.0,65291,3230.0,16811,,20780,184.0,1012265,253938
2020-11-17,23:00:00,20:58:00,146,Georgia,3986243,85952,3117.0,778,45.0,68929,3638.0,16245,,21562,195.0,1012265,253940
2020-11-18,23:00:00,20:57:00,146,Georgia,3986222,89395,3443.0,815,37.0,71468,2539.0,17112,,22426,204.0,1012265,253941
2020-11-19,23:00:00,20:59:00,146,Georgia,3986201,93092,3697.0,853,38.0,73877,2409.0,18362,,23354,214.0,1012265,253942
2020-11-20,23:00:00,20:59:00,146,Georgia,3986180,96860,3768.0,894,41.0,77932,4055.0,18034,,24299,224.0,1012265,253944
2020-11-21,23:00:00,20:58:00,146,Georgia,3986159,100684,3824.0,927,33.0,81783,3851.0,17974,,25258,233.0,1012265,253945
2020-11-22,23:00:00,20:59:00,146,Georgia,3986139,104732,4048.0,976,49.0,85639,3856.0,18117,,26274,245.0,1106785,277658
2020-11-23,23:00:00,20:58:00,146,Georgia,3986118,108690,3958.0,1012,36.0,89170,3531.0,18508,,27267,254.0,1106785,277660
2020-11-24,23:00:00,20:57:00,146,Georgia,3986097,111818,3128.0,1051,39.0,92215,3045.0,18552,,28052,264.0,1133765,284430
2020-11-25,23:00:00,20:58:00,146,Georgia,3986076,114889,3071.0,1085,34.0,95581,3366.0,18223,,28823,272.0,1133765,284431
2020-11-26,23:00:00,20:47:00,146,Georgia,3986055,118690,3801.0,1124,39.0,98781,3200.0,18785,,29776,282.0,1133765,284433
2020-11-27,23:00:00,20:59:00,146,Georgia,3986034,123470,4780.0,1161,37.0,102270,3489.0,20039,,30976,291.0,1133765,284434
2020-11-28,23:00:00,20:46:00,146,Georgia,3986014,127942,4472.0,1195,34.0,106328,4058.0,20419,,32098,300.0,1133765,284436
2020-11-29,23:00:00,20:51:00,146,Georgia,3985993,132368,4426.0,1230,35.0,110049,3721.0,21089,,33208,309.0,1183319,296869
2020-11-30,23:00:00,20:57:00,146,Georgia,3985972,135584,3216.0,1267,37.0,113986,3937.0,20331,,34015,318.0,1183319,296871
2020-12-01,23:00:00,20:55:00,146,Georgia,3985951,139343,3759.0,1303,36.0,117560,3574.0,20480,,34959,327.0,1183319,296872
2020-12-02,23:00:00,20:58:00,146,Georgia,3985930,143376,4033.0,1342,39.0,121621,4061.0,20413,,35971,337.0,1207234,302874
2020-12-03,23:00:00,20:59:00,146,Georgia,3985909,147636,4260.0,1387,45.0,124568,2947.0,21681,,37039,348.0,1207234,302875
2020-12-04,23:00:00,20:57:00,146,Georgia,3985889,152704,5068.0,1425,38.0,126904,2336.0,24375,,38311,358.0,1207234,302877
2020-12-05,23:00:00,20:58:00,146,Georgia,3985868,158154,5450.0,1462,37.0,129210,2306.0,27482,,39679,367.0,1586536,398040
2020-12-06,23:00:00,20:51:00,146,Georgia,3985847,162475,4321.0,1504,42.0,133511,4301.0,27460,,40763,377.0,1586536,398042
2020-12-07,23:00:00,20:57:00,146,Georgia,3985826,164976,2501.0,1540,36.0,137499,3988.0,25937,,41391,386.0,1586536,398044
2020-12-08,23:00:00,20:59:00,146,Georgia,3985805,169649,4673.0,1576,36.0,141392,3893.0,26681,,42563,395.0,1610374,404027
2020-12-09,23:00:00,20:59:00,146,Georgia,3985784,174383,4734.0,1614,38.0,145287,3895.0,27482,,43751,405.0,1627020,408206
2020-12-10,23:00:00,20:59:00,146,Georgia,3985763,178953,4570.0,1657,43.0,148332,3045.0,28964,,44898,416.0,1647979,413466
2020-12-11,23:00:00,20:59:00,146,Georgia,3985743,183099,4146.0,1694,37.0,150461,2129.0,30944,,45938,425.0,1667615,418395
2020-12-12,23:00:00,20:58:00,146,Georgia,3985722,187006,3907.0,1744,50.0,154241,3780.0,31021,,46919,438.0,1667615,418397
2020-12-13,23:00:00,20:59:00,146,Georgia,3985701,189726,2720.0,1790,46.0,158183,3942.0,29753,,47602,449.0,1686522,423143
2020-12-14,23:35:00,21:34:00,146,Georgia,3985680,191063,1337.0,1839,49.0,161681,3498.0,27543,,47937,461.0,1686522,423145
2020-12-15,23:00:00,20:59:00,146,Georgia,3985659,194900,3837.0,1883,44.0,164786,3105.0,28231,,48900,472.0,1745595,437969
2020-12-16,23:00:00,20:58:00,146,Georgia,3985638,198387,3487.0,1922,39.0,167281,2495.0,29184,,49775,482.0,1745595,437971
2020-12-17,23:00:00,20:56:00,146,Georgia,3985618,201368,2981.0,1953,31.0,169282,2001.0,30133,,50524,490.0,1745595,437973
2020-12-18,23:00:00,20:57:00,146,Georgia,3985597,204003,2635.0,2002,49.0,171526,2244.0,30475,,51185,502.0,1797437,450983
2020-12-19,23:59:00,22:11:00,146,Georgia,3985576,206907,2904.0,2055,53.0,175842,4316.0,29010,,51914,516.0,1797437,450986
2020-12-20,23:00:00,20:54:00,146,Georgia,3985555,208638,1731.0,2094,39.0,180441,4599.0,26103,,52349,525.0,1797437,450988
2020-12-21,23:00:00,20:59:00,146,Georgia,3985534,209462,824.0,2140,46.0,184668,4227.0,22654,,52556,537.0,1797437,450990
2020-12-22,23:00:00,20:59:00,146,Georgia,3985513,212526,3064.0,2182,42.0,188408,3740.0,21936,,53325,547.0,1830885,459385
2020-12-23,23:00:00,20:58:00,146,Georgia,3985493,214871,2345.0,2233,51.0,191968,3560.0,20670,,53913,560.0,1830885,459387
2020-12-24,23:00:00,20:55:00,146,Georgia,3985472,216843,1972.0,2276,43.0,194705,2737.0,19862,,54408,571.0,1830885,459390
2020-12-25,23:00:00,20:59:00,146,Georgia,3985451,218724,1881.0,2313,37.0,196220,1515.0,20191,,54881,580.0,1876048,470724
2020-12-26,23:00:00,20:59:00,146,Georgia,3985430,220508,1784.0,2352,39.0,200339,4119.0,17817,,55329,590.0,1876048,470727
2020-12-27,23:00:00,20:56:00,146,Georgia,3985409,221605,1097.0,2377,25.0,203547,3208.0,15681,,55604,596.0,1876048,470729
2020-12-28,23:00:00,20:58:00,146,Georgia,3985388,222143,538.0,2418,41.0,206313,2766.0,13412,,55739,607.0,1876048,470732
2020-12-29,23:00:00,20:54:00,146,Georgia,3985368,224155,2012.0,2443,25.0,208951,2638.0,12761,,56244,613.0,1876048,470734
2020-12-30,23:00:00,20:54:00,146,Georgia,3985347,225893,1738.0,2481,38.0,210445,1494.0,12967,,56681,623.0,1876048,470736
2020-12-31,23:00:00,20:44:00,146,Georgia,3985326,227420,1527.0,2505,24.0,211727,1282.0,13188,,57064,629.0,1876048,470739
2021-01-01,23:00:00,20:54:00,146,Georgia,3985305,228410,990.0,2528,23.0,214992,3265.0,10890,,57313,634.0,1889078,474011
2021-01-02,23:00:00,20:56:00,146,Georgia,3985284,228752,342.0,2572,44.0,217973,2981.0,8207,,57399,645.0,1889078,474013
2021-01-03,23:00:00,20:59:00,146,Georgia,3985263,229169,417.0,2603,31.0,220442,2469.0,6124,,57504,653.0,1889078,474016
2021-01-04,23:00:00,20:57:00,146,Georgia,3985243,229763,594.0,2628,25.0,222405,1963.0,4730,,57653,659.0,1889078,474018
2021-01-05,23:00:00,20:51:00,146,Georgia,3985222,232079,2316.0,2646,18.0,222787,382.0,6646,,58235,664.0,1903589,477662
2021-01-06,23:00:00,20:59:00,146,Georgia,3985201,233879,1800.0,2666,20.0,223276,489.0,7937,,58687,669.0,1918428,481388
2021-01-07,23:00:00,20:59:00,146,Georgia,3985180,235491,1612.0,2694,28.0,223695,419.0,9102,,59092,676.0,2005244,503175
2021-01-08,23:00:00,20:59:00,146,Georgia,3985159,236028,537.0,2728,34.0,224189,494.0,9111,,59227,685.0,2005244,503178
2021-01-09,23:00:00,20:55:00,146,Georgia,3985138,238086,2058.0,2750,22.0,224718,529.0,10618,,59743,690.0,2005244,503181
2021-01-10,23:32:00,21:29:00,146,Georgia,3985118,239229,1143.0,2773,23.0,225335,617.0,11121,,60031,696.0,2005244,503183
2021-01-11,23:40:00,21:37:00,146,Georgia,3985097,239780,551.0,2796,23.0,226215,880.0,10769,,60169,702.0,2013142,505168
2021-01-12,23:52:00,21:48:00,146,Georgia,3985076,241637,1857.0,2820,24.0,227208,993.0,11609,,60635,708.0,2013142,505170
2021-01-13,23:58:00,21:57:00,146,Georgia,3985055,243255,1618.0,2846,26.0,227611,403.0,12798,,61042,714.0,2013142,505173
2021-01-14,23:55:00,21:54:00,146,Georgia,3985034,244612,1357.0,2867,21.0,228359,748.0,13386,,61383,719.0,2032580,510053
2021-01-15,19:39:00,00:00:00,146,Georgia,3984993,245789,1177.0,2893,26.0,229196,837.0,13700,,61679,726.0,2032580,510059
2021-01-16,23:55:00,21:54:00,146,Georgia,3984993,247025,1236.0,2916,23.0,231385,2189.0,12724,,61989,732.0,2032580,510059
2021-01-17,23:55:00,21:54:00,146,Georgia,3984972,247805,780.0,2933,17.0,232993,1608.0,11879,,62185,736.0,2032580,510061
2021-01-18,23:55:00,21:42:00,146,Georgia,3984951,247915,110.0,2958,25.0,234636,1643.0,10321,,62213,742.0,2032580,510064
2021-01-19,08:37:00,00:00:00,146,Georgia,3984909,249465,1550.0,2973,15.0,235130,494.0,11362,,62602,746.0,2032580,510069
2021-01-20,09:12:00,00:00:00,146,Georgia,3984888,249934,469.0,2987,14.0,236922,1792.0,10025,,62720,750.0,2038702,511608
