scrap_date,scrap_time,update_time_GMT,Country_id,Country,Population,TotalCases,NewCases,TotalDeaths,NewDeaths,TotalRecovered,NewRecovered,ActiveCases,SeriousCritical,Tot_Cases_1Mpop,Deaths_1Mpop,TotalTests,Tests_1Mpop
2020-08-02,20:00:00,,20,Germany,83807610,211208,,9226,,193600,,8382,261,2520,110.0,8006135,95530
2020-08-08,20:00:00,,20,Germany,83811990,216692,5484.0,9259,33.0,197400,3800.0,10033,236,2585,110.0,8586648,102451
2020-08-12,20:00:00,,20,Germany,83814910,219530,2838.0,9268,9.0,199900,2500.0,10362,236,2619,111.0,8586648,102448
2020-08-16,20:00:00,,20,Germany,83817831,224478,4948.0,9290,22.0,202900,3000.0,12288,224,2678,111.0,9265361,110542
2020-08-17,20:00:00,,20,Germany,83818561,226351,1873.0,9293,3.0,202900,0.0,14158,224,2700,111.0,9265361,110541
2020-08-18,20:00:00,,20,Germany,83819291,227868,1517.0,9305,12.0,202900,0.0,15663,224,2719,111.0,9265361,110540
2020-08-19,20:00:00,,20,Germany,83820021,228105,237.0,9305,0.0,203900,1000.0,14900,224,2721,111.0,9265361,110539
2020-08-20,17:53:00,,20,Germany,83820751,229826,1721.0,9315,10.0,203900,0.0,16611,224,2742,111.0,10197366,121657
2020-08-23,21:09:00,,20,Germany,83822941,234225,4399.0,9332,17.0,208950,5050.0,15943,236,2794,111.0,10197366,121654
2020-08-24,17:10:00,,20,Germany,83823671,235244,1019.0,9334,2.0,209600,650.0,16310,236,2806,111.0,10197366,121653
2020-08-25,23:00:00,,20,Germany,83824401,237238,1994.0,9342,8.0,209600,0.0,18296,245,2830,111.0,10197366,121652
2020-08-26,22:59:00,,20,Germany,83825131,238895,1657.0,9351,9.0,209600,0.0,19944,245,2850,112.0,11208091,133708
2020-08-27,23:00:00,,20,Germany,83825861,240100,1205.0,9359,8.0,214233,4633.0,16508,245,2864,112.0,11208091,133707
2020-08-28,23:01:00,,20,Germany,83826591,242101,2001.0,9360,1.0,215495,1262.0,17246,245,2888,112.0,11208091,133706
2020-08-29,12:29:00,,20,Germany,83827321,242114,13.0,9360,0.0,217061,1566.0,15693,245,2888,112.0,11208091,133705
2020-08-30,23:00:00,,20,Germany,83828051,243282,1168.0,9364,4.0,217484,423.0,16434,245,2902,112.0,11208091,133703
2020-08-31,18:58:00,,20,Germany,83828781,243774,492.0,9366,2.0,217842,358.0,16566,245,2908,112.0,11208091,133702
2020-09-01,23:00:00,,20,Germany,83829512,245984,2210.0,9381,15.0,219900,2058.0,16703,245,2934,112.0,11208091,133701
2020-09-02,23:01:00,,20,Germany,83830242,247152,1168.0,9389,8.0,221800,1900.0,15963,245,2948,112.0,11208091,133700
2020-09-03,23:01:00,,20,Germany,83830972,248722,1570.0,9398,9.0,223100,1300.0,16224,228,2967,112.0,12383035,147714
2020-09-04,07:01:00,,20,Germany,83831702,248814,92.0,9399,1.0,224600,1500.0,14815,223,2968,112.0,12383035,147713
2020-09-05,23:31:00,,20,Germany,83832432,251056,2242.0,9401,2.0,226208,1608.0,15447,223,2995,112.0,12383035,147712
2020-09-06,18:30:00,,20,Germany,83833162,251130,74.0,9401,0.0,226208,0.0,15521,223,2996,112.0,12383035,147710
2020-09-07,23:39:00,,20,Germany,83833892,253625,2495.0,9405,4.0,227000,792.0,17220,223,3025,112.0,12383035,147709
2020-09-08,22:10:00,,20,Germany,83834622,254929,1304.0,9409,4.0,227000,0.0,18520,223,3041,112.0,12383035,147708
2020-09-09,22:01:00,,20,Germany,83835352,255681,752.0,9409,0.0,230600,3600.0,15672,227,3050,112.0,12383035,147707
2020-09-10,22:01:00,,20,Germany,83836082,257088,1407.0,9412,3.0,231900,1300.0,15776,233,3067,112.0,13436301,160269
2020-09-11,22:00:00,,20,Germany,83836812,259529,2441.0,9423,11.0,233300,1400.0,16806,233,3096,112.0,13436301,160267
2020-09-12,22:22:00,,20,Germany,83837542,260443,914.0,9427,4.0,234850,1550.0,16166,233,3107,112.0,13436301,160266
2020-09-13,22:01:00,,20,Germany,83838272,260826,383.0,9427,0.0,235300,450.0,16099,233,3111,112.0,13436301,160265
2020-09-14,22:04:00,,20,Germany,83839002,262688,1862.0,9431,4.0,235700,400.0,17557,237,3133,112.0,13436301,160263
2020-09-15,21:00:00,,20,Germany,83839732,264375,1687.0,9442,11.0,237550,1850.0,17383,237,3153,113.0,13436301,160262
2020-09-16,21:01:00,,20,Germany,83840462,266541,2166.0,9447,5.0,239100,1550.0,17994,237,3179,113.0,13436301,160260
2020-09-18,20:01:00,,20,Germany,83841923,270653,4112.0,9463,16.0,241300,2200.0,19890,237,3228,113.0,14557136,173626
2020-09-19,21:00:00,,20,Germany,83842653,271840,1187.0,9466,3.0,243000,1700.0,19374,246,3242,113.0,14557136,173624
2020-09-20,22:31:00,,20,Germany,83843383,273477,1637.0,9470,4.0,243500,500.0,20507,246,3262,113.0,14557136,173623
2020-09-21,21:01:00,,20,Germany,83844113,274997,1520.0,9477,7.0,244000,500.0,21520,246,3280,113.0,14557136,173621
2020-09-22,21:01:00,,20,Germany,83844843,276736,1739.0,9489,12.0,246300,2300.0,20947,267,3301,113.0,14557136,173620
2020-09-23,19:58:00,,20,Germany,83845573,278192,1456.0,9505,16.0,247900,1600.0,20787,267,3318,113.0,14557136,173618
2020-09-24,21:00:00,,20,Germany,83846303,279886,1694.0,9510,5.0,249500,1600.0,20876,293,3338,113.0,15642654,186563
2020-09-25,21:00:00,,20,Germany,83847033,282163,2277.0,9522,12.0,249500,0.0,23141,296,3365,114.0,15642654,186562
2020-09-26,21:00:00,,20,Germany,83847763,284469,2306.0,9531,9.0,249500,0.0,25438,304,3393,114.0,15642654,186560
2020-09-27,22:45:00,,20,Germany,83848493,286159,1690.0,9534,3.0,250800,1300.0,25825,325,3413,114.0,15642654,186559
2020-09-28,22:00:00,,20,Germany,83849223,288439,2280.0,9544,10.0,250800,0.0,28095,353,3440,114.0,15642654,186557
2020-09-29,21:35:00,,20,Germany,83849953,290198,1759.0,9553,9.0,254200,3400.0,26445,353,3461,114.0,15642654,186555
2020-09-30,22:00:00,,20,Germany,83850683,292383,2185.0,9565,12.0,256000,1800.0,26818,355,3487,114.0,15642654,186554
2020-10-01,21:31:00,,20,Germany,83851413,294834,2451.0,9581,16.0,257900,1900.0,27353,362,3516,114.0,16999253,202731
2020-10-02,22:36:00,,20,Germany,83852143,298362,3528.0,9596,15.0,259500,1600.0,29266,373,3558,114.0,16999253,202729
2020-10-03,22:24:00,,20,Germany,83852873,299533,1171.0,9597,1.0,259500,0.0,30436,373,3572,114.0,16999253,202727
2020-10-04,21:01:00,,20,Germany,83853604,300850,1317.0,9599,2.0,261900,2400.0,29351,373,3588,114.0,16999253,202725
2020-10-05,22:13:00,,20,Germany,83854334,304043,3193.0,9610,11.0,263700,1800.0,30733,447,3626,115.0,16999253,202724
2020-10-06,23:01:00,,20,Germany,83855064,307114,3071.0,9634,24.0,263700,0.0,33780,447,3662,115.0,16999253,202722
2020-10-07,23:01:00,,20,Germany,83855794,310955,3841.0,9652,18.0,267700,4000.0,33603,470,3708,115.0,16999253,202720
2020-10-08,23:59:00,,20,Germany,83856524,315454,4499.0,9667,15.0,267700,0.0,38087,470,3762,115.0,18129900,216201
2020-10-09,23:00:00,,20,Germany,83857254,320214,4760.0,9682,15.0,269500,1800.0,41032,510,3819,115.0,18129900,216200
2020-10-10,23:00:00,,20,Germany,83857984,323365,3151.0,9691,9.0,273500,4000.0,40174,532,3856,116.0,18129900,216198
2020-10-12,23:10:00,,20,Germany,83859444,331093,7728.0,9721,30.0,276900,3400.0,44472,590,3948,116.0,18129900,216194
2020-10-13,23:01:00,,20,Germany,83860174,335527,4434.0,9740,19.0,279100,2200.0,46687,618,4001,116.0,18129900,216192
2020-10-14,23:01:00,,20,Germany,83860904,340633,5106.0,9761,21.0,281900,2800.0,48972,602,4062,116.0,18129900,216190
2020-10-15,14:09:00,11:06:00,20,Germany,83861634,341742,1109.0,9771,10.0,281900,0.0,50071,602,4075,117.0,19276507,229861
2020-10-16,22:08:00,19:06:00,20,Germany,83862364,355010,13268.0,9832,61.0,284600,2700.0,60578,690,4233,117.0,19276507,229859
2020-10-17,23:01:00,19:58:00,20,Germany,83863094,361443,6433.0,9853,21.0,290000,5400.0,61590,730,4310,117.0,19276507,229857
2020-10-18,22:05:00,19:03:00,20,Germany,83863824,366516,5073.0,9866,13.0,290000,0.0,66650,769,4370,118.0,19276507,229855
2020-10-19,22:05:00,18:59:00,20,Germany,83864554,372255,5739.0,9892,26.0,294800,4800.0,67563,851,4439,118.0,19276507,229853
2020-10-20,22:05:00,19:04:00,20,Germany,83865285,380022,7767.0,9949,57.0,298300,3500.0,71773,851,4531,119.0,19276507,229851
2020-10-21,22:05:00,19:03:00,20,Germany,83866015,388047,8025.0,9981,32.0,302100,3800.0,75966,943,4627,119.0,19276507,229849
2020-10-22,22:05:00,19:04:00,20,Germany,83866745,399315,11268.0,10032,51.0,302100,0.0,87183,1030,4761,120.0,19276507,229847
2020-10-23,22:05:00,19:02:00,20,Germany,83867475,416410,17095.0,10084,52.0,310200,8100.0,96126,1121,4965,120.0,20380376,243007
2020-10-24,23:41:00,20:40:00,20,Germany,83868205,427202,10792.0,10107,23.0,314100,3900.0,102995,1203,5094,121.0,20380376,243005
2020-10-25,23:00:00,20:58:00,20,Germany,83868935,437531,10329.0,10138,31.0,317000,2900.0,110393,1296,5217,121.0,20380376,243003
2020-10-26,23:00:00,20:56:00,20,Germany,83869665,450167,12636.0,10181,43.0,321600,4600.0,118386,1362,5367,121.0,20380376,243001
2020-10-27,23:00:00,20:58:00,20,Germany,83870395,462529,12362.0,10255,74.0,326700,5100.0,125574,1470,5515,122.0,20380376,242998
2020-10-28,23:00:00,20:58:00,20,Germany,83871125,479463,16934.0,10358,103.0,332800,6100.0,136305,1569,5717,123.0,20380376,242996
2020-10-29,23:00:00,20:57:00,20,Germany,83871855,498113,18650.0,10435,77.0,339200,6400.0,148478,1696,5939,124.0,21882967,260910
2020-10-30,23:00:00,20:58:00,20,Germany,83872585,517360,19247.0,10521,86.0,345700,6500.0,161139,1839,6168,125.0,21882967,260907
2020-10-31,23:00:00,20:59:00,20,Germany,83873315,531562,14202.0,10582,61.0,345700,0.0,175280,1944,6338,126.0,21882967,260905
2020-11-01,23:00:00,20:59:00,20,Germany,83874045,544301,12739.0,10624,42.0,355900,10200.0,177777,2061,6490,127.0,21882967,260903
2020-11-02,23:00:00,20:57:00,20,Germany,83874775,560072,15771.0,10721,97.0,363100,7200.0,186251,2061,6677,128.0,21882967,260900
2020-11-03,23:00:00,20:59:00,20,Germany,83875505,577131,17059.0,10883,162.0,371500,8400.0,194748,2388,6881,130.0,21882967,260898
2020-11-04,23:00:00,20:57:00,20,Germany,83876235,593580,16449.0,10999,116.0,371500,0.0,211081,2546,7077,131.0,21882967,260896
2020-11-05,23:00:00,20:59:00,20,Germany,83876966,618375,24795.0,11180,181.0,391600,20100.0,215595,2653,7372,133.0,23393311,278900
2020-11-06,23:00:00,20:58:00,20,Germany,83877696,640047,21672.0,11350,170.0,402500,10900.0,226197,2653,7631,135.0,23393311,278898
2020-11-07,23:00:00,20:57:00,20,Germany,83878426,653281,13234.0,11417,67.0,412000,9500.0,229864,2653,7788,136.0,23393311,278895
2020-11-08,23:00:00,20:49:00,20,Germany,83879156,672507,19226.0,11505,88.0,412000,0.0,249002,2904,8018,137.0,23393311,278893
2020-11-09,23:00:00,20:59:00,20,Germany,83879886,688795,16288.0,11655,150.0,429600,17600.0,247540,2904,8212,139.0,23393311,278891
2020-11-10,23:00:00,20:59:00,20,Germany,83880616,705341,16546.0,11853,198.0,441200,11600.0,252288,3005,8409,141.0,23393311,278888
2020-11-11,23:00:00,20:56:00,20,Germany,83881346,725941,20600.0,12079,226.0,454800,13600.0,259062,3127,8654,144.0,23393311,278886
2020-11-12,23:00:00,20:59:00,20,Germany,83882076,747885,21944.0,12258,179.0,467800,13000.0,267827,3127,8916,146.0,25010416,298162
2020-11-13,23:00:00,20:58:00,20,Germany,83882806,771082,23197.0,12488,230.0,481700,13900.0,276894,3299,9192,149.0,25010416,298159
2020-11-14,23:00:00,20:57:00,20,Germany,83883536,787374,16292.0,12604,116.0,493200,11500.0,281570,3299,9387,150.0,25010416,298156
2020-11-15,23:00:00,20:53:00,20,Germany,83884266,800083,12709.0,12660,56.0,502300,9100.0,285123,3299,9538,151.0,25010416,298154
2020-11-16,23:00:00,20:59:00,20,Germany,83884996,817526,17443.0,12891,231.0,515200,12900.0,289435,3436,9746,154.0,25010416,298151
2020-11-17,23:00:00,20:58:00,20,Germany,83885726,833603,16077.0,13246,355.0,530200,15000.0,290157,3436,9937,158.0,25010416,298149
2020-11-18,23:00:00,20:57:00,20,Germany,83886456,853651,20048.0,13486,240.0,546500,16300.0,293665,3561,10176,161.0,25010416,298146
2020-11-19,23:00:00,20:59:00,20,Germany,83887186,878209,24558.0,13788,302.0,562700,16200.0,301721,3561,10469,164.0,26456866,315386
2020-11-20,23:00:00,20:59:00,20,Germany,83887916,899927,21718.0,14048,260.0,579100,16400.0,306779,3561,10728,167.0,26456866,315384
2020-11-21,23:00:00,20:58:00,20,Germany,83888647,916664,16737.0,14233,185.0,593100,14000.0,309331,3615,10927,170.0,26456866,315381
2020-11-22,23:00:00,20:59:00,20,Germany,83889377,931976,15312.0,14343,110.0,603800,10700.0,313833,3615,11110,171.0,26456866,315378
2020-11-23,23:00:00,20:58:00,20,Germany,83890107,945195,13219.0,14553,210.0,618800,15000.0,311842,3742,11267,173.0,26456866,315375
2020-11-24,23:00:00,20:57:00,20,Germany,83890837,961270,16075.0,14937,384.0,636700,17900.0,309633,3742,11459,178.0,26456866,315373
2020-11-25,23:00:00,20:58:00,20,Germany,83891567,979666,18396.0,15288,351.0,656400,19700.0,307978,3781,11678,182.0,26456866,315370
2020-11-26,23:00:00,20:47:00,20,Germany,83892297,1005240,25574.0,15764,476.0,676100,19700.0,313376,3826,11983,188.0,27859242,332083
2020-11-27,23:00:00,20:59:00,20,Germany,83893027,1026097,20857.0,16152,388.0,696100,20000.0,313845,3854,12231,193.0,27859242,332081
2020-11-28,23:00:00,20:46:00,20,Germany,83893757,1040169,14072.0,16352,200.0,711000,14900.0,312817,3854,12399,195.0,27859242,332078
2020-11-29,23:00:00,20:51:00,20,Germany,83894487,1052749,12580.0,16496,144.0,722300,11300.0,313953,3854,12548,197.0,27859242,332075
2020-11-30,23:00:00,20:57:00,20,Germany,83895217,1068980,16231.0,16830,334.0,739100,16800.0,313050,3926,12742,201.0,27859242,332072
2020-12-01,23:00:00,20:55:00,20,Germany,83895947,1085281,16301.0,17345,515.0,758800,19700.0,309136,3926,12936,207.0,27859242,332069
2020-12-02,23:00:00,20:58:00,20,Germany,83896677,1097226,11945.0,17630,285.0,779500,20700.0,300096,3957,13078,210.0,27859242,332066
2020-12-03,23:00:00,20:59:00,20,Germany,83897407,1126695,29469.0,18226,596.0,800000,20500.0,308469,3957,13429,217.0,29141172,347343
2020-12-04,23:00:00,20:57:00,20,Germany,83898137,1146641,19946.0,18568,342.0,820600,20600.0,307473,4011,13667,221.0,29141172,347340
2020-12-05,23:00:00,20:58:00,20,Germany,83898867,1166631,19990.0,18912,344.0,835700,15100.0,312019,4051,13905,225.0,29141172,347337
2020-12-06,23:00:00,20:51:00,20,Germany,83899597,1184781,18150.0,19157,245.0,846400,10700.0,319224,4108,14121,228.0,29141172,347334
