scrap_date,scrap_time,update_time_GMT,Country_id,Country,Population,TotalCases,NewCases,TotalDeaths,NewDeaths,TotalRecovered,NewRecovered,ActiveCases,SeriousCritical,Tot_Cases_1Mpop,Deaths_1Mpop,TotalTests,Tests_1Mpop
2020-08-02,20:00:00,,51,Ghana,31124604,37014,,182,,33365,,3467,8,1189,6.0,396731,12747
2020-08-08,20:00:00,,51,Ghana,31135259,40533,3519.0,206,24.0,37702,4337.0,2625,7,1302,7.0,409373,13148
2020-08-12,20:00:00,,51,Ghana,31142362,41404,871.0,215,9.0,39055,1353.0,2134,6,1330,7.0,416988,13390
2020-08-16,20:00:00,,51,Ghana,31149465,42210,806.0,231,16.0,40147,1092.0,1832,5,1355,7.0,424315,13622
2020-08-17,20:00:00,,51,Ghana,31151241,42653,443.0,239,8.0,40567,420.0,1847,6,1369,8.0,427121,13711
2020-08-18,20:00:00,,51,Ghana,31153016,42993,340.0,248,9.0,40796,229.0,1949,6,1380,8.0,428695,13761
2020-08-19,20:00:00,,51,Ghana,31154792,42993,0.0,248,0.0,40796,0.0,1949,6,1380,8.0,428695,13760
2020-08-20,17:53:00,,51,Ghana,31156568,43260,267.0,261,13.0,41276,480.0,1723,6,1388,8.0,429773,13794
2020-08-23,21:09:00,,51,Ghana,31161895,43505,245.0,261,0.0,41532,256.0,1712,5,1396,8.0,433503,13911
2020-08-24,17:10:00,,51,Ghana,31163671,43622,117.0,263,2.0,41695,163.0,1664,5,1400,8.0,433503,13911
2020-08-25,23:00:00,,51,Ghana,31165447,43717,95.0,270,7.0,41843,148.0,1604,5,1403,9.0,436253,13998
2020-08-26,22:59:00,,51,Ghana,31167222,43717,0.0,270,0.0,41843,0.0,1604,5,1403,9.0,436253,13997
2020-08-27,23:00:00,,51,Ghana,31168998,43841,124.0,270,0.0,42246,403.0,1325,5,1407,9.0,437750,14044
2020-08-28,23:01:00,,51,Ghana,31170774,43841,0.0,270,0.0,42246,0.0,1325,5,1406,9.0,437750,14044
2020-08-29,12:29:00,,51,Ghana,31172550,43949,108.0,270,0.0,42392,146.0,1287,6,1410,9.0,439246,14091
2020-08-30,23:00:00,,51,Ghana,31174325,44205,256.0,276,6.0,42777,385.0,1152,6,1418,9.0,439246,14090
2020-08-31,18:58:00,,51,Ghana,31176101,44205,0.0,276,0.0,42777,0.0,1152,6,1418,9.0,442185,14183
2020-09-01,23:00:00,,51,Ghana,31177877,44298,93.0,276,0.0,42963,186.0,1059,6,1421,9.0,442185,14183
2020-09-02,23:01:00,,51,Ghana,31179653,44460,162.0,276,0.0,43121,158.0,1063,6,1426,9.0,444081,14243
2020-09-03,23:01:00,,51,Ghana,31181428,44713,253.0,280,4.0,43577,456.0,856,6,1434,9.0,445653,14292
2020-09-04,07:01:00,,51,Ghana,31183204,44713,0.0,280,0.0,43577,0.0,856,6,1434,9.0,445653,14291
2020-09-05,23:31:00,,51,Ghana,31184980,44777,64.0,283,3.0,43693,116.0,801,5,1436,9.0,446867,14330
2020-09-06,18:30:00,,51,Ghana,31186756,44777,0.0,283,0.0,43693,0.0,801,5,1436,9.0,446867,14329
2020-09-07,23:39:00,,51,Ghana,31188531,44869,92.0,283,0.0,43801,108.0,785,5,1439,9.0,446867,14328
2020-09-08,22:10:00,,51,Ghana,31190307,45012,143.0,283,0.0,43898,97.0,831,5,1443,9.0,446867,14327
2020-09-09,22:01:00,,51,Ghana,31192083,45188,176.0,283,0.0,44042,144.0,863,6,1449,9.0,448820,14389
2020-09-10,22:01:00,,51,Ghana,31193859,45313,125.0,283,0.0,44188,146.0,842,5,1453,9.0,450872,14454
2020-09-11,22:00:00,,51,Ghana,31195634,45388,75.0,285,2.0,44267,79.0,836,5,1455,9.0,450872,14453
2020-09-12,22:22:00,,51,Ghana,31197410,45434,46.0,286,1.0,44342,75.0,806,5,1456,9.0,450872,14452
2020-09-13,22:01:00,,51,Ghana,31199186,45434,0.0,286,0.0,44342,0.0,806,5,1456,9.0,450872,14451
2020-09-14,22:04:00,,51,Ghana,31200962,45434,0.0,286,0.0,44342,0.0,806,5,1456,9.0,450872,14451
2020-09-15,21:00:00,,51,Ghana,31202737,45601,167.0,294,8.0,44679,337.0,628,5,1461,9.0,454912,14579
2020-09-16,21:01:00,,51,Ghana,31204513,45655,54.0,294,0.0,44797,118.0,564,5,1463,9.0,454912,14578
2020-09-18,20:01:00,,51,Ghana,31208065,45714,59.0,294,0.0,44896,99.0,524,5,1465,9.0,457092,14647
2020-09-19,21:00:00,,51,Ghana,31209840,45877,163.0,297,3.0,45081,185.0,499,5,1470,10.0,466845,14958
2020-09-20,22:31:00,,51,Ghana,31211616,46004,127.0,297,0.0,45153,72.0,554,5,1474,10.0,469176,15032
2020-09-21,21:01:00,,51,Ghana,31213392,46004,0.0,297,0.0,45153,0.0,554,5,1474,10.0,469176,15031
2020-09-22,21:01:00,,51,Ghana,31215168,46062,58.0,297,0.0,45258,105.0,507,5,1476,10.0,469176,15030
2020-09-23,19:58:00,,51,Ghana,31216943,46116,54.0,297,0.0,45290,32.0,529,6,1477,10.0,472289,15129
2020-09-24,21:00:00,,51,Ghana,31218719,46153,37.0,299,2.0,45299,9.0,555,6,1478,10.0,474120,15187
2020-09-25,21:00:00,,51,Ghana,31220495,46222,69.0,299,0.0,45417,118.0,506,6,1481,10.0,475657,15235
2020-09-26,21:00:00,,51,Ghana,31222271,46222,0.0,299,0.0,45417,0.0,506,6,1480,10.0,475657,15235
2020-09-27,22:45:00,,51,Ghana,31224046,46387,165.0,299,0.0,45618,201.0,470,6,1486,10.0,477192,15283
2020-09-28,22:00:00,,51,Ghana,31225822,46387,0.0,299,0.0,45618,0.0,470,6,1486,10.0,477192,15282
2020-09-29,21:35:00,,51,Ghana,31227598,46482,95.0,301,2.0,45651,33.0,530,6,1488,10.0,479931,15369
2020-09-30,22:00:00,,51,Ghana,31229374,46482,0.0,301,0.0,45651,0.0,530,6,1488,10.0,479931,15368
2020-10-01,21:31:00,,51,Ghana,31231149,46656,174.0,301,0.0,45942,291.0,413,6,1494,10.0,483540,15483
2020-10-02,22:36:00,,51,Ghana,31232925,46656,0.0,301,0.0,45942,0.0,413,6,1494,10.0,483540,15482
2020-10-03,22:24:00,,51,Ghana,31234701,46803,147.0,303,2.0,46006,64.0,494,4,1498,10.0,487672,15613
2020-10-04,21:01:00,,51,Ghana,31236477,46829,26.0,303,0.0,46060,54.0,466,4,1499,10.0,488427,15636
2020-10-05,22:13:00,,51,Ghana,31238252,46829,0.0,303,0.0,46060,0.0,466,4,1499,10.0,488427,15636
2020-10-06,23:01:00,,51,Ghana,31240028,46829,0.0,303,0.0,46060,0.0,466,4,1499,10.0,488427,15635
2020-10-07,23:01:00,,51,Ghana,31241804,46829,0.0,303,0.0,46060,0.0,466,4,1499,10.0,488427,15634
2020-10-08,23:59:00,,51,Ghana,31243580,46947,118.0,306,3.0,46259,199.0,382,4,1503,10.0,493509,15796
2020-10-09,23:00:00,,51,Ghana,31245355,46964,17.0,306,0.0,46310,51.0,348,12,1503,10.0,495625,15862
2020-10-10,23:00:00,,51,Ghana,31247131,46987,23.0,306,0.0,46378,68.0,303,12,1504,10.0,496425,15887
2020-10-12,23:10:00,,51,Ghana,31250683,47005,18.0,306,0.0,46398,20.0,301,12,1504,10.0,497782,15929
2020-10-13,23:01:00,,51,Ghana,31252458,47097,92.0,308,2.0,46452,54.0,337,12,1507,10.0,500351,16010
2020-10-14,23:01:00,,51,Ghana,31254234,47126,29.0,310,2.0,46469,17.0,347,12,1508,10.0,500351,16009
2020-10-15,14:09:00,11:06:00,51,Ghana,31256010,47126,0.0,310,0.0,46469,0.0,347,12,1508,10.0,500351,16008
2020-10-16,22:08:00,19:06:00,51,Ghana,31257786,47173,47.0,310,0.0,46527,58.0,336,8,1509,10.0,503524,16109
2020-10-17,23:01:00,19:58:00,51,Ghana,31259561,47173,0.0,310,0.0,46527,0.0,336,8,1509,10.0,503524,16108
2020-10-18,22:05:00,19:03:00,51,Ghana,31261337,47232,59.0,310,0.0,46578,51.0,344,9,1511,10.0,506606,16206
2020-10-19,22:05:00,18:59:00,51,Ghana,31263113,47372,140.0,310,0.0,46664,86.0,398,9,1515,10.0,510074,16316
2020-10-20,22:05:00,19:04:00,51,Ghana,31264889,47372,0.0,310,0.0,46664,0.0,398,9,1515,10.0,510074,16315
2020-10-21,22:05:00,19:03:00,51,Ghana,31266664,47461,89.0,312,2.0,46752,88.0,397,8,1518,10.0,512523,16392
2020-10-22,22:05:00,19:04:00,51,Ghana,31268440,47538,77.0,312,0.0,46789,37.0,437,9,1520,10.0,514422,16452
2020-10-23,22:05:00,19:02:00,51,Ghana,31270216,47601,63.0,314,2.0,46824,35.0,463,9,1522,10.0,515890,16498
2020-10-24,23:41:00,20:40:00,51,Ghana,31271992,47690,89.0,316,2.0,46887,63.0,487,9,1525,10.0,518785,16589
2020-10-25,23:00:00,20:58:00,51,Ghana,31273767,47690,0.0,316,0.0,46887,0.0,487,9,1525,10.0,518785,16589
2020-10-26,23:00:00,20:56:00,51,Ghana,31275543,47690,0.0,316,0.0,46887,0.0,487,9,1525,10.0,518785,16588
2020-10-27,23:00:00,20:58:00,51,Ghana,31277319,47775,85.0,316,0.0,46971,84.0,488,9,1527,10.0,522285,16699
2020-10-28,23:00:00,20:58:00,51,Ghana,31279095,47775,0.0,316,0.0,46971,0.0,488,9,1527,10.0,522285,16698
