Scrap_time,Update_time_GMT,Date,Country_id,Country,Population,TotalCases,NewCases,TotalDeaths,NewDeaths,TotalRecovered,NewRecovered,ActiveCases,SeriousCritical,Tot_Cases_1Mpop,Deaths_1Mpop,TotalTests,Tests_1Mpop
2020-08-02 20:00,,2020-08-02,182,Gibraltar,33690,188,,,,183,,5,,5580,,21702,644167
2020-08-08 20:00,,2020-08-08,182,Gibraltar,33690,197,9.0,,,184,1.0,13,,5847,,24054,713980
2020-08-12 20:00,,2020-08-12,182,Gibraltar,33690,202,5.0,,,187,3.0,15,,5996,,25012,742416
2020-08-16 20:00,,2020-08-16,182,Gibraltar,33690,215,13.0,,,190,3.0,25,,6382,,27328,811161
2020-08-17 20:00,,2020-08-17,182,Gibraltar,33690,217,2.0,,,194,4.0,23,,6441,,27458,815019
2020-08-18 20:00,,2020-08-18,182,Gibraltar,33690,222,5.0,,,195,1.0,27,,6589,,27865,827100
2020-08-19 20:00,,2020-08-19,182,Gibraltar,33690,222,0.0,,,195,0.0,27,,6589,,27865,827100
2020-08-20 17:53,,2020-08-20,182,Gibraltar,33690,223,1.0,,,197,2.0,26,,6619,,28366,841971
2020-08-23 21:09,,2020-08-23,182,Gibraltar,33690,246,23.0,,,201,4.0,45,,7302,,30531,906233
2020-08-24 17:10,,2020-08-24,182,Gibraltar,33689,248,2.0,,,203,2.0,45,,7361,,30635,909347
2020-08-25 23:00,,2020-08-25,182,Gibraltar,33689,256,8.0,,,203,0.0,53,,7599,,31240,927306
2020-08-26 22:59,,2020-08-26,182,Gibraltar,33689,270,14.0,,,203,0.0,67,,8014,,31747,942355
2020-08-27 23:00,,2020-08-27,182,Gibraltar,33689,272,2.0,,,216,13.0,56,,8074,,32427,962540
2020-08-28 23:01,,2020-08-28,182,Gibraltar,33689,274,2.0,,,221,5.0,53,,8133,,32938,977708
2020-08-29 12:29,,2020-08-29,182,Gibraltar,33689,274,0.0,,,221,0.0,53,,8133,,32938,977708
2020-08-30 23:00,,2020-08-30,182,Gibraltar,33689,285,11.0,,,228,7.0,57,,8460,,34102,1012259
2020-08-31 18:58,,2020-08-31,182,Gibraltar,33689,288,3.0,,,232,4.0,56,,8549,,34188,1014812
2020-09-01 23:00,,2020-09-01,182,Gibraltar,33689,290,2.0,,,237,5.0,53,,8608,,34412,1021461
2020-09-02 23:01,,2020-09-02,182,Gibraltar,33689,295,5.0,,,240,3.0,55,,8757,,35256,1046514
2020-09-03 23:01,,2020-09-03,182,Gibraltar,33689,298,3.0,,,246,6.0,52,,8846,,35706,1059871
2020-09-04 7:01,,2020-09-04,182,Gibraltar,33689,298,0.0,,,246,0.0,52,,8846,,35706,1059871
2020-09-05 23:31,,2020-09-05,182,Gibraltar,33689,312,14.0,,,255,9.0,57,,9261,,36807,1092552
2020-09-06 18:30,,2020-09-06,182,Gibraltar,33689,315,3.0,,,273,18.0,42,1.0,9350,,37015,1098727
2020-09-07 23:39,,2020-09-07,182,Gibraltar,33689,315,0.0,,,273,0.0,42,1.0,9350,,37031,1099202
2020-09-08 22:10,,2020-09-08,182,Gibraltar,33689,320,5.0,,,276,3.0,44,1.0,9499,,37540,1114310
2020-09-10 22:01,,2020-09-10,182,Gibraltar,33689,323,3.0,,,287,11.0,36,1.0,9588,,38708,1148980
2020-09-11 22:00,,2020-09-11,182,Gibraltar,33689,323,0.0,,,289,2.0,34,1.0,9588,,38748,1150168
2020-09-12 22:22,,2020-09-12,182,Gibraltar,33689,327,4.0,,,294,5.0,33,,9706,,39188,1163228
2020-09-13 22:01,,2020-09-13,182,Gibraltar,33689,330,3.0,,,298,4.0,32,,9795,,39425,1170263
2020-09-14 22:04,,2020-09-14,182,Gibraltar,33689,330,0.0,,,303,5.0,27,,9795,,39544,1173796
2020-09-15 21:00,,2020-09-15,182,Gibraltar,33689,334,4.0,,,307,4.0,27,,9914,,40101,1190329
2020-09-16 21:01,,2020-09-16,182,Gibraltar,33689,340,6.0,,,309,2.0,31,,10092,,40721,1208733
2020-09-18 20:01,,2020-09-18,182,Gibraltar,33689,346,6.0,,,315,6.0,31,,10270,,41870,1242839
2020-09-19 21:00,,2020-09-19,182,Gibraltar,33689,350,4.0,,,322,7.0,28,,10389,,42247,1254030
2020-09-20 22:31,,2020-09-20,182,Gibraltar,33689,350,0.0,,,323,1.0,27,,10389,,42458,1260293
2020-09-21 21:01,,2020-09-21,182,Gibraltar,33689,350,0.0,,,323,0.0,27,,10389,,42570,1263617
2020-09-22 21:01,,2020-09-22,182,Gibraltar,33689,355,5.0,,,323,0.0,32,,10538,,43271,1284425
2020-09-23 19:58,,2020-09-23,182,Gibraltar,33689,357,2.0,,,324,1.0,33,,10597,,43941,1304313
2020-09-24 21:00,,2020-09-24,182,Gibraltar,33689,361,4.0,,,331,7.0,30,,10716,,44517,1321411
2020-09-25 21:00,,2020-09-25,182,Gibraltar,33689,364,3.0,,,333,2.0,31,,10805,,44995,1335599
2020-09-26 21:00,,2020-09-26,182,Gibraltar,33689,372,8.0,,,335,2.0,37,,11042,,45461,1349432
2020-09-27 22:45,,2020-09-27,182,Gibraltar,33689,379,7.0,,,341,6.0,38,,11250,,45726,1357298
2020-09-28 22:00,,2020-09-28,182,Gibraltar,33689,382,3.0,,,341,0.0,41,,11339,,45855,1361127
2020-09-29 21:35,,2020-09-29,182,Gibraltar,33689,391,9.0,,,342,1.0,49,,11606,,46456,1378966
2020-09-30 22:00,,2020-09-30,182,Gibraltar,33688,396,5.0,,,344,2.0,52,,11755,,46985,1394710
2020-10-01 21:31,,2020-10-01,182,Gibraltar,33688,410,14.0,,,349,5.0,61,,12171,,47550,1411482
2020-10-02 22:36,,2020-10-02,182,Gibraltar,33688,416,6.0,,,351,2.0,65,,12349,,48160,1429589
2020-10-03 22:24,,2020-10-03,182,Gibraltar,33688,428,12.0,,,358,7.0,70,,12705,,48790,1448290
2020-10-04 21:01,,2020-10-04,182,Gibraltar,33688,432,4.0,,,360,2.0,72,,12824,,49040,1455711
2020-10-05 22:13,,2020-10-05,182,Gibraltar,33688,432,0.0,,,363,3.0,69,,12824,,49149,1458947
2020-10-06 23:01,,2020-10-06,182,Gibraltar,33688,437,5.0,,,368,5.0,69,,12972,,49864,1480171
2020-10-07 23:01,,2020-10-07,182,Gibraltar,33688,445,8.0,,,376,8.0,69,,13209,,50536,1500119
2020-10-08 23:59,,2020-10-08,182,Gibraltar,33688,452,7.0,,,386,10.0,66,,13417,,51176,1519117
2020-10-09 23:00,,2020-10-09,182,Gibraltar,33688,468,16.0,,,398,12.0,70,,13892,,51736,1535740
2020-10-10 23:00,,2020-10-10,182,Gibraltar,33688,476,8.0,,,405,7.0,71,,14130,,53157,1577921
2020-10-12 23:10,,2020-10-12,182,Gibraltar,33688,486,10.0,,,419,14.0,67,2.0,14427,,53530,1588993
2020-10-13 23:01,,2020-10-13,182,Gibraltar,33688,499,13.0,,,424,5.0,75,2.0,14812,,54372,1613987
2020-10-14 23:01,,2020-10-14,182,Gibraltar,33688,516,17.0,,,435,11.0,81,2.0,15317,,55109,1635864
2020-10-15 14:09,11:06:00,2020-10-15,182,Gibraltar,33688,531,15.0,,,439,4.0,92,2.0,15762,,55677,1652725
2020-10-16 22:08,19:06:00,2020-10-16,182,Gibraltar,33688,544,13.0,,,441,2.0,103,5.0,16148,,56220,1668844
2020-10-17 23:01,19:58:00,2020-10-17,182,Gibraltar,33688,558,14.0,,,449,8.0,109,5.0,16564,,56822,1686713
2020-10-18 22:05,19:03:00,2020-10-18,182,Gibraltar,33688,571,13.0,,,455,6.0,116,4.0,16950,,57381,1703307
2020-10-19 22:05,18:59:00,2020-10-19,182,Gibraltar,33688,577,6.0,,,462,7.0,115,6.0,17128,,57547,1708234
2020-10-20 22:05,19:04:00,2020-10-20,182,Gibraltar,33688,608,31.0,,,471,9.0,137,3.0,18048,,58642,1740739
2020-10-21 22:05,19:03:00,2020-10-21,182,Gibraltar,33688,621,13.0,,,481,10.0,140,10.0,18434,,59718,1772679
2020-10-22 22:05,19:04:00,2020-10-22,182,Gibraltar,33688,630,9.0,,,495,14.0,135,13.0,18701,,60298,1789896
2020-10-23 22:05,19:02:00,2020-10-23,182,Gibraltar,33688,641,11.0,,,500,5.0,141,13.0,19028,,60887,1807379
2020-10-24 23:41,20:40:00,2020-10-24,182,Gibraltar,33688,660,19.0,,,507,7.0,153,11.0,19592,,61627,1829346
2020-10-25 23:00,20:58:00,2020-10-25,182,Gibraltar,33688,667,7.0,,,516,9.0,151,20.0,19799,,62026,1841190
2020-10-26 23:00,20:56:00,2020-10-26,182,Gibraltar,33688,670,3.0,,,532,16.0,138,21.0,19888,,62269,1848403
2020-10-27 23:00,20:58:00,2020-10-27,182,Gibraltar,33688,679,9.0,,,547,15.0,132,14.0,20156,,63113,1873456
2020-10-28 23:00,20:58:00,2020-10-28,182,Gibraltar,33688,682,3.0,,,562,15.0,120,24.0,20245,,63760,1892662
2020-10-29 23:00,20:57:00,2020-10-29,182,Gibraltar,33688,688,6.0,,,584,22.0,104,24.0,20423,,64464,1913560
2020-10-30 23:00,20:58:00,2020-10-30,182,Gibraltar,33688,693,5.0,,,590,6.0,103,23.0,20571,,65445,1942680
2020-10-31 23:00,20:59:00,2020-10-31,182,Gibraltar,33688,697,4.0,,,618,28.0,79,21.0,20690,,66214,1965507
2020-11-01 23:00,20:59:00,2020-11-01,182,Gibraltar,33688,703,6.0,,,620,2.0,83,1.0,20868,,66574,1976193
2020-11-02 23:00,20:57:00,2020-11-02,182,Gibraltar,33688,707,4.0,,,629,9.0,78,1.0,20987,,66911,1986197
2020-11-03 23:00,20:59:00,2020-11-03,182,Gibraltar,33688,730,23.0,,,638,9.0,92,1.0,21669,,67909,2015822
2020-11-04 23:00,20:57:00,2020-11-04,182,Gibraltar,33688,743,13.0,,,650,12.0,93,1.0,22055,,68847,2043665
2020-11-05 23:00,20:59:00,2020-11-05,182,Gibraltar,33687,754,11.0,,,655,5.0,99,1.0,22383,,69808,2072253
2020-11-06 23:00,20:58:00,2020-11-06,182,Gibraltar,33687,770,16.0,,,673,18.0,97,1.0,22857,,70708,2098970
2020-11-07 23:00,20:57:00,2020-11-07,182,Gibraltar,33687,785,15.0,,,682,9.0,103,1.0,23303,,71565,2124410
2020-11-08 23:00,20:49:00,2020-11-08,182,Gibraltar,33687,793,8.0,,,685,3.0,108,1.0,23540,,72016,2137798
2020-11-09 23:00,20:59:00,2020-11-09,182,Gibraltar,33687,805,12.0,,,692,7.0,113,1.0,23896,,72419,2149761
2020-11-10 23:00,20:59:00,2020-11-10,182,Gibraltar,33687,814,9.0,,,702,10.0,112,1.0,24164,,73585,2184374
2020-11-11 23:00,20:56:00,2020-11-11,182,Gibraltar,33687,842,28.0,1.0,,712,10.0,129,1.0,24995,30.0,74672,2216641
2020-11-12 23:00,20:59:00,2020-11-12,182,Gibraltar,33687,864,22.0,1.0,0.0,719,7.0,144,1.0,25648,30.0,75697,2247069
2020-11-13 23:00,20:58:00,2020-11-13,182,Gibraltar,33687,876,12.0,1.0,0.0,729,10.0,146,1.0,26004,30.0,76694,2276665
2020-11-14 23:00,20:57:00,2020-11-14,182,Gibraltar,33687,887,11.0,1.0,0.0,742,13.0,144,7.0,26331,30.0,77559,2302342
2020-11-15 23:00,20:53:00,2020-11-15,182,Gibraltar,33687,902,15.0,1.0,0.0,754,12.0,147,7.0,26776,30.0,78142,2319649
2020-11-16 23:00,20:59:00,2020-11-16,182,Gibraltar,33687,907,5.0,1.0,0.0,768,14.0,138,8.0,26924,30.0,78557,2331968
2020-11-17 23:00,20:58:00,2020-11-17,182,Gibraltar,33687,915,8.0,2.0,1.0,775,7.0,138,7.0,27162,59.0,79766,2367857
2020-11-18 23:00,20:57:00,2020-11-18,182,Gibraltar,33687,926,11.0,2.0,0.0,790,15.0,134,6.0,27488,59.0,80751,2397097
2020-11-19 23:00,20:59:00,2020-11-19,182,Gibraltar,33687,931,5.0,3.0,1.0,802,12.0,126,6.0,27637,89.0,81726,2426040
2020-11-20 23:00,20:59:00,2020-11-20,182,Gibraltar,33687,943,12.0,3.0,0.0,820,18.0,120,5.0,27993,89.0,82656,2453647
2020-11-21 23:00,20:58:00,2020-11-21,182,Gibraltar,33687,953,10.0,3.0,0.0,848,28.0,102,4.0,28290,89.0,83596,2481551
2020-11-22 23:00,20:59:00,2020-11-22,182,Gibraltar,33687,958,5.0,4.0,1.0,860,12.0,94,5.0,28438,119.0,83999,2493514
2020-11-23 23:00,20:58:00,2020-11-23,182,Gibraltar,33687,967,9.0,5.0,1.0,871,11.0,91,4.0,28705,148.0,84461,2507228
2020-11-24 23:00,20:57:00,2020-11-24,182,Gibraltar,33687,981,14.0,5.0,0.0,885,14.0,91,3.0,29121,148.0,85831,2547897
2020-11-25 23:00,20:58:00,2020-11-25,182,Gibraltar,33687,991,10.0,5.0,0.0,895,10.0,91,3.0,29418,148.0,86601,2570754
2020-11-26 23:00,20:47:00,2020-11-26,182,Gibraltar,33687,991,0.0,5.0,0.0,903,8.0,83,3.0,29418,148.0,87583,2599905
2020-11-27 23:00,20:59:00,2020-11-27,182,Gibraltar,33687,999,8.0,5.0,0.0,905,2.0,89,3.0,29655,148.0,88713,2633449
2020-11-28 23:00,20:46:00,2020-11-28,182,Gibraltar,33687,1009,10.0,5.0,0.0,920,15.0,84,3.0,29952,148.0,89723,2663431
2020-11-29 23:00,20:51:00,2020-11-29,182,Gibraltar,33687,1014,5.0,5.0,0.0,932,12.0,77,3.0,30101,148.0,89968,2670704
2020-11-30 23:00,20:57:00,2020-11-30,182,Gibraltar,33687,1020,6.0,5.0,0.0,939,7.0,76,3.0,30279,148.0,90317,2681064
2020-12-01 23:00,20:55:00,2020-12-01,182,Gibraltar,33687,1030,10.0,5.0,0.0,950,11.0,75,3.0,30576,148.0,91501,2716211
2020-12-02 23:00,20:58:00,2020-12-02,182,Gibraltar,33687,1035,5.0,5.0,0.0,954,4.0,76,3.0,30724,148.0,92652,2750378
2020-12-03 23:00,20:59:00,2020-12-03,182,Gibraltar,33687,1038,3.0,5.0,0.0,960,6.0,73,,30813,148.0,93595,2778371
2020-12-04 23:00,20:57:00,2020-12-04,182,Gibraltar,33687,1042,4.0,5.0,0.0,969,9.0,68,,30932,148.0,94777,2813459
2020-12-05 23:00,20:58:00,2020-12-05,182,Gibraltar,33687,1048,6.0,5.0,0.0,980,11.0,63,1.0,31110,148.0,95790,2843530
2020-12-06 23:00,20:51:00,2020-12-06,182,Gibraltar,33687,1053,5.0,5.0,0.0,990,10.0,58,1.0,31258,148.0,96075,2851990
2020-12-07 23:00,20:57:00,2020-12-07,182,Gibraltar,33687,1055,2.0,5.0,0.0,990,0.0,60,2.0,31318,148.0,96367,2860658
2020-12-08 23:00,20:59:00,2020-12-08,182,Gibraltar,33687,1058,3.0,5.0,0.0,1004,14.0,49,1.0,31407,148.0,97626,2898032
2020-12-09 23:00,20:59:00,2020-12-09,182,Gibraltar,33687,1065,7.0,5.0,0.0,1009,5.0,51,1.0,31615,148.0,98775,2932140
2020-12-10 23:00,20:59:00,2020-12-10,182,Gibraltar,33687,1069,4.0,5.0,0.0,1015,6.0,49,1.0,31733,148.0,99733,2960578
2020-12-11 23:00,20:59:00,2020-12-11,182,Gibraltar,33687,1070,1.0,5.0,0.0,1022,7.0,43,1.0,31763,148.0,100831,2993172
2020-12-12 23:00,20:58:00,2020-12-12,182,Gibraltar,33686,1072,2.0,5.0,0.0,1028,6.0,39,1.0,31823,148.0,101865,3023957
2020-12-13 23:00,20:59:00,2020-12-13,182,Gibraltar,33686,1075,3.0,5.0,0.0,1032,4.0,38,1.0,31912,148.0,102253,3035475
2020-12-14 23:35,21:34:00,2020-12-14,182,Gibraltar,33686,1082,7.0,6.0,1.0,1036,4.0,40,,32120,178.0,102705,3048893
2020-12-15 23:00,20:59:00,2020-12-15,182,Gibraltar,33686,1104,22.0,6.0,0.0,1040,4.0,58,,32773,178.0,104069,3089384
2020-12-16 23:00,20:58:00,2020-12-16,182,Gibraltar,33686,1125,21.0,6.0,0.0,1046,6.0,73,,33397,178.0,105230,3123850
2020-12-17 23:00,20:56:00,2020-12-17,182,Gibraltar,33686,1153,28.0,6.0,0.0,1050,4.0,97,,34228,178.0,106197,3152556
2020-12-18 23:00,20:57:00,2020-12-18,182,Gibraltar,33686,1184,31.0,6.0,0.0,1054,4.0,124,,35148,178.0,107386,3187853
2020-12-19 23:59,22:11:00,2020-12-19,182,Gibraltar,33686,1211,27.0,6.0,0.0,1058,4.0,147,1.0,35950,178.0,108672,3226029
2020-12-20 23:00,20:54:00,2020-12-20,182,Gibraltar,33686,1244,33.0,6.0,0.0,1065,7.0,173,2.0,36929,178.0,109111,3239061
2020-12-21 23:00,20:59:00,2020-12-21,182,Gibraltar,33686,1282,38.0,6.0,0.0,1069,4.0,207,2.0,38057,178.0,109582,3253043
2020-12-22 23:00,20:59:00,2020-12-22,182,Gibraltar,33686,1330,48.0,6.0,0.0,1075,6.0,249,1.0,39482,178.0,111620,3313543
2020-12-23 23:00,20:58:00,2020-12-23,182,Gibraltar,33686,1330,0.0,6.0,0.0,1075,0.0,249,1.0,39482,178.0,111620,3313543
2020-12-24 23:00,20:55:00,2020-12-24,182,Gibraltar,33686,1476,146.0,6.0,0.0,1075,0.0,395,1.0,43816,178.0,114834,3408953
2020-12-25 23:00,20:59:00,2020-12-25,182,Gibraltar,33686,1534,58.0,6.0,0.0,1076,1.0,452,1.0,45538,178.0,116002,3443626
2020-12-26 23:00,20:59:00,2020-12-26,182,Gibraltar,33686,1593,59.0,6.0,0.0,1108,32.0,479,1.0,47290,178.0,116379,3454818
2020-12-27 23:00,20:56:00,2020-12-27,182,Gibraltar,33686,1661,68.0,6.0,0.0,1142,34.0,513,1.0,49308,178.0,116862,3469156
2020-12-28 23:00,20:58:00,2020-12-28,182,Gibraltar,33686,1706,45.0,6.0,0.0,1149,7.0,551,1.0,50644,178.0,117462,3486968
2020-12-29 23:00,20:54:00,2020-12-29,182,Gibraltar,33686,1793,87.0,6.0,0.0,1176,27.0,611,2.0,53227,178.0,118823,3527370
2020-12-30 23:00,20:54:00,2020-12-30,182,Gibraltar,33686,1973,180.0,6.0,0.0,1216,40.0,751,8.0,58570,178.0,120572,3579291
2020-12-31 23:00,20:44:00,2020-12-31,182,Gibraltar,33686,2040,67.0,7.0,1.0,1238,22.0,795,10.0,60559,208.0,121961,3620525
2021-01-01 23:00,20:54:00,2021-01-01,182,Gibraltar,33686,2212,172.0,7.0,0.0,1249,11.0,956,15.0,65665,208.0,122764,3644363
2021-01-02 23:00,20:56:00,2021-01-02,182,Gibraltar,33686,2304,92.0,7.0,0.0,1274,25.0,1023,23.0,68396,208.0,123354,3661877
2021-01-03 23:00,20:59:00,2021-01-03,182,Gibraltar,33686,2406,102.0,8.0,1.0,1447,173.0,951,30.0,71424,237.0,124052,3682598
2021-01-04 23:00,20:57:00,2021-01-04,182,Gibraltar,33686,2513,107.0,8.0,0.0,1504,57.0,1001,49.0,74601,237.0,124811,3705130
2021-01-05 23:00,20:51:00,2021-01-05,182,Gibraltar,33686,2626,113.0,10.0,2.0,1530,26.0,1086,56.0,77955,297.0,126894,3766966
2021-01-06 23:00,20:59:00,2021-01-06,182,Gibraltar,33686,2798,172.0,11.0,1.0,1579,49.0,1208,71.0,83061,327.0,128667,3819599
2021-01-07 23:00,20:59:00,2021-01-07,182,Gibraltar,33686,2798,0.0,11.0,0.0,1579,0.0,1208,71.0,83061,327.0,128667,3819599
2021-01-08 23:00,20:59:00,2021-01-08,182,Gibraltar,33686,3021,223.0,12.0,1.0,1692,113.0,1317,94.0,89681,356.0,131068,3890875
2021-01-09 23:00,20:55:00,2021-01-09,182,Gibraltar,33686,3109,88.0,12.0,0.0,1842,150.0,1255,104.0,92294,356.0,132351,3928962
2021-01-10 23:32,21:29:00,2021-01-10,182,Gibraltar,33686,3170,61.0,16.0,4.0,1989,147.0,1165,110.0,94104,475.0,133036,3949296
2021-01-11 23:40,21:37:00,2021-01-11,182,Gibraltar,33686,3240,70.0,16.0,0.0,2119,130.0,1105,110.0,96182,475.0,133913,3975331
2021-01-12 23:52,21:48:00,2021-01-12,182,Gibraltar,33686,3324,84.0,17.0,1.0,2213,94.0,1094,110.0,98676,505.0,135664,4027311
2021-01-13 23:58,21:57:00,2021-01-13,182,Gibraltar,33686,3431,107.0,20.0,3.0,2259,46.0,1152,110.0,101852,594.0,137377,4078163
2021-01-14 23:55,21:54:00,2021-01-14,182,Gibraltar,33686,3509,78.0,25.0,5.0,2343,84.0,1141,140.0,104168,742.0,138643,4115745
2021-01-15 19:50,00:00:00,2021-01-15,182,Gibraltar,33686,3575,66.0,30.0,5.0,2432,89.0,1113,140.0,106127,891.0,139875,4152318
2021-01-16 23:55,21:54:00,2021-01-16,182,Gibraltar,33686,3575,0.0,34.0,4.0,2432,0.0,1109,140.0,106127,1009.0,139875,4152318
2021-01-17 23:55,21:54:00,2021-01-17,182,Gibraltar,33685,3670,95.0,43.0,9.0,2689,257.0,938,140.0,108951,1277.0,141826,4210361
2021-01-18 23:55,21:42:00,2021-01-18,182,Gibraltar,33685,3712,42.0,45.0,2.0,2840,151.0,827,137.0,110197,1336.0,142690,4236010
2021-01-19 08:37:00,00:00:00,2021-01-19,182,Gibraltar,33685,3793,81.0,47.0,2.0,2914,74.0,832,117.0,112602,1395.0,144504,4289862
2021-01-20 09:12:00,00:00:00,2021-01-20,182,Gibraltar,33685,3845,52.0,53.0,6.0,2994,80.0,798,117.0,114146,1573.0,145805,4328484
2021-01-21 23:55,21:54:00,2021-01-21,182,Gibraltar,33685,3845,0.0,53.0,0.0,2994,0.0,798,117.0,114146,1573.0,145805,4328484
2021-01-22 21:22:10,00:00:00,2021-01-21,182,Gibraltar,33685,3881,36.0,59.0,6.0,3033,39.0,789,103.0,115214,1752.0,146948,4362417
2021-01-22 21:22:34,19:21:00,2021-01-22,182,Gibraltar,33685,3905,24.0,59.0,0.0,3097,64.0,749,103.0,115927,1752.0,148195,4399436
