Date,Scrap_time,Update_time_GMT,Country_id,Country,Population,TotalCases,NewCases,TotalDeaths,NewDeaths,TotalRecovered,NewRecovered,ActiveCases,SeriousCritical,Tot_Cases_1Mpop,Deaths_1Mpop,TotalTests,Tests_1Mpop
2020-08-02,20:00:00,,40,Guatemala,17942365,50979,,1959,,37873,,11147,5,2841,109.0,160626,8952
2020-08-08,20:00:00,,40,Guatemala,17947806,56189,5210.0,2197,238.0,44072,6199.0,9920,5,3131,122.0,176400,9828
2020-08-12,20:00:00,,40,Guatemala,17951433,57966,1777.0,2233,36.0,46442,2370.0,9291,5,3229,124.0,185374,10326
2020-08-16,20:00:00,,40,Guatemala,17955060,62313,4347.0,2355,122.0,50183,3741.0,9775,5,3470,131.0,200558,11170
2020-08-17,20:00:00,,40,Guatemala,17955967,62944,631.0,2389,34.0,51530,1347.0,9025,5,3505,133.0,200984,11193
2020-08-18,20:00:00,,40,Guatemala,17956873,62944,0.0,2389,0.0,51530,0.0,9025,5,3505,133.0,200984,11193
2020-08-19,20:00:00,,40,Guatemala,17957780,63847,903.0,2419,30.0,52370,840.0,9058,5,3555,135.0,205381,11437
2020-08-20,17:53:00,,40,Guatemala,17958687,64881,1034.0,2467,48.0,53362,992.0,9052,5,3613,137.0,209138,11646
2020-08-23,21:09:00,,40,Guatemala,17961407,67856,2975.0,2580,113.0,56277,2915.0,8999,5,3778,144.0,216776,12069
2020-08-24,17:10:00,,40,Guatemala,17962314,68188,332.0,2594,14.0,56778,501.0,8816,5,3796,144.0,221235,12317
2020-08-25,23:00:00,,40,Guatemala,17963221,69651,1463.0,2630,36.0,57891,1113.0,9130,5,3877,146.0,225758,12568
2020-08-26,22:59:00,,40,Guatemala,17964128,69651,0.0,2630,0.0,57891,0.0,9130,5,3877,146.0,225758,12567
2020-08-27,23:00:00,,40,Guatemala,17965034,71856,2205.0,2685,55.0,59641,1750.0,9530,5,4000,149.0,233685,13008
2020-08-28,23:01:00,,40,Guatemala,17965941,71856,0.0,2685,0.0,59641,0.0,9530,5,4000,149.0,233685,13007
2020-08-29,12:29:00,,40,Guatemala,17966848,72921,1065.0,2709,24.0,60534,893.0,9678,5,4059,151.0,237210,13203
2020-08-30,23:00:00,,40,Guatemala,17967755,73679,758.0,2728,19.0,61163,629.0,9788,5,4101,152.0,240745,13399
2020-08-31,18:58:00,,40,Guatemala,17968661,73912,233.0,2740,12.0,61681,518.0,9491,5,4113,152.0,241959,13466
2020-09-01,23:00:00,,40,Guatemala,17969568,74074,162.0,2760,20.0,62068,387.0,9246,5,4122,154.0,242502,13495
2020-09-02,23:01:00,,40,Guatemala,17970475,74893,819.0,2778,18.0,62935,867.0,9180,5,4168,155.0,246026,13691
2020-09-03,23:01:00,,40,Guatemala,17971382,76358,1465.0,2804,26.0,64399,1464.0,9155,5,4249,156.0,249569,13887
2020-09-04,07:01:00,,40,Guatemala,17972288,76358,0.0,2804,0.0,64399,0.0,9155,5,4249,156.0,252958,14075
2020-09-05,23:31:00,,40,Guatemala,17973195,77040,682.0,2825,21.0,65029,630.0,9186,5,4286,157.0,256054,14246
2020-09-06,18:30:00,,40,Guatemala,17974102,77481,441.0,2845,20.0,65595,566.0,9041,5,4311,158.0,258363,14374
2020-09-07,23:39:00,,40,Guatemala,17975009,77828,347.0,2862,17.0,66584,989.0,8382,5,4330,159.0,259883,14458
2020-09-08,22:10:00,,40,Guatemala,17975915,77828,0.0,2862,0.0,66584,0.0,8382,5,4330,159.0,259883,14457
2020-09-09,22:01:00,,40,Guatemala,17976822,78721,893.0,2890,28.0,67462,878.0,8369,5,4379,161.0,263085,14635
2020-09-10,22:01:00,,40,Guatemala,17977729,79622,901.0,2897,7.0,68308,846.0,8417,5,4429,161.0,266598,14829
2020-09-11,22:00:00,,40,Guatemala,17978636,81009,1387.0,2929,32.0,69703,1395.0,8377,5,4506,163.0,273067,15188
2020-09-12,22:22:00,,40,Guatemala,17979543,81009,0.0,2929,0.0,69703,0.0,8377,5,4506,163.0,273067,15188
2020-09-13,22:01:00,,40,Guatemala,17980449,81658,649.0,2949,20.0,70403,700.0,8306,5,4541,164.0,275853,15342
2020-09-14,22:04:00,,40,Guatemala,17981356,81909,251.0,2957,8.0,70927,524.0,8025,5,4555,164.0,276803,15394
2020-09-15,21:00:00,,40,Guatemala,17982263,82172,263.0,2972,15.0,71352,425.0,7848,5,4570,165.0,277555,15435
2020-09-16,21:01:00,,40,Guatemala,17983170,82684,512.0,2984,12.0,71983,631.0,7717,5,4598,166.0,280030,15572
2020-09-18,20:01:00,,40,Guatemala,17984983,83664,980.0,3036,52.0,73260,1277.0,7368,5,4652,169.0,283578,15767
2020-09-19,21:00:00,,40,Guatemala,17985890,84344,680.0,3076,40.0,73748,488.0,7520,5,4689,171.0,286730,15942
2020-09-20,22:31:00,,40,Guatemala,17986797,85152,808.0,3105,29.0,74497,749.0,7550,5,4734,173.0,289901,16117
2020-09-21,21:01:00,,40,Guatemala,17987703,85681,529.0,3124,19.0,75172,675.0,7385,5,4763,174.0,292515,16262
2020-09-22,21:01:00,,40,Guatemala,17988610,85681,0.0,3124,0.0,75172,0.0,7385,5,4763,174.0,292515,16261
2020-09-23,19:58:00,,40,Guatemala,17989517,87442,1761.0,3154,30.0,76459,1287.0,7829,5,4861,175.0,300215,16688
2020-09-24,21:00:00,,40,Guatemala,17990424,87933,491.0,3170,16.0,76459,0.0,8304,5,4888,176.0,302958,16840
2020-09-25,21:00:00,,40,Guatemala,17991331,88878,945.0,3186,16.0,77750,1291.0,7942,5,4940,177.0,307668,17101
2020-09-26,21:00:00,,40,Guatemala,17992237,89702,824.0,3213,27.0,78284,534.0,8205,5,4986,179.0,312229,17354
2020-09-27,22:45:00,,40,Guatemala,17993144,90092,390.0,3229,16.0,78698,414.0,8165,5,5007,179.0,314086,17456
2020-09-28,22:00:00,,40,Guatemala,17994051,90263,171.0,3234,5.0,79067,369.0,7962,5,5016,180.0,314975,17504
2020-09-29,21:35:00,,40,Guatemala,17994958,90968,705.0,3238,4.0,79654,587.0,8076,5,5055,180.0,318931,17723
2020-09-30,22:00:00,,40,Guatemala,17995864,91746,778.0,3246,8.0,80256,602.0,8244,5,5098,180.0,323669,17986
2020-10-01,21:31:00,,40,Guatemala,17996771,92409,663.0,3261,15.0,80800,544.0,8348,5,5135,181.0,327947,18223
2020-10-02,22:36:00,,40,Guatemala,17997678,93090,681.0,3267,6.0,81466,666.0,8357,5,5172,182.0,332584,18479
2020-10-03,22:24:00,,40,Guatemala,17998585,93748,658.0,3285,18.0,82040,574.0,8423,5,5209,183.0,336546,18698
2020-10-04,21:01:00,,40,Guatemala,17999491,93963,215.0,3293,8.0,82454,414.0,8216,5,5220,183.0,337896,18773
2020-10-05,22:13:00,,40,Guatemala,18000398,94182,219.0,3302,9.0,82828,374.0,8052,5,5232,183.0,338692,18816
2020-10-06,23:01:00,,40,Guatemala,18001305,94870,688.0,3310,8.0,83480,652.0,8080,5,5270,184.0,342674,19036
2020-10-07,23:01:00,,40,Guatemala,18002212,95704,834.0,3335,25.0,84036,556.0,8333,5,5316,185.0,347374,19296
2020-10-08,23:59:00,,40,Guatemala,18003118,96480,776.0,3347,12.0,84738,702.0,8395,5,5359,186.0,353138,19615
2020-10-09,23:00:00,,40,Guatemala,18004025,96935,455.0,3356,9.0,85343,605.0,8236,5,5384,186.0,356103,19779
2020-10-10,23:00:00,,40,Guatemala,18004932,97544,609.0,3365,9.0,86046,703.0,8133,5,5418,187.0,360917,20045
2020-10-12,23:10:00,,40,Guatemala,18006746,97826,282.0,3387,22.0,87016,970.0,7423,5,5433,188.0,363714,20199
2020-10-13,23:01:00,,40,Guatemala,18007652,98380,554.0,3410,23.0,87744,728.0,7226,5,5463,189.0,368058,20439
2020-10-14,23:01:00,,40,Guatemala,18008559,99094,714.0,3430,20.0,88416,672.0,7248,5,5503,190.0,372625,20692
2020-10-15,14:09:00,11:06:00,40,Guatemala,18009466,99094,0.0,3430,0.0,88416,0.0,7248,5,5502,190.0,372625,20691
2020-10-16,22:08:00,19:06:00,40,Guatemala,18010373,100431,1337.0,3478,48.0,89494,1078.0,7459,5,5576,193.0,382409,21233
2020-10-17,23:01:00,19:58:00,40,Guatemala,18011279,101028,597.0,3515,37.0,90001,507.0,7512,5,5609,195.0,387077,21491
2020-10-18,22:05:00,19:03:00,40,Guatemala,18012186,101360,332.0,3530,15.0,90610,609.0,7220,5,5627,196.0,388653,21577
2020-10-19,22:05:00,18:59:00,40,Guatemala,18013093,101599,239.0,3541,11.0,91032,422.0,7026,5,5640,197.0,390147,21659
2020-10-20,22:05:00,19:04:00,40,Guatemala,18014000,102219,620.0,3546,5.0,91604,572.0,7069,5,5674,197.0,394295,21888
2020-10-21,22:05:00,19:03:00,40,Guatemala,18014906,102219,0.0,3546,0.0,91604,0.0,7069,5,5674,197.0,394295,21887
2020-10-22,22:05:00,19:04:00,40,Guatemala,18015813,103172,953.0,3580,34.0,92665,1061.0,6927,5,5727,199.0,399960,22200
2020-10-23,22:05:00,19:02:00,40,Guatemala,18016720,103902,730.0,3594,14.0,93341,676.0,6967,5,5767,199.0,404460,22449
2020-10-24,23:41:00,20:40:00,40,Guatemala,18017627,104632,730.0,3609,15.0,93880,539.0,7143,5,5807,200.0,409066,22704
2020-10-25,23:00:00,20:58:00,40,Guatemala,18018534,104632,0.0,3609,0.0,93880,0.0,7143,5,5807,200.0,409066,22703
2020-10-26,23:00:00,20:56:00,40,Guatemala,18019440,104894,262.0,3651,42.0,94530,650.0,6713,5,5821,203.0,410931,22805
2020-10-27,23:00:00,20:58:00,40,Guatemala,18020347,105571,677.0,3665,14.0,95206,676.0,6700,5,5858,203.0,416088,23090
2020-10-28,23:00:00,20:58:00,40,Guatemala,18021254,106320,749.0,3682,17.0,95752,546.0,6886,5,5900,204.0,421237,23374
2020-10-29,23:00:00,20:57:00,40,Guatemala,18022161,106790,470.0,3704,22.0,96187,435.0,6899,5,5925,206.0,425241,23595
2020-10-30,23:00:00,20:58:00,40,Guatemala,18023067,107339,549.0,3714,10.0,96752,565.0,6873,5,5956,206.0,430041,23861
2020-10-31,23:00:00,20:59:00,40,Guatemala,18023974,107939,600.0,3729,15.0,97289,537.0,6921,5,5989,207.0,434452,24104
2020-11-01,23:00:00,20:59:00,40,Guatemala,18024881,108104,165.0,3738,9.0,97756,467.0,6610,5,5997,207.0,435382,24155
2020-11-02,23:00:00,20:57:00,40,Guatemala,18025788,108104,0.0,3738,0.0,97756,0.0,6610,5,5997,207.0,435382,24153
2020-11-03,23:00:00,20:59:00,40,Guatemala,18026694,108104,0.0,3738,0.0,97756,0.0,6610,5,5997,207.0,435382,24152
2020-11-04,23:00:00,20:57:00,40,Guatemala,18027601,109147,1043.0,3752,14.0,99167,1411.0,6228,5,6054,208.0,442049,24521
2020-11-05,23:00:00,20:59:00,40,Guatemala,18028508,109849,702.0,3766,14.0,99753,586.0,6330,5,6093,209.0,446889,24788
2020-11-06,23:00:00,20:58:00,40,Guatemala,18029415,110502,653.0,3794,28.0,100319,566.0,6389,5,6129,210.0,451077,25019
2020-11-07,23:00:00,20:57:00,40,Guatemala,18030321,111050,548.0,3811,17.0,100808,489.0,6431,5,6159,211.0,454837,25226
2020-11-08,23:00:00,20:49:00,40,Guatemala,18031228,111262,212.0,3821,10.0,101135,327.0,6306,5,6171,212.0,455875,25283
2020-11-09,23:00:00,20:59:00,40,Guatemala,18032135,111360,98.0,3823,2.0,101478,343.0,6059,5,6176,212.0,456559,25319
2020-11-10,23:00:00,20:59:00,40,Guatemala,18033042,112129,769.0,3832,9.0,102140,662.0,6157,5,6218,212.0,461454,25589
2020-11-11,23:00:00,20:56:00,40,Guatemala,18033949,112811,682.0,3845,13.0,102643,503.0,6323,5,6255,213.0,466007,25841
2020-11-12,23:00:00,20:59:00,40,Guatemala,18034855,113543,732.0,3858,13.0,103174,531.0,6511,5,6296,214.0,471384,26137
2020-11-13,23:00:00,20:58:00,40,Guatemala,18035762,114123,580.0,3880,22.0,103685,511.0,6558,5,6328,215.0,475913,26387
2020-11-14,23:00:00,20:57:00,40,Guatemala,18036669,114719,596.0,3920,40.0,104134,449.0,6665,5,6360,217.0,481015,26669
2020-11-15,23:00:00,20:53:00,40,Guatemala,18037576,114885,166.0,3932,12.0,104438,304.0,6515,5,6369,218.0,482294,26738
2020-11-16,23:00:00,20:59:00,40,Guatemala,18038482,115032,147.0,3938,6.0,104786,348.0,6308,5,6377,218.0,483389,26798
2020-11-17,23:00:00,20:58:00,40,Guatemala,18039389,115730,698.0,3947,9.0,105355,569.0,6428,5,6415,219.0,488601,27085
2020-11-18,23:00:00,20:57:00,40,Guatemala,18040296,116381,651.0,4008,61.0,105708,353.0,6665,5,6451,222.0,492925,27324
2020-11-19,23:00:00,20:59:00,40,Guatemala,18041203,117066,685.0,4050,42.0,106305,597.0,6711,5,6489,224.0,498110,27610
2020-11-20,23:00:00,20:59:00,40,Guatemala,18042109,117757,691.0,4067,17.0,106725,420.0,6965,5,6527,225.0,503057,27882
2020-11-21,23:00:00,20:58:00,40,Guatemala,18043016,118417,660.0,4074,7.0,107241,516.0,7102,5,6563,226.0,507476,28126
2020-11-22,23:00:00,20:59:00,40,Guatemala,18043923,118629,212.0,4076,2.0,107413,172.0,7140,5,6574,226.0,508814,28199
2020-11-23,23:00:00,20:58:00,40,Guatemala,18044830,118722,93.0,4092,16.0,107819,406.0,6811,5,6579,227.0,509477,28234
2020-11-24,23:00:00,20:57:00,40,Guatemala,18045737,119349,627.0,4099,7.0,108338,519.0,6912,5,6614,227.0,514406,28506
2020-11-25,23:00:00,20:58:00,40,Guatemala,18046643,119989,640.0,4107,8.0,108854,516.0,7028,5,6649,228.0,519010,28759
2020-11-26,23:00:00,20:47:00,40,Guatemala,18047550,120685,696.0,4133,26.0,109306,452.0,7246,5,6687,229.0,523625,29014
2020-11-27,23:00:00,20:59:00,40,Guatemala,18048457,121132,447.0,4141,8.0,109619,313.0,7372,5,6711,229.0,527548,29230
2020-11-28,23:00:00,20:46:00,40,Guatemala,18049364,121798,666.0,4161,20.0,110209,590.0,7428,5,6748,231.0,531664,29456
2020-11-29,23:00:00,20:51:00,40,Guatemala,18050270,121971,173.0,4166,5.0,110588,379.0,7217,5,6757,231.0,533244,29542
2020-11-30,23:00:00,20:57:00,40,Guatemala,18051177,122062,91.0,4171,5.0,110944,356.0,6947,5,6762,231.0,533871,29575
2020-12-01,23:00:00,20:55:00,40,Guatemala,18052084,122774,712.0,4178,7.0,111574,630.0,7022,5,6801,231.0,538797,29847
2020-12-02,23:00:00,20:58:00,40,Guatemala,18052991,123460,686.0,4191,13.0,112181,607.0,7088,5,6839,232.0,543324,30096
2020-12-03,23:00:00,20:59:00,40,Guatemala,18053897,124053,593.0,4209,18.0,112719,538.0,7125,5,6871,233.0,547398,30320
2020-12-04,23:00:00,20:57:00,40,Guatemala,18054804,124805,752.0,4224,15.0,113273,554.0,7308,5,6913,234.0,551173,30528
2020-12-05,23:00:00,20:58:00,40,Guatemala,18055711,125352,547.0,4239,15.0,113870,597.0,7243,5,6943,235.0,555213,30750
2020-12-06,23:00:00,20:51:00,40,Guatemala,18056618,125550,198.0,4250,11.0,114315,445.0,6985,5,6953,235.0,556522,30821
2020-12-07,23:00:00,20:57:00,40,Guatemala,18057524,125674,124.0,4274,24.0,114697,382.0,6703,5,6960,237.0,557235,30859
2020-12-08,23:00:00,20:59:00,40,Guatemala,18058431,126473,799.0,4286,12.0,115406,709.0,6781,5,7004,237.0,562000,31121
2020-12-09,23:00:00,20:59:00,40,Guatemala,18059338,127127,654.0,4311,25.0,115931,525.0,6885,5,7039,239.0,566458,31366
2020-12-10,23:00:00,20:59:00,40,Guatemala,18060245,127786,659.0,4345,34.0,116442,511.0,6999,5,7076,241.0,571129,31624
2020-12-11,23:00:00,20:59:00,40,Guatemala,18061152,128541,755.0,4376,31.0,117013,571.0,7152,5,7117,242.0,575546,31867
2020-12-12,23:00:00,20:58:00,40,Guatemala,18062058,129099,558.0,4405,29.0,117615,602.0,7079,5,7148,244.0,580139,32119
2020-12-13,23:00:00,20:59:00,40,Guatemala,18062965,129282,183.0,4423,18.0,117923,308.0,6936,5,7157,245.0,581401,32187
2020-12-14,23:35:00,21:34:00,40,Guatemala,18063872,129405,123.0,4445,22.0,118217,294.0,6743,5,7164,246.0,581933,32215
2020-12-15,23:00:00,20:59:00,40,Guatemala,18064779,130082,677.0,4476,31.0,118793,576.0,6813,5,7201,248.0,586704,32478
2020-12-16,23:00:00,20:58:00,40,Guatemala,18065685,130828,746.0,4510,34.0,119288,495.0,7030,5,7242,250.0,591483,32741
2020-12-17,23:00:00,20:56:00,40,Guatemala,18066592,131435,607.0,4551,41.0,119748,460.0,7136,5,7275,252.0,596264,33004
2020-12-18,23:00:00,20:57:00,40,Guatemala,18067499,132062,627.0,4589,38.0,120257,509.0,7216,5,7309,254.0,600868,33257
2020-12-19,23:59:00,22:11:00,40,Guatemala,18068406,132595,533.0,4624,35.0,120715,458.0,7256,5,7339,256.0,605443,33508
2020-12-20,23:00:00,20:54:00,40,Guatemala,18069312,132765,170.0,4656,32.0,120994,279.0,7115,5,7348,258.0,606993,33592
2020-12-21,23:00:00,20:59:00,40,Guatemala,18070219,132867,102.0,4688,32.0,121337,343.0,6842,5,7353,259.0,607660,33628
2020-12-22,23:00:00,20:59:00,40,Guatemala,18071126,133601,734.0,4718,30.0,121936,599.0,6947,5,7393,261.0,612328,33884
2020-12-23,23:00:00,20:58:00,40,Guatemala,18072033,134256,655.0,4739,21.0,122438,502.0,7079,5,7429,262.0,617643,34177
2020-12-24,23:00:00,20:55:00,40,Guatemala,18072940,134894,638.0,4749,10.0,122965,527.0,7180,5,7464,263.0,622355,34436
2020-12-25,23:00:00,20:59:00,40,Guatemala,18073846,135080,186.0,4757,8.0,123345,380.0,6978,5,7474,263.0,623321,34487
2020-12-26,23:00:00,20:59:00,40,Guatemala,18074753,135171,91.0,4763,6.0,123893,548.0,6515,5,7478,264.0,623719,34508
2020-12-27,23:00:00,20:56:00,40,Guatemala,18075660,135309,138.0,4768,5.0,124267,374.0,6274,5,7486,264.0,624537,34551
2020-12-28,23:00:00,20:58:00,40,Guatemala,18076567,135441,132.0,4773,5.0,124604,337.0,6064,5,7493,264.0,625162,34584
2020-12-29,23:00:00,20:54:00,40,Guatemala,18077473,136287,846.0,4781,8.0,125161,557.0,6345,5,7539,264.0,630182,34860
2020-12-30,23:00:00,20:54:00,40,Guatemala,18078380,137166,879.0,4803,22.0,125630,469.0,6733,5,7587,266.0,635585,35157
2020-12-31,23:00:00,20:44:00,40,Guatemala,18079287,137166,0.0,4803,0.0,125630,0.0,6733,5,7587,266.0,635585,35155
2021-01-01,23:00:00,20:54:00,40,Guatemala,18080194,138236,1070.0,4820,17.0,126606,976.0,6810,5,7646,267.0,641312,35470
2021-01-02,23:00:00,20:56:00,40,Guatemala,18081100,138316,80.0,4827,7.0,127063,457.0,6426,5,7650,267.0,641998,35507
2021-01-03,23:00:00,20:59:00,40,Guatemala,18082007,138475,159.0,4833,6.0,127450,387.0,6192,5,7658,267.0,642654,35541
2021-01-04,23:00:00,20:57:00,40,Guatemala,18082914,138656,181.0,4835,2.0,127797,347.0,6024,5,7668,267.0,643185,35569
2021-01-05,23:00:00,20:51:00,40,Guatemala,18083821,139419,763.0,4859,24.0,128355,558.0,6205,5,7710,269.0,648316,35851
2021-01-06,23:00:00,20:59:00,40,Guatemala,18084727,140202,783.0,4899,40.0,128952,597.0,6351,5,7753,271.0,653058,36111
2021-01-07,23:00:00,20:59:00,40,Guatemala,18085634,141074,872.0,4928,29.0,129542,590.0,6604,5,7800,272.0,658693,36421
2021-01-08,23:00:00,20:59:00,40,Guatemala,18086541,141074,0.0,4928,0.0,129542,0.0,6604,5,7800,272.0,658693,36419
2021-01-09,23:00:00,20:55:00,40,Guatemala,18087448,143127,2053.0,4999,71.0,130549,1007.0,7579,5,7913,276.0,670273,37057
2021-01-10,23:32:00,21:29:00,40,Guatemala,18088355,143243,116.0,5025,26.0,131017,468.0,7201,5,7919,278.0,672023,37152
2021-01-11,23:40:00,21:37:00,40,Guatemala,18089261,143243,0.0,5025,0.0,131017,0.0,7201,5,7919,278.0,672023,37150
2021-01-12,23:52:00,21:48:00,40,Guatemala,18090168,143243,0.0,5025,0.0,131017,0.0,7201,5,7918,278.0,672023,37149
2021-01-13,23:58:00,21:57:00,40,Guatemala,18091075,145986,2743.0,5117,92.0,132507,1490.0,8362,5,8070,283.0,684552,37839
2021-01-14,23:55:00,21:54:00,40,Guatemala,18091982,146937,951.0,5151,34.0,133082,575.0,8704,5,8122,285.0,691030,38195
2021-01-15,19:39:38,00:00:00,40,Guatemala,18093795,147560,623.0,5177,26.0,133217,135.0,9166,5,8155,286.0,692210,38257
