scrap_date,scrap_time,update_time_GMT,Country_id,Country,Population,TotalCases,NewCases,TotalDeaths,NewDeaths,TotalRecovered,NewRecovered,ActiveCases,SeriousCritical,Tot_Cases_1Mpop,Deaths_1Mpop,TotalTests,Tests_1Mpop
2020-08-02,20:00:00,,95,Haiti,11414205,7468,,165,,4606,,2697,,654,14.0,17839,1563
2020-08-08,20:00:00,,95,Haiti,11416483,7599,131.0,177,12.0,4893,287.0,2529,,666,16.0,18501,1621
2020-08-12,20:00:00,,95,Haiti,11418002,7649,50.0,183,6.0,4982,89.0,2484,,670,16.0,18933,1658
2020-08-16,20:00:00,,95,Haiti,11419521,7831,182.0,196,13.0,5235,253.0,2400,,686,17.0,18933,1658
2020-08-17,20:00:00,,95,Haiti,11419901,7879,48.0,196,0.0,5235,0.0,2448,,690,17.0,20999,1839
2020-08-18,20:00:00,,95,Haiti,11420280,7897,18.0,196,0.0,5235,0.0,2466,,691,17.0,20999,1839
2020-08-19,20:00:00,,95,Haiti,11420660,7921,24.0,196,0.0,5235,0.0,2490,,694,17.0,21400,1874
2020-08-20,17:53:00,,95,Haiti,11421040,7949,28.0,196,0.0,5337,102.0,2416,,696,17.0,21400,1874
2020-08-23,21:09:00,,95,Haiti,11422179,8082,133.0,196,0.0,5624,287.0,2262,,708,17.0,21826,1911
2020-08-24,17:10:00,,95,Haiti,11422559,8082,0.0,196,0.0,5624,0.0,2262,,708,17.0,22304,1953
2020-08-25,23:00:00,,95,Haiti,11422938,8112,30.0,196,0.0,5624,0.0,2292,,710,17.0,22501,1970
2020-08-26,22:59:00,,95,Haiti,11423318,8122,10.0,197,1.0,5677,53.0,2248,,711,17.0,22742,1991
2020-08-27,23:00:00,,95,Haiti,11423698,8122,0.0,197,0.0,5677,0.0,2248,,711,17.0,22742,1991
2020-08-28,23:01:00,,95,Haiti,11424077,8161,39.0,201,4.0,5743,66.0,2217,,714,18.0,23322,2041
2020-08-29,12:29:00,,95,Haiti,11424457,8161,0.0,201,0.0,5743,0.0,2217,,714,18.0,23322,2041
2020-08-30,23:00:00,,95,Haiti,11424837,8209,48.0,201,0.0,5828,85.0,2180,,719,18.0,23322,2041
2020-08-31,18:58:00,,95,Haiti,11425217,8224,15.0,201,0.0,5828,0.0,2195,,720,18.0,23652,2070
2020-09-01,23:00:00,,95,Haiti,11425596,8224,0.0,201,0.0,5828,0.0,2195,,720,18.0,23652,2070
2020-09-02,23:01:00,,95,Haiti,11425976,8258,34.0,206,5.0,5870,42.0,2182,,723,18.0,23679,2072
2020-09-03,23:01:00,,95,Haiti,11426356,8301,43.0,210,4.0,5870,0.0,2221,,726,18.0,24035,2103
2020-09-04,07:01:00,,95,Haiti,11426736,8301,0.0,210,0.0,5870,0.0,2221,,726,18.0,24035,2103
2020-09-05,23:31:00,,95,Haiti,11427115,8326,25.0,212,2.0,5870,0.0,2244,,729,19.0,24035,2103
2020-09-06,18:30:00,,95,Haiti,11427495,8360,34.0,214,2.0,5933,63.0,2213,,732,19.0,24502,2144
2020-09-07,23:39:00,,95,Haiti,11427875,8360,0.0,214,0.0,5933,0.0,2213,,732,19.0,24502,2144
2020-09-08,22:10:00,,95,Haiti,11428254,8376,16.0,214,0.0,5991,58.0,2171,,733,19.0,24811,2171
2020-09-09,22:01:00,,95,Haiti,11428634,8384,8.0,214,0.0,5991,0.0,2179,,734,19.0,24862,2175
2020-09-10,22:01:00,,95,Haiti,11429014,8384,0.0,214,0.0,5991,0.0,2179,,734,19.0,24862,2175
2020-09-11,22:00:00,,95,Haiti,11429394,8457,73.0,216,2.0,6120,129.0,2121,,740,19.0,24862,2175
2020-09-12,22:22:00,,95,Haiti,11429773,8478,21.0,219,3.0,6120,0.0,2139,,742,19.0,24862,2175
2020-09-13,22:01:00,,95,Haiti,11430153,8478,0.0,219,0.0,6120,0.0,2139,,742,19.0,24862,2175
2020-09-14,22:04:00,,95,Haiti,11430533,8499,21.0,219,0.0,6120,0.0,2160,,744,19.0,25752,2253
2020-09-15,21:00:00,,95,Haiti,11430912,8499,0.0,219,0.0,6120,0.0,2160,,744,19.0,25752,2253
2020-09-16,21:01:00,,95,Haiti,11431292,8530,31.0,220,1.0,6181,61.0,2129,,746,19.0,25752,2253
2020-09-18,20:01:00,,95,Haiti,11432052,8556,26.0,220,0.0,6315,134.0,2021,,748,19.0,25752,2253
2020-09-19,21:00:00,,95,Haiti,11432431,8600,44.0,221,1.0,6363,48.0,2016,,752,19.0,25752,2253
2020-09-20,22:31:00,,95,Haiti,11432811,8600,0.0,221,0.0,6363,0.0,2016,,752,19.0,25752,2252
2020-09-21,21:01:00,,95,Haiti,11433191,8624,24.0,221,0.0,6482,119.0,1921,,754,19.0,26732,2338
2020-09-22,21:01:00,,95,Haiti,11433570,8633,9.0,223,2.0,6482,0.0,1928,,755,20.0,27779,2430
2020-09-23,19:58:00,,95,Haiti,11433950,8646,13.0,225,2.0,6551,69.0,1870,,756,20.0,26975,2359
2020-09-24,21:00:00,,95,Haiti,11434330,8646,0.0,225,0.0,6551,0.0,1870,,756,20.0,26975,2359
2020-09-25,21:00:00,,95,Haiti,11434710,8684,38.0,227,2.0,6551,0.0,1906,,759,20.0,27444,2400
2020-09-26,21:00:00,,95,Haiti,11435089,8723,39.0,227,0.0,6551,0.0,1945,,763,20.0,27444,2400
2020-09-27,22:45:00,,95,Haiti,11435469,8723,0.0,227,0.0,6551,0.0,1945,,763,20.0,27444,2400
2020-09-28,22:00:00,,95,Haiti,11435849,8740,17.0,227,0.0,6688,137.0,1825,,764,20.0,27965,2445
2020-09-29,21:35:00,,95,Haiti,11436228,8740,0.0,227,0.0,6757,69.0,1756,,764,20.0,27986,2447
2020-09-30,22:00:00,,95,Haiti,11436608,8740,0.0,227,0.0,6757,0.0,1756,,764,20.0,27986,2447
2020-10-01,21:31:00,,95,Haiti,11436988,8766,26.0,229,2.0,6829,72.0,1708,,766,20.0,27986,2447
2020-10-02,22:36:00,,95,Haiti,11437368,8792,26.0,229,0.0,6949,120.0,1614,,769,20.0,28290,2473
2020-10-03,22:24:00,,95,Haiti,11437747,8792,0.0,229,0.0,6949,0.0,1614,,769,20.0,28290,2473
2020-10-04,21:01:00,,95,Haiti,11438127,8811,19.0,229,0.0,6949,0.0,1633,,770,20.0,28702,2509
2020-10-05,22:13:00,,95,Haiti,11438507,8819,8.0,229,0.0,6992,43.0,1598,,771,20.0,28702,2509
2020-10-06,23:01:00,,95,Haiti,11438886,8838,19.0,229,0.0,7013,21.0,1596,,773,20.0,29115,2545
2020-10-07,23:01:00,,95,Haiti,11439266,8838,0.0,229,0.0,7013,0.0,1596,,773,20.0,29115,2545
2020-10-08,23:59:00,,95,Haiti,11439646,8838,0.0,229,0.0,7013,0.0,1596,,773,20.0,29115,2545
2020-10-09,23:00:00,,95,Haiti,11440026,8854,16.0,230,1.0,7013,0.0,1611,,774,20.0,29115,2545
2020-10-10,23:00:00,,95,Haiti,11440405,8854,0.0,230,0.0,7013,0.0,1611,,774,20.0,29115,2545
2020-10-12,23:10:00,,95,Haiti,11441165,8882,28.0,230,0.0,7104,91.0,1548,,776,20.0,29115,2545
2020-10-13,23:01:00,,95,Haiti,11441545,8882,0.0,230,0.0,7104,0.0,1548,,776,20.0,29115,2545
2020-10-14,23:01:00,,95,Haiti,11441924,8908,26.0,231,1.0,7182,78.0,1495,,779,20.0,29115,2545
2020-10-15,14:09:00,11:06:00,95,Haiti,11442304,8908,0.0,231,0.0,7182,0.0,1495,,779,20.0,29115,2545
2020-10-16,22:08:00,19:06:00,95,Haiti,11442684,8925,17.0,231,0.0,7182,0.0,1512,,780,20.0,29115,2544
2020-10-17,23:01:00,19:58:00,95,Haiti,11443063,8925,0.0,231,0.0,7182,0.0,1512,,780,20.0,29115,2544
2020-10-18,22:05:00,19:03:00,95,Haiti,11443443,8956,31.0,231,0.0,7213,31.0,1512,,783,20.0,30184,2638
2020-10-19,22:05:00,18:59:00,95,Haiti,11443823,8964,8.0,231,0.0,7213,0.0,1520,,783,20.0,30938,2703
2020-10-20,22:05:00,19:04:00,95,Haiti,11444203,8976,12.0,231,0.0,7303,90.0,1442,,784,20.0,30938,2703
2020-10-21,22:05:00,19:03:00,95,Haiti,11444582,8979,3.0,231,0.0,7303,0.0,1445,,785,20.0,30938,2703
2020-10-22,22:05:00,19:04:00,95,Haiti,11444962,8979,0.0,231,0.0,7303,0.0,1445,,785,20.0,30938,2703
2020-10-23,22:05:00,19:02:00,95,Haiti,11445342,9007,28.0,231,0.0,7311,8.0,1465,,787,20.0,31387,2742
2020-10-24,23:41:00,20:40:00,95,Haiti,11445721,9015,8.0,231,0.0,7361,50.0,1423,,788,20.0,31783,2777
2020-10-25,23:00:00,20:58:00,95,Haiti,11446101,9015,0.0,231,0.0,7361,0.0,1423,,788,20.0,31783,2777
2020-10-26,23:00:00,20:56:00,95,Haiti,11446481,9026,11.0,232,1.0,7373,12.0,1421,,789,20.0,31783,2777
2020-10-27,23:00:00,20:58:00,95,Haiti,11446861,9026,0.0,232,0.0,7373,0.0,1421,,789,20.0,31783,2777
2020-10-28,23:00:00,20:58:00,95,Haiti,11447240,9040,14.0,232,0.0,7411,38.0,1397,,790,20.0,31869,2784
2020-10-29,23:00:00,20:57:00,95,Haiti,11447620,9046,6.0,232,0.0,7422,11.0,1392,,790,20.0,32056,2800
2020-10-30,23:00:00,20:58:00,95,Haiti,11448000,9057,11.0,232,0.0,7429,7.0,1396,,791,20.0,32176,2811
2020-10-31,23:00:00,20:59:00,95,Haiti,11448379,9057,0.0,232,0.0,7429,0.0,1396,,791,20.0,32176,2811
2020-11-01,23:00:00,20:59:00,95,Haiti,11448759,9057,0.0,232,0.0,7429,0.0,1396,,791,20.0,32176,2810
2020-11-02,23:00:00,20:57:00,95,Haiti,11449139,9057,0.0,232,0.0,7429,0.0,1396,,791,20.0,32176,2810
2020-11-03,23:00:00,20:59:00,95,Haiti,11449519,9057,0.0,232,0.0,7429,0.0,1396,,791,20.0,32176,2810
2020-11-04,23:00:00,20:57:00,95,Haiti,11449898,9057,0.0,232,0.0,7429,0.0,1396,,791,20.0,32176,2810
2020-11-05,23:00:00,20:59:00,95,Haiti,11450278,9100,43.0,232,0.0,7589,160.0,1279,,795,20.0,33019,2884
2020-11-06,23:00:00,20:58:00,95,Haiti,11450658,9109,9.0,232,0.0,7589,0.0,1288,,796,20.0,33073,2888
2020-11-07,23:00:00,20:57:00,95,Haiti,11451037,9127,18.0,232,0.0,7618,29.0,1277,,797,20.0,33073,2888
2020-11-08,23:00:00,20:49:00,95,Haiti,11451417,9127,0.0,232,0.0,7618,0.0,1277,,797,20.0,33073,2888
2020-11-09,23:00:00,20:59:00,95,Haiti,11451797,9127,0.0,232,0.0,7618,0.0,1277,,797,20.0,33073,2888
2020-11-10,23:00:00,20:59:00,95,Haiti,11452177,9137,10.0,232,0.0,7618,0.0,1287,,798,20.0,33073,2888
2020-11-11,23:00:00,20:56:00,95,Haiti,11452556,9137,0.0,232,0.0,7683,65.0,1222,,798,20.0,33073,2888
2020-11-12,23:00:00,20:59:00,95,Haiti,11452936,9152,15.0,232,0.0,7683,0.0,1237,,799,20.0,33073,2888
2020-11-13,23:00:00,20:58:00,95,Haiti,11453316,9160,8.0,232,0.0,7701,18.0,1227,,800,20.0,33073,2888
2020-11-14,23:00:00,20:57:00,95,Haiti,11453695,9168,8.0,232,0.0,7701,0.0,1235,,800,20.0,33073,2888
2020-11-15,23:00:00,20:53:00,95,Haiti,11454075,9168,0.0,232,0.0,7701,0.0,1235,,800,20.0,33073,2887
2020-11-16,23:00:00,20:59:00,95,Haiti,11454455,9168,0.0,232,0.0,7701,0.0,1235,,800,20.0,33073,2887
2020-11-17,23:00:00,20:58:00,95,Haiti,11454835,9188,20.0,232,0.0,7801,100.0,1155,,802,20.0,33073,2887
2020-11-18,23:00:00,20:57:00,95,Haiti,11455214,9191,3.0,232,0.0,7820,19.0,1139,,802,20.0,33073,2887
2020-11-19,23:00:00,20:59:00,95,Haiti,11455594,9191,0.0,232,0.0,7820,0.0,1139,,802,20.0,33073,2887
2020-11-20,23:00:00,20:59:00,95,Haiti,11455974,9208,17.0,232,0.0,7820,0.0,1156,,804,20.0,34734,3032
2020-11-21,23:00:00,20:58:00,95,Haiti,11456354,9211,3.0,232,0.0,7854,34.0,1125,,804,20.0,34734,3032
2020-11-22,23:00:00,20:59:00,95,Haiti,11456733,9214,3.0,232,0.0,7854,0.0,1128,,804,20.0,34734,3032
2020-11-23,23:00:00,20:58:00,95,Haiti,11457113,9214,0.0,232,0.0,7854,0.0,1128,,804,20.0,34734,3032
2020-11-24,23:00:00,20:57:00,95,Haiti,11457493,9224,10.0,232,0.0,7886,32.0,1106,,805,20.0,34734,3032
2020-11-25,23:00:00,20:58:00,95,Haiti,11457872,9229,5.0,232,0.0,7886,0.0,1111,,805,20.0,34734,3031
2020-11-26,23:00:00,20:47:00,95,Haiti,11458252,9248,19.0,232,0.0,7916,30.0,1100,,807,20.0,34734,3031
2020-11-27,23:00:00,20:59:00,95,Haiti,11458632,9256,8.0,232,0.0,7925,9.0,1099,,808,20.0,34734,3031
2020-11-28,23:00:00,20:46:00,95,Haiti,11459012,9264,8.0,232,0.0,7951,26.0,1081,,808,20.0,34734,3031
2020-11-29,23:00:00,20:51:00,95,Haiti,11459391,9272,8.0,232,0.0,7951,0.0,1089,,809,20.0,34734,3031
2020-11-30,23:00:00,20:57:00,95,Haiti,11459771,9272,0.0,232,0.0,7951,0.0,1089,,809,20.0,34734,3031
2020-12-01,23:00:00,20:55:00,95,Haiti,11460151,9294,22.0,233,1.0,8023,72.0,1038,,811,20.0,34734,3031
2020-12-02,23:00:00,20:58:00,95,Haiti,11460530,9296,2.0,233,0.0,8023,0.0,1040,,811,20.0,34734,3031
2020-12-03,23:00:00,20:59:00,95,Haiti,11460910,9313,17.0,233,0.0,8091,68.0,989,,813,20.0,34734,3031
2020-12-04,23:00:00,20:57:00,95,Haiti,11461290,9331,18.0,233,0.0,8114,23.0,984,,814,20.0,34734,3031
2020-12-05,23:00:00,20:58:00,95,Haiti,11461670,9347,16.0,233,0.0,8124,10.0,990,,816,20.0,34734,3030
2020-12-06,23:00:00,20:51:00,95,Haiti,11462049,9370,23.0,233,0.0,8146,22.0,991,,817,20.0,34734,3030
2020-12-07,23:00:00,20:57:00,95,Haiti,11462429,9370,0.0,233,0.0,8146,0.0,991,,817,20.0,34734,3030
2020-12-08,23:00:00,20:59:00,95,Haiti,11462809,9399,29.0,233,0.0,8148,2.0,1018,,820,20.0,34734,3030
2020-12-09,23:00:00,20:59:00,95,Haiti,11463188,9399,0.0,233,0.0,8148,0.0,1018,,820,20.0,34734,3030
2020-12-10,23:00:00,20:59:00,95,Haiti,11463568,9434,35.0,233,0.0,8170,22.0,1031,,823,20.0,34734,3030
2020-12-11,23:00:00,20:59:00,95,Haiti,11463948,9465,31.0,233,0.0,8214,44.0,1018,,826,20.0,34734,3030
2020-12-12,23:00:00,20:58:00,95,Haiti,11464328,9491,26.0,233,0.0,8241,27.0,1017,,828,20.0,34734,3030
2020-12-13,23:00:00,20:59:00,95,Haiti,11464707,9491,0.0,233,0.0,8241,0.0,1017,,828,20.0,34734,3030
2020-12-14,23:35:00,21:34:00,95,Haiti,11465087,9491,0.0,233,0.0,8241,0.0,1017,,828,20.0,34734,3030
2020-12-15,23:00:00,20:59:00,95,Haiti,11465467,9588,97.0,234,1.0,8280,39.0,1074,,836,20.0,34734,3029
2020-12-16,23:00:00,20:58:00,95,Haiti,11465846,9597,9.0,234,0.0,8280,0.0,1083,,837,20.0,34734,3029
2020-12-17,23:00:00,20:56:00,95,Haiti,11466226,9627,30.0,234,0.0,8310,30.0,1083,,840,20.0,34734,3029
2020-12-18,23:00:00,20:57:00,95,Haiti,11466606,9648,21.0,234,0.0,8321,11.0,1093,,841,20.0,34734,3029
2020-12-19,23:59:00,22:11:00,95,Haiti,11466986,9674,26.0,234,0.0,8336,15.0,1104,,844,20.0,39265,3424
2020-12-20,23:00:00,20:54:00,95,Haiti,11467365,9674,0.0,234,0.0,8336,0.0,1104,,844,20.0,39265,3424
2020-12-21,23:00:00,20:59:00,95,Haiti,11467745,9674,0.0,234,0.0,8336,0.0,1104,,844,20.0,39265,3424
2020-12-22,23:00:00,20:59:00,95,Haiti,11468125,9771,97.0,234,0.0,8408,72.0,1129,,852,20.0,39265,3424
