scrap_date,scrap_time,update_time_GMT,Country_id,Country,Population,TotalCases,NewCases,TotalDeaths,NewDeaths,TotalRecovered,NewRecovered,ActiveCases,SeriousCritical,Tot_Cases_1Mpop,Deaths_1Mpop,TotalTests,Tests_1Mpop
2020-08-02,20:00:00,,47,Honduras,9917550,42685,,1368,,5694,,35623,43,4304,138.0,105820,10670
2020-08-08,20:00:00,,47,Honduras,9920134,46365,3680.0,1465,97.0,6355,661.0,38545,45,4674,148.0,112370,11327
2020-08-12,20:00:00,,47,Honduras,9921857,48403,2038.0,1515,50.0,6805,450.0,40083,44,4878,153.0,118409,11934
2020-08-16,20:00:00,,47,Honduras,9923580,49979,1576.0,1567,52.0,7255,450.0,41157,37,5036,158.0,122434,12338
2020-08-17,20:00:00,,47,Honduras,9924011,50502,523.0,1575,8.0,7339,84.0,41588,37,5089,159.0,123539,12448
2020-08-18,20:00:00,,47,Honduras,9924442,50995,493.0,1583,8.0,7450,111.0,41962,37,5138,160.0,123539,12448
2020-08-19,20:00:00,,47,Honduras,9924872,51670,675.0,1593,10.0,7661,211.0,42416,45,5206,161.0,126374,12733
2020-08-20,17:53:00,,47,Honduras,9925303,52298,628.0,1608,15.0,7867,206.0,42823,43,5269,162.0,127946,12891
2020-08-23,21:09:00,,47,Honduras,9926595,53983,1685.0,1643,35.0,8449,582.0,43891,46,5438,166.0,132242,13322
2020-08-24,17:10:00,,47,Honduras,9927026,54511,528.0,1654,11.0,8532,83.0,44325,46,5491,167.0,132242,13321
2020-08-25,23:00:00,,47,Honduras,9927457,55479,968.0,1683,29.0,8556,24.0,45240,47,5588,170.0,135216,13620
2020-08-26,22:59:00,,47,Honduras,9927888,55877,398.0,1703,20.0,9124,568.0,45050,47,5628,172.0,135216,13620
2020-08-27,23:00:00,,47,Honduras,9928318,56649,772.0,1747,44.0,9169,45.0,45733,47,5706,176.0,135216,13619
2020-08-28,23:01:00,,47,Honduras,9928749,57669,1020.0,1803,56.0,9586,417.0,46280,39,5808,182.0,137618,13861
2020-08-29,12:29:00,,47,Honduras,9929180,58810,1141.0,1827,24.0,10076,490.0,46907,45,5923,184.0,141114,14212
2020-08-30,23:00:00,,47,Honduras,9929610,59645,835.0,1842,15.0,10156,80.0,47647,44,6007,186.0,142638,14365
2020-08-31,18:58:00,,47,Honduras,9930041,60174,529.0,1858,16.0,10242,86.0,48074,43,6060,187.0,143807,14482
2020-09-01,23:00:00,,47,Honduras,9930472,61014,840.0,1873,15.0,10396,154.0,48745,43,6144,189.0,143807,14481
2020-09-02,23:01:00,,47,Honduras,9930903,61769,755.0,1888,15.0,10430,34.0,49451,40,6220,190.0,145519,14653
2020-09-03,23:01:00,,47,Honduras,9931333,62526,757.0,1924,36.0,11147,717.0,49455,39,6296,194.0,148824,14985
2020-09-04,07:01:00,,47,Honduras,9931764,63158,632.0,1954,30.0,11618,471.0,49586,34,6359,197.0,150142,15117
2020-09-05,23:31:00,,47,Honduras,9932195,63798,640.0,1984,30.0,12347,729.0,49467,31,6423,200.0,151844,15288
2020-09-06,18:30:00,,47,Honduras,9932626,64352,554.0,2006,22.0,13115,768.0,49231,32,6479,202.0,153065,15410
2020-09-07,23:39:00,,47,Honduras,9933056,64764,412.0,2007,1.0,13418,303.0,49339,32,6520,202.0,153065,15410
2020-09-08,22:10:00,,47,Honduras,9933487,64814,50.0,2023,16.0,13828,410.0,48963,36,6525,204.0,154241,15527
2020-09-09,22:01:00,,47,Honduras,9933918,65218,404.0,2034,11.0,14273,445.0,48911,34,6565,205.0,154645,15567
2020-09-10,22:01:00,,47,Honduras,9934349,65597,379.0,2044,10.0,15064,791.0,48489,33,6603,206.0,155223,15625
2020-09-11,22:00:00,,47,Honduras,9934779,65802,205.0,2049,5.0,15577,513.0,48176,33,6623,206.0,155428,15645
2020-09-12,22:22:00,,47,Honduras,9935210,66049,247.0,2058,9.0,16613,1036.0,47378,31,6648,207.0,157292,15832
2020-09-13,22:01:00,,47,Honduras,9935641,67136,1087.0,2065,7.0,17770,1157.0,47301,31,6757,208.0,160162,16120
2020-09-14,22:04:00,,47,Honduras,9936072,67789,653.0,2079,14.0,17873,103.0,47837,26,6823,209.0,161483,16252
2020-09-15,21:00:00,,47,Honduras,9936502,68620,831.0,2087,8.0,18487,614.0,48046,26,6906,210.0,161483,16251
2020-09-16,21:01:00,,47,Honduras,9936933,68620,0.0,2087,0.0,18487,0.0,48046,26,6906,210.0,161483,16251
2020-09-18,20:01:00,,47,Honduras,9937794,70120,1500.0,2122,35.0,20677,2190.0,47321,20,7056,214.0,165904,16694
2020-09-19,21:00:00,,47,Honduras,9938225,70611,491.0,2146,24.0,21149,472.0,47316,27,7105,216.0,167103,16814
2020-09-20,22:31:00,,47,Honduras,9938656,71143,532.0,2166,20.0,21810,661.0,47167,22,7158,218.0,169602,17065
2020-09-21,21:01:00,,47,Honduras,9939087,71616,473.0,2184,18.0,22065,255.0,47367,21,7205,220.0,170765,17181
2020-09-22,21:01:00,,47,Honduras,9939517,72075,459.0,2204,20.0,22611,546.0,47260,21,7251,222.0,171673,17272
2020-09-23,19:58:00,,47,Honduras,9939948,72306,231.0,2206,2.0,23230,619.0,46870,20,7274,222.0,172323,17336
2020-09-24,21:00:00,,47,Honduras,9940379,72675,369.0,2222,16.0,24022,792.0,46431,20,7311,224.0,172323,17336
2020-09-25,21:00:00,,47,Honduras,9940810,73193,518.0,2249,27.0,24580,558.0,46364,20,7363,226.0,172323,17335
2020-09-26,21:00:00,,47,Honduras,9941240,73840,647.0,2271,22.0,25728,1148.0,45841,15,7428,228.0,174027,17506
2020-09-27,22:45:00,,47,Honduras,9941671,74548,708.0,2288,17.0,26088,360.0,46172,15,7499,230.0,175053,17608
2020-09-28,22:00:00,,47,Honduras,9942102,75109,561.0,2289,1.0,26374,286.0,46446,15,7555,230.0,176804,17783
2020-09-29,21:35:00,,47,Honduras,9942533,75537,428.0,2301,12.0,26957,583.0,46279,16,7597,231.0,178095,17912
2020-09-30,22:00:00,,47,Honduras,9942963,76098,561.0,2323,22.0,27383,426.0,46392,21,7653,234.0,179028,18005
2020-10-01,21:31:00,,47,Honduras,9943394,76900,802.0,2353,30.0,27922,539.0,46625,21,7734,237.0,179028,18005
2020-10-02,22:36:00,,47,Honduras,9943825,77598,698.0,2380,27.0,28517,595.0,46701,23,7804,239.0,181731,18276
2020-10-03,22:24:00,,47,Honduras,9944256,78269,671.0,2386,6.0,28978,461.0,46905,30,7871,240.0,183299,18433
2020-10-04,21:01:00,,47,Honduras,9944686,78788,519.0,2399,13.0,29187,209.0,47202,26,7923,241.0,184962,18599
2020-10-05,22:13:00,,47,Honduras,9945117,79629,841.0,2422,23.0,29305,118.0,47902,30,8007,244.0,186350,18738
2020-10-06,23:01:00,,47,Honduras,9945548,80020,391.0,2433,11.0,29768,463.0,47819,29,8046,245.0,188174,18920
2020-10-07,23:01:00,,47,Honduras,9945978,80662,642.0,2447,14.0,30131,363.0,48084,26,8110,246.0,189176,19020
2020-10-08,23:59:00,,47,Honduras,9946409,81016,354.0,2466,19.0,30590,459.0,47960,30,8145,248.0,190387,19141
2020-10-09,23:00:00,,47,Honduras,9946840,81672,656.0,2477,11.0,31089,499.0,48106,30,8211,249.0,192595,19362
2020-10-10,23:00:00,,47,Honduras,9947271,82552,880.0,2492,15.0,31736,647.0,48324,24,8299,251.0,194516,19555
2020-10-12,23:10:00,,47,Honduras,9948132,84081,1529.0,2512,20.0,32012,276.0,49557,24,8452,253.0,194516,19553
2020-10-13,23:01:00,,47,Honduras,9948563,84413,332.0,2521,9.0,32214,202.0,49678,34,8485,253.0,198841,19987
2020-10-14,23:01:00,,47,Honduras,9948994,84852,439.0,2528,7.0,32772,558.0,49552,25,8529,254.0,200039,20106
2020-10-15,14:09:00,11:06:00,47,Honduras,9949424,85458,606.0,2533,5.0,32990,218.0,49935,25,8589,255.0,200039,20106
2020-10-16,22:08:00,19:06:00,47,Honduras,9949855,86089,631.0,2552,19.0,34099,1109.0,49438,25,8652,256.0,200039,20105
2020-10-17,23:01:00,19:58:00,47,Honduras,9950286,86691,602.0,2556,4.0,34546,447.0,49589,26,8712,257.0,205258,20628
2020-10-18,22:05:00,19:03:00,47,Honduras,9950717,87594,903.0,2563,7.0,34662,116.0,50369,26,8803,258.0,205258,20627
2020-10-19,22:05:00,18:59:00,47,Honduras,9951147,88425,831.0,2568,5.0,34964,302.0,50893,23,8886,258.0,209170,21020
2020-10-20,22:05:00,19:04:00,47,Honduras,9951578,89381,956.0,2576,8.0,35398,434.0,51407,22,8982,259.0,211236,21226
2020-10-21,22:05:00,19:03:00,47,Honduras,9952009,90232,851.0,2582,6.0,35930,532.0,51720,25,9067,259.0,213204,21423
2020-10-22,22:05:00,19:04:00,47,Honduras,9952439,91078,846.0,2596,14.0,36341,411.0,52141,25,9151,261.0,213204,21422
2020-10-23,22:05:00,19:02:00,47,Honduras,9952870,91509,431.0,2604,8.0,37132,791.0,51773,27,9194,262.0,214418,21543
2020-10-24,23:41:00,20:40:00,47,Honduras,9953301,91882,373.0,2612,8.0,37697,565.0,51573,25,9231,262.0,217953,21898
2020-10-25,23:00:00,20:58:00,47,Honduras,9953732,92724,842.0,2617,5.0,37866,169.0,52241,25,9316,263.0,220422,22145
2020-10-26,23:00:00,20:56:00,47,Honduras,9954162,93214,490.0,2623,6.0,37996,130.0,52595,26,9364,264.0,221619,22264
2020-10-27,23:00:00,20:58:00,47,Honduras,9954593,93966,752.0,2633,10.0,38536,540.0,52797,25,9439,265.0,223346,22436
2020-10-28,23:00:00,20:58:00,47,Honduras,9955024,94623,657.0,2639,6.0,38833,297.0,53151,25,9505,265.0,225439,22646
2020-10-29,23:00:00,20:57:00,47,Honduras,9955455,95199,576.0,2652,13.0,39126,293.0,53421,25,9562,266.0,225439,22645
2020-10-30,23:00:00,20:58:00,47,Honduras,9955885,96150,951.0,2661,9.0,39804,678.0,53685,25,9658,267.0,225439,22644
2020-10-31,23:00:00,20:59:00,47,Honduras,9956316,96888,738.0,2669,8.0,40129,325.0,54090,23,9731,268.0,227440,22844
2020-11-01,23:00:00,20:59:00,47,Honduras,9956747,97404,516.0,2672,3.0,40379,250.0,54353,23,9783,268.0,229147,23014
2020-11-02,23:00:00,20:57:00,47,Honduras,9957178,98212,808.0,2675,3.0,40687,308.0,54850,19,9863,269.0,231005,23200
2020-11-03,23:00:00,20:59:00,47,Honduras,9957608,98405,193.0,2688,13.0,41116,429.0,54601,24,9882,270.0,231650,23264
2020-11-04,23:00:00,20:57:00,47,Honduras,9958039,98688,283.0,2706,18.0,41848,732.0,54134,24,9910,272.0,231650,23263
2020-11-05,23:00:00,20:59:00,47,Honduras,9958470,99124,436.0,2730,24.0,42153,305.0,54241,24,9954,274.0,231650,23262
2020-11-06,23:00:00,20:58:00,47,Honduras,9958901,99347,223.0,2736,6.0,42574,421.0,54037,24,9976,275.0,231650,23261
2020-11-07,23:00:00,20:57:00,47,Honduras,9959331,99576,229.0,2741,5.0,42609,35.0,54226,24,9998,275.0,231650,23260
2020-11-08,23:00:00,20:49:00,47,Honduras,9959762,100041,465.0,2745,4.0,42815,206.0,54481,24,10045,276.0,231650,23259
2020-11-09,23:00:00,20:59:00,47,Honduras,9960193,100508,467.0,2751,6.0,42959,144.0,54798,24,10091,276.0,231650,23258
2020-11-10,23:00:00,20:59:00,47,Honduras,9960623,100573,65.0,2765,14.0,43177,218.0,54631,24,10097,278.0,242391,24335
2020-11-11,23:00:00,20:56:00,47,Honduras,9961054,100804,231.0,2780,15.0,43507,330.0,54517,16,10120,279.0,243725,24468
2020-11-12,23:00:00,20:59:00,47,Honduras,9961485,101169,365.0,2797,17.0,43857,350.0,54515,16,10156,281.0,243725,24467
2020-11-13,23:00:00,20:58:00,47,Honduras,9961916,101468,299.0,2804,7.0,44068,211.0,54596,16,10186,281.0,243725,24466
2020-11-14,23:00:00,20:57:00,47,Honduras,9962346,102079,611.0,2820,16.0,44236,168.0,55023,21,10246,283.0,246269,24720
2020-11-15,23:00:00,20:53:00,47,Honduras,9962777,102555,476.0,2822,2.0,44551,315.0,55182,21,10294,283.0,246269,24719
2020-11-16,23:00:00,20:59:00,47,Honduras,9963208,103102,547.0,2823,1.0,44778,227.0,55501,21,10348,283.0,246269,24718
2020-11-17,23:00:00,20:58:00,47,Honduras,9963639,103239,137.0,2839,16.0,44915,137.0,55485,16,10362,285.0,251826,25275
2020-11-18,23:00:00,20:57:00,47,Honduras,9964069,103488,249.0,2839,0.0,45082,167.0,55567,16,10386,285.0,251826,25273
2020-11-19,23:00:00,20:59:00,47,Honduras,9964500,103488,0.0,2839,0.0,45082,0.0,55567,16,10386,285.0,251826,25272
2020-11-20,23:00:00,20:59:00,47,Honduras,9964931,103488,0.0,2839,0.0,45082,0.0,55567,13,10385,285.0,253377,25427
2020-11-21,23:00:00,20:58:00,47,Honduras,9965362,104179,691.0,2855,16.0,46133,1051.0,55191,133,10454,286.0,255418,25631
2020-11-22,23:00:00,20:59:00,47,Honduras,9965792,104435,256.0,2857,2.0,46208,75.0,55370,133,10479,287.0,255418,25629
2020-11-23,23:00:00,20:58:00,47,Honduras,9966223,104915,480.0,2859,2.0,46475,267.0,55581,133,10527,287.0,255418,25628
2020-11-24,23:00:00,20:57:00,47,Honduras,9966654,105211,296.0,2869,10.0,46616,141.0,55726,140,10556,288.0,258954,25982
2020-11-25,23:00:00,20:58:00,47,Honduras,9967085,105572,361.0,2877,8.0,46821,205.0,55874,118,10592,289.0,260224,26108
2020-11-26,23:00:00,20:47:00,47,Honduras,9967515,106116,544.0,2888,11.0,47006,185.0,56222,118,10646,290.0,260224,26107
2020-11-27,23:00:00,20:59:00,47,Honduras,9967946,106681,565.0,2892,4.0,47354,348.0,56435,107,10702,290.0,261638,26248
2020-11-28,23:00:00,20:46:00,47,Honduras,9968377,107134,453.0,2899,7.0,47576,222.0,56659,107,10747,291.0,261638,26247
2020-11-29,23:00:00,20:51:00,47,Honduras,9968807,107513,379.0,2905,6.0,47638,62.0,56970,107,10785,291.0,264898,26573
2020-11-30,23:00:00,20:57:00,47,Honduras,9969238,107888,375.0,2909,4.0,47680,42.0,57299,128,10822,292.0,267616,26844
2020-12-01,23:00:00,20:55:00,47,Honduras,9969669,108253,365.0,2918,9.0,48073,393.0,57262,128,10858,293.0,267616,26843
2020-12-02,23:00:00,20:58:00,47,Honduras,9970100,108253,0.0,2918,0.0,48073,0.0,57262,128,10858,293.0,267616,26842
2020-12-03,23:00:00,20:59:00,47,Honduras,9970530,109144,891.0,2930,12.0,48877,804.0,57337,128,10947,294.0,269711,27051
2020-12-04,23:00:00,20:57:00,47,Honduras,9970961,109760,616.0,2938,8.0,48953,76.0,57869,121,11008,295.0,271223,27201
2020-12-05,23:00:00,20:58:00,47,Honduras,9971392,109960,200.0,2941,3.0,49096,143.0,57923,121,11028,295.0,271223,27200
2020-12-06,23:00:00,20:51:00,47,Honduras,9971823,110723,763.0,2945,4.0,49311,215.0,58467,121,11104,295.0,271223,27199
2020-12-07,23:00:00,20:57:00,47,Honduras,9972253,111023,300.0,2946,1.0,49456,145.0,58621,121,11133,295.0,271223,27198
2020-12-08,23:00:00,20:59:00,47,Honduras,9972684,111707,684.0,2950,4.0,49781,325.0,58976,121,11201,296.0,271223,27197
2020-12-09,23:00:00,20:59:00,47,Honduras,9973115,112175,468.0,2952,2.0,50344,563.0,58879,121,11248,296.0,277350,27810
2020-12-10,23:00:00,20:59:00,47,Honduras,9973546,112792,617.0,2961,9.0,50888,544.0,58943,112,11309,297.0,277350,27809
2020-12-11,23:00:00,20:59:00,47,Honduras,9973976,113207,415.0,2968,7.0,50948,60.0,59291,112,11350,298.0,282300,28304
2020-12-12,23:00:00,20:58:00,47,Honduras,9974407,113708,501.0,2971,3.0,51244,296.0,59493,112,11400,298.0,282300,28302
2020-12-13,23:00:00,20:59:00,47,Honduras,9974838,114043,335.0,2974,3.0,51410,166.0,59659,112,11433,298.0,284003,28472
2020-12-14,23:35:00,21:34:00,47,Honduras,9975269,114359,316.0,2975,1.0,51478,68.0,59906,112,11464,298.0,284003,28471
2020-12-15,23:00:00,20:59:00,47,Honduras,9975699,114642,283.0,2989,14.0,51688,210.0,59965,112,11492,300.0,284003,28469
2020-12-16,23:00:00,20:58:00,47,Honduras,9976130,114943,301.0,3001,12.0,52392,704.0,59550,118,11522,301.0,289442,29013
2020-12-17,23:00:00,20:56:00,47,Honduras,9976561,115317,374.0,3013,12.0,52945,553.0,59359,118,11559,302.0,289442,29012
2020-12-18,23:00:00,20:57:00,47,Honduras,9976991,115474,157.0,3021,8.0,53499,554.0,58954,112,11574,303.0,291355,29203
2020-12-19,23:59:00,22:11:00,47,Honduras,9977422,116212,738.0,3023,2.0,54002,503.0,59187,112,11647,303.0,291355,29201
2020-12-20,23:00:00,20:54:00,47,Honduras,9977853,116860,648.0,3025,2.0,54200,198.0,59635,112,11712,303.0,291355,29200
2020-12-21,23:00:00,20:59:00,47,Honduras,9978284,117022,162.0,3027,2.0,54267,67.0,59728,112,11728,303.0,291355,29199
2020-12-22,23:00:00,20:59:00,47,Honduras,9978714,117190,168.0,3034,7.0,54304,37.0,59852,112,11744,304.0,291355,29198
