scrap_date,scrap_time,update date,update time-GMT,Country_id,Country,Population,TotalCases,NewCases,TotalDeaths,NewDeaths,TotalRecovered,NewRecovered,ActiveCases,"Serious,Critical",Tot_Cases_1M_pop,Deaths/1M pop,TotalTests,Tests_1M_pop,Continent_id
2020-08-02,20:00:00,2020-08-02,,47,Honduras,9917550,42685,671.0,1368,31.0,5694,140.0,35623,43,4304,138.0,105820,10670,1
2020-08-08,20:00:00,2020-08-08,,47,Honduras,9920134,46365,610.0,1465,19.0,6355,130.0,38545,45,4674,148.0,112370,11327,1
2020-08-12,20:00:00,2020-08-12,,47,Honduras,9921857,48403,531.0,1515,9.0,6805,156.0,40083,44,4878,153.0,118409,11934,1
2020-08-16,20:00:00,2020-08-16,,47,Honduras,9923580,49979,512.0,1567,19.0,7255,127.0,41157,37,5036,158.0,122434,12338,1
2020-08-17,20:00:00,2020-08-17,,47,Honduras,9924011,50502,523.0,1575,8.0,7339,84.0,41588,37,5089,159.0,123539,12448,1
2020-08-18,20:00:00,2020-08-18,,47,Honduras,9924442,50995,493.0,1583,8.0,7450,111.0,41962,37,5138,160.0,123539,12448,1
2020-08-19,20:00:00,2020-08-19,,47,Honduras,9924872,51670,675.0,1593,10.0,7661,211.0,42416,45,5206,161.0,126374,12733,1
2020-08-20,17:53:00,2020-08-20,,47,Honduras,9925303,52298,628.0,1608,15.0,7867,206.0,42823,43,5269,162.0,127946,12891,1
2020-08-23,21:09:00,2020-08-23,,47,Honduras,9926595,53983,602.0,1643,11.0,8449,178.0,43891,46,5438,166.0,132242,13322,1
2020-08-24,17:10:00,2020-08-24,,47,Honduras,9927026,54511,528.0,1654,11.0,8532,83.0,44325,46,5491,167.0,132242,13321,1
2020-08-25,23:00:00,2020-08-25,,47,Honduras,9927457,55479,968.0,1683,29.0,8556,24.0,45240,47,5588,170.0,135216,13620,1
2020-08-26,22:59:00,2020-08-26,,47,Honduras,9927888,55877,398.0,1703,20.0,9124,568.0,45050,47,5628,172.0,135216,13620,1
2020-08-27,23:00:00,2020-08-27,,47,Honduras,9928318,56649,772.0,1747,44.0,9169,45.0,45733,47,5706,176.0,135216,13619,1
2020-08-28,23:01:00,2020-08-28,,47,Honduras,9928749,57669,1020.0,1803,56.0,9586,417.0,46280,39,5808,182.0,137618,13861,1
2020-08-29,12:29:00,2020-08-29,,47,Honduras,9929180,58810,1141.0,1827,24.0,10076,490.0,46907,45,5923,184.0,141114,14212,1
2020-08-30,23:00:00,2020-08-30,,47,Honduras,9929610,59645,835.0,1842,15.0,10156,80.0,47647,44,6007,186.0,142638,14365,1
2020-08-31,18:58:00,2020-08-31,,47,Honduras,9930041,60174,529.0,1858,16.0,10242,86.0,48074,43,6060,187.0,143807,14482,1
2020-09-01,23:00:00,2020-09-01,,47,Honduras,9930472,61014,840.0,1873,15.0,10396,154.0,48745,43,6144,189.0,143807,14481,1
2020-09-02,23:01:00,2020-09-02,,47,Honduras,9930903,61769,755.0,1888,15.0,10430,34.0,49451,40,6220,190.0,145519,14653,1
2020-09-03,23:01:00,2020-09-03,,47,Honduras,9931333,62526,757.0,1924,36.0,11147,717.0,49455,39,6296,194.0,148824,14985,1
2020-09-04,07:01:00,2020-09-04,,47,Honduras,9931764,63158,632.0,1954,30.0,11618,471.0,49586,34,6359,197.0,150142,15117,1
2020-09-05,23:31:00,2020-09-05,,47,Honduras,9932195,63798,640.0,1984,30.0,12347,729.0,49467,31,6423,200.0,151844,15288,1
2020-09-06,18:30:00,2020-09-06,,47,Honduras,9932626,64352,554.0,2006,22.0,13115,768.0,49231,32,6479,202.0,153065,15410,1
2020-09-07,23:39:00,2020-09-07,,47,Honduras,9933056,64764,412.0,2007,1.0,13418,303.0,49339,32,6520,202.0,153065,15410,1
2020-09-08,22:10:00,2020-09-08,,47,Honduras,9933487,64814,50.0,2023,16.0,13828,410.0,48963,36,6525,204.0,154241,15527,1
2020-09-09,22:01:00,2020-09-09,,47,Honduras,9933918,65218,404.0,2034,11.0,14273,445.0,48911,34,6565,205.0,154645,15567,1
2020-09-10,22:01:00,2020-09-10,,47,Honduras,9934349,65597,379.0,2044,10.0,15064,791.0,48489,33,6603,206.0,155223,15625,1
2020-09-11,22:00:00,2020-09-11,,47,Honduras,9934779,65802,205.0,2049,5.0,15577,513.0,48176,33,6623,206.0,155428,15645,1
2020-09-12,22:22:00,2020-09-12,,47,Honduras,9935210,66049,247.0,2058,9.0,16613,1036.0,47378,31,6648,207.0,157292,15832,1
2020-09-13,22:01:00,2020-09-13,,47,Honduras,9935641,67136,1087.0,2065,7.0,17770,1157.0,47301,31,6757,208.0,160162,16120,1
2020-09-14,22:04:00,2020-09-14,,47,Honduras,9936072,67789,653.0,2079,14.0,17873,103.0,47837,26,6823,209.0,161483,16252,1
2020-09-15,21:00:00,2020-09-15,,47,Honduras,9936502,68620,831.0,2087,8.0,18487,614.0,48046,26,6906,210.0,161483,16251,1
2020-09-16,21:01:00,2020-09-16,,47,Honduras,9936933,68620,,2087,,18487,,48046,26,6906,210.0,161483,16251,1
2020-09-18,20:01:00,2020-09-18,,47,Honduras,9937794,70120,460.0,2122,20.0,20677,694.0,47321,20,7056,214.0,165904,16694,1
2020-09-19,21:00:00,2020-09-19,,47,Honduras,9938225,70611,491.0,2146,24.0,21149,472.0,47316,27,7105,216.0,167103,16814,1
2020-09-20,22:31:00,2020-09-20,,47,Honduras,9938656,71143,532.0,2166,20.0,21810,661.0,47167,22,7158,218.0,169602,17065,1
2020-09-21,21:01:00,2020-09-21,,47,Honduras,9939087,71616,473.0,2184,18.0,22065,255.0,47367,21,7205,220.0,170765,17181,1
2020-09-22,21:01:00,2020-09-22,,47,Honduras,9939517,72075,459.0,2204,20.0,22611,546.0,47260,21,7251,222.0,171673,17272,1
2020-09-23,19:58:00,2020-09-23,,47,Honduras,9939948,72306,231.0,2206,2.0,23230,619.0,46870,20,7274,222.0,172323,17336,1
2020-09-24,21:00:00,2020-09-24,,47,Honduras,9940379,72675,369.0,2222,16.0,24022,792.0,46431,20,7311,224.0,172323,17336,1
2020-09-25,21:00:00,2020-09-25,,47,Honduras,9940810,73193,518.0,2249,27.0,24580,558.0,46364,20,7363,226.0,172323,17335,1
2020-09-26,21:00:00,2020-09-26,,47,Honduras,9941240,73840,647.0,2271,22.0,25728,1148.0,45841,15,7428,228.0,174027,17506,1
2020-09-27,22:45:00,2020-09-27,,47,Honduras,9941671,74548,708.0,2288,17.0,26088,360.0,46172,15,7499,230.0,175053,17608,1
2020-09-28,22:00:00,2020-09-28,,47,Honduras,9942102,75109,561.0,2289,1.0,26374,286.0,46446,15,7555,230.0,176804,17783,1
2020-09-29,21:35:00,2020-09-29,,47,Honduras,9942533,75537,428.0,2301,12.0,26957,583.0,46279,16,7597,231.0,178095,17912,1
2020-09-30,22:00:00,2020-09-30,,47,Honduras,9942963,76098,561.0,2323,22.0,27383,426.0,46392,21,7653,234.0,179028,18005,1
2020-10-01,21:31:00,2020-10-01,,47,Honduras,9943394,76900,802.0,2353,30.0,27922,539.0,46625,21,7734,237.0,179028,18005,1
2020-10-02,22:36:00,2020-10-02,,47,Honduras,9943825,77598,698.0,2380,27.0,28517,595.0,46701,23,7804,239.0,181731,18276,1
2020-10-03,22:24:00,2020-10-03,,47,Honduras,9944256,78269,671.0,2386,6.0,28978,461.0,46905,30,7871,240.0,183299,18433,1
2020-10-04,21:01:00,2020-10-04,,47,Honduras,9944686,78788,519.0,2399,13.0,29187,209.0,47202,26,7923,241.0,184962,18599,1
2020-10-05,22:13:00,2020-10-05,,47,Honduras,9945117,79629,841.0,2422,23.0,29305,118.0,47902,30,8007,244.0,186350,18738,1
2020-10-06,23:01:00,2020-10-06,,47,Honduras,9945548,80020,391.0,2433,11.0,29768,463.0,47819,29,8046,245.0,188174,18920,1
2020-10-07,23:01:00,2020-10-07,,47,Honduras,9945978,80662,642.0,2447,14.0,30131,363.0,48084,26,8110,246.0,189176,19020,1
2020-10-08,23:59:00,2020-10-08,,47,Honduras,9946409,81016,354.0,2466,19.0,30590,459.0,47960,30,8145,248.0,190387,19141,1
2020-10-09,23:00:00,2020-10-09,,47,Honduras,9946840,81672,512.0,2477,11.0,31089,499.0,48106,30,8211,249.0,192595,19362,1
2020-10-10,23:00:00,2020-10-10,,47,Honduras,9947271,82552,880.0,2492,15.0,31736,647.0,48324,24,8299,251.0,194516,19555,1
2020-10-12,23:10:00,2020-10-12,,47,Honduras,9948132,84081,935.0,2512,8.0,32012,81.0,49557,24,8452,253.0,194516,19553,1
2020-10-13,23:01:00,2020-10-13,,47,Honduras,9948563,84413,332.0,2521,9.0,32214,202.0,49678,34,8485,253.0,198841,19987,1
2020-10-14,23:01:00,2020-10-14,,47,Honduras,9948994,84852,439.0,2528,7.0,32772,558.0,49552,25,8529,254.0,200039,20106,1
2020-10-15,14:09:00,2020-10-15,11:06:00,47,Honduras,9949424,85458,606.0,2533,5.0,32990,218.0,49935,25,8589,255.0,200039,20106,1
2020-10-16,22:08:00,2020-10-16,19:06:00,47,Honduras,9949855,86089,631.0,2552,19.0,34099,1109.0,49438,25,8652,256.0,200039,20105,1
2020-10-17,23:01:00,2020-10-17,19:58:00,47,Honduras,9950286,86691,602.0,2556,4.0,34546,447.0,49589,26,8712,257.0,205258,20628,1
