scrap_date,scrap_time,update_time_GMT,Country_id,Country,Population,TotalCases,NewCases,TotalDeaths,NewDeaths,TotalRecovered,NewRecovered,ActiveCases,SeriousCritical,Tot_Cases_1Mpop,Deaths_1Mpop,TotalTests,Tests_1Mpop
2020-08-02,20:00:00,,135,Iceland,341435,1907,,10,,1825,,72,,5585,29.0,138984,407058
2020-08-08,20:00:00,,135,Iceland,341471,1955,48.0,10,0.0,1833,8.0,112,1.0,5725,29.0,155718,456021
2020-08-12,20:00:00,,135,Iceland,341496,1968,13.0,10,0.0,1844,11.0,114,1.0,5763,29.0,164928,482957
2020-08-16,20:00:00,,135,Iceland,341520,1999,31.0,10,0.0,1870,26.0,119,1.0,5853,29.0,177586,519987
2020-08-17,20:00:00,,135,Iceland,341526,2014,15.0,10,0.0,1888,18.0,116,1.0,5897,29.0,183283,536659
2020-08-18,20:00:00,,135,Iceland,341532,2027,13.0,10,0.0,1895,7.0,122,1.0,5935,29.0,183283,536650
2020-08-19,20:00:00,,135,Iceland,341538,2027,0.0,10,0.0,1895,0.0,122,1.0,5935,29.0,185978,544531
2020-08-20,17:53:00,,135,Iceland,341544,2040,13.0,10,0.0,1913,18.0,117,1.0,5973,29.0,191690,561245
2020-08-23,21:09:00,,135,Iceland,341562,2064,24.0,10,0.0,1939,26.0,115,,6043,29.0,194963,570798
2020-08-24,17:10:00,,135,Iceland,341568,2073,9.0,10,0.0,1946,7.0,117,,6069,29.0,200733,587681
2020-08-25,23:00:00,,135,Iceland,341574,2077,4.0,10,0.0,1953,7.0,114,,6081,29.0,203085,594556
2020-08-26,22:59:00,,135,Iceland,341580,2082,5.0,10,0.0,1957,4.0,115,,6095,29.0,205935,602890
2020-08-27,23:00:00,,135,Iceland,341586,2087,5.0,10,0.0,1964,7.0,113,,6110,29.0,208384,610048
2020-08-28,23:01:00,,135,Iceland,341592,2092,5.0,10,0.0,1964,0.0,118,,6124,29.0,210223,615421
2020-08-29,12:29:00,,135,Iceland,341598,2092,0.0,10,0.0,1964,0.0,118,,6124,29.0,210223,615411
2020-08-30,23:00:00,,135,Iceland,341604,2105,13.0,10,0.0,1990,26.0,105,,6162,29.0,213608,625309
2020-08-31,18:58:00,,135,Iceland,341610,2107,2.0,10,0.0,1997,7.0,100,,6168,29.0,215302,630257
2020-09-01,23:00:00,,135,Iceland,341616,2116,9.0,10,0.0,2007,10.0,99,,6194,29.0,217282,636042
2020-09-02,23:01:00,,135,Iceland,341622,2121,5.0,10,0.0,2016,9.0,95,,6209,29.0,218917,640816
2020-09-03,23:01:00,,135,Iceland,341628,2128,7.0,10,0.0,2023,7.0,95,,6229,29.0,220898,646604
2020-09-04,07:01:00,,135,Iceland,341635,2128,0.0,10,0.0,2023,0.0,95,,6229,29.0,220898,646591
2020-09-05,23:31:00,,135,Iceland,341641,2136,8.0,10,0.0,2038,15.0,88,,6252,29.0,224180,656186
2020-09-06,18:30:00,,135,Iceland,341647,2136,0.0,10,0.0,2038,0.0,88,,6252,29.0,224180,656174
2020-09-07,23:39:00,,135,Iceland,341653,2141,5.0,10,0.0,2050,12.0,81,,6267,29.0,224180,656163
2020-09-08,22:10:00,,135,Iceland,341659,2150,9.0,10,0.0,2060,10.0,80,,6293,29.0,227051,664554
2020-09-10,22:01:00,,135,Iceland,341671,2157,7.0,10,0.0,2072,12.0,75,,6313,29.0,229999,673159
2020-09-11,22:00:00,,135,Iceland,341677,2161,4.0,10,0.0,2079,7.0,72,,6325,29.0,233083,682174
2020-09-12,22:22:00,,135,Iceland,341683,2161,0.0,10,0.0,2079,0.0,72,,6325,29.0,233083,682162
2020-09-13,22:01:00,,135,Iceland,341689,2165,4.0,10,0.0,2092,13.0,63,,6336,29.0,235362,688819
2020-09-14,22:04:00,,135,Iceland,341695,2168,3.0,10,0.0,2095,3.0,63,,6345,29.0,236368,691751
2020-09-15,21:00:00,,135,Iceland,341701,2174,6.0,10,0.0,2102,7.0,62,,6362,29.0,238049,696659
2020-09-16,21:01:00,,135,Iceland,341707,2189,15.0,10,0.0,2104,2.0,75,,6406,29.0,238738,698663
2020-09-18,20:01:00,,135,Iceland,341719,2230,41.0,10,0.0,2112,8.0,108,,6526,29.0,244348,715055
2020-09-19,21:00:00,,135,Iceland,341725,2307,77.0,10,0.0,2116,4.0,181,,6751,29.0,246791,722192
2020-09-20,22:31:00,,135,Iceland,341731,2346,39.0,10,0.0,2121,5.0,215,,6865,29.0,251437,735775
2020-09-21,21:01:00,,135,Iceland,341737,2377,31.0,10,0.0,2125,4.0,242,,6956,29.0,253708,742407
2020-09-22,21:01:00,,135,Iceland,341743,2419,42.0,10,0.0,2130,5.0,279,,7078,29.0,258015,754997
2020-09-23,19:58:00,,135,Iceland,341749,2476,57.0,10,0.0,2142,12.0,324,,7245,29.0,263180,770097
2020-09-24,21:00:00,,135,Iceland,341755,2512,36.0,10,0.0,2150,8.0,352,,7350,29.0,266113,778666
2020-09-25,21:00:00,,135,Iceland,341761,2561,49.0,10,0.0,2151,1.0,400,,7494,29.0,268837,786623
2020-09-26,21:00:00,,135,Iceland,341767,2601,40.0,10,0.0,2156,5.0,435,,7610,29.0,268837,786609
2020-09-27,22:45:00,,135,Iceland,341773,2623,22.0,10,0.0,2158,2.0,455,1.0,7675,29.0,273448,800087
2020-09-28,22:00:00,,135,Iceland,341779,2663,40.0,10,0.0,2161,3.0,492,1.0,7792,29.0,274842,804151
2020-09-29,21:35:00,,135,Iceland,341786,2663,0.0,10,0.0,2161,0.0,492,1.0,7791,29.0,274842,804135
2020-09-30,22:00:00,,135,Iceland,341792,2728,65.0,10,0.0,2167,6.0,551,2.0,7981,29.0,277139,810841
2020-10-01,21:31:00,,135,Iceland,341798,2769,41.0,10,0.0,2177,10.0,582,2.0,8101,29.0,281444,823422
2020-10-02,22:36:00,,135,Iceland,341804,2809,40.0,10,0.0,2194,17.0,605,3.0,8218,29.0,283504,829434
2020-10-03,22:24:00,,135,Iceland,341810,2872,63.0,10,0.0,2212,18.0,650,3.0,8402,29.0,285315,834718
2020-10-04,21:01:00,,135,Iceland,341816,2921,49.0,10,0.0,2277,65.0,634,3.0,8546,29.0,287010,839662
2020-10-05,22:13:00,,135,Iceland,341822,2980,59.0,10,0.0,2300,23.0,670,3.0,8718,29.0,289017,845519
2020-10-06,23:01:00,,135,Iceland,341828,3081,101.0,10,0.0,2324,24.0,747,4.0,9013,29.0,292244,854945
2020-10-07,23:01:00,,135,Iceland,341834,3172,91.0,10,0.0,2366,42.0,796,4.0,9279,29.0,294930,862787
2020-10-08,23:59:00,,135,Iceland,341840,3267,95.0,10,0.0,2411,45.0,846,3.0,9557,29.0,298292,872607
2020-10-09,23:00:00,,135,Iceland,341846,3373,106.0,10,0.0,2448,37.0,915,3.0,9867,29.0,302425,884682
2020-10-10,23:00:00,,135,Iceland,341852,3460,87.0,10,0.0,2466,18.0,984,3.0,10121,29.0,306489,896555
2020-10-12,23:10:00,,135,Iceland,341864,3582,122.0,10,0.0,2550,84.0,1022,3.0,10478,29.0,310144,907215
2020-10-13,23:01:00,,135,Iceland,341870,3668,86.0,10,0.0,2587,37.0,1071,3.0,10729,29.0,353275,1033361
2020-10-14,23:01:00,,135,Iceland,341876,3757,89.0,10,0.0,2615,28.0,1132,3.0,10989,29.0,316008,924335
2020-10-15,14:09:00,11:06:00,135,Iceland,341882,3837,80.0,10,0.0,2657,42.0,1170,3.0,11223,29.0,318797,932477
2020-10-16,22:08:00,19:06:00,135,Iceland,341888,3929,92.0,11,1.0,2713,56.0,1205,4.0,11492,32.0,321512,940402
2020-10-17,23:01:00,19:58:00,135,Iceland,341894,3998,69.0,11,0.0,2745,32.0,1242,4.0,11694,32.0,323840,947194
2020-10-18,22:05:00,19:03:00,135,Iceland,341900,4055,57.0,11,0.0,2804,59.0,1240,4.0,11860,32.0,325696,952606
2020-10-19,22:05:00,18:59:00,135,Iceland,341906,4101,46.0,11,0.0,2856,52.0,1234,4.0,11995,32.0,327046,956538
2020-10-20,22:05:00,19:04:00,135,Iceland,341912,4193,92.0,11,0.0,2930,74.0,1252,3.0,12263,32.0,329598,963985
2020-10-21,22:05:00,19:03:00,135,Iceland,341918,4230,37.0,11,0.0,3013,83.0,1206,3.0,12371,32.0,331351,969095
2020-10-22,22:05:00,19:04:00,135,Iceland,341924,4268,38.0,11,0.0,3098,85.0,1159,3.0,12482,32.0,333568,975562
2020-10-23,22:05:00,19:02:00,135,Iceland,341931,4308,40.0,11,0.0,3187,89.0,1110,3.0,12599,32.0,335426,980976
2020-10-24,23:41:00,20:40:00,135,Iceland,341937,4394,86.0,11,0.0,3302,115.0,1081,4.0,12850,32.0,337710,987638
2020-10-25,23:00:00,20:58:00,135,Iceland,341943,4448,54.0,11,0.0,3395,93.0,1042,4.0,13008,32.0,339123,991753
2020-10-26,23:00:00,20:56:00,135,Iceland,341949,4504,56.0,11,0.0,3463,68.0,1030,3.0,13172,32.0,340310,995207
2020-10-27,23:00:00,20:58:00,135,Iceland,341955,4574,70.0,11,0.0,3515,52.0,1048,3.0,13376,32.0,343009,1003082
2020-10-28,23:00:00,20:58:00,135,Iceland,341961,4671,97.0,12,1.0,3598,83.0,1061,1.0,13659,35.0,346162,1012285
2020-10-29,23:00:00,20:57:00,135,Iceland,341967,4719,48.0,12,0.0,3701,103.0,1006,1.0,13800,35.0,348202,1018233
2020-10-30,23:00:00,20:58:00,135,Iceland,341973,4797,78.0,13,1.0,3788,87.0,996,4.0,14027,38.0,350762,1025701
2020-10-31,23:00:00,20:59:00,135,Iceland,341979,4865,68.0,13,0.0,3873,85.0,979,4.0,14226,38.0,352919,1031990
2020-11-01,23:00:00,20:59:00,135,Iceland,341985,4890,25.0,15,2.0,3948,75.0,927,4.0,14299,44.0,354376,1036233
2020-11-02,23:00:00,20:57:00,135,Iceland,341991,4931,41.0,16,1.0,4010,62.0,905,4.0,14419,47.0,355647,1039931
2020-11-03,23:00:00,20:59:00,135,Iceland,341997,4958,27.0,16,0.0,4081,71.0,861,4.0,14497,47.0,357664,1045810
2020-11-04,23:00:00,20:57:00,135,Iceland,342003,4989,31.0,17,1.0,4174,93.0,798,3.0,14588,50.0,359946,1052464
2020-11-05,23:00:00,20:59:00,135,Iceland,342009,5017,28.0,18,1.0,4237,63.0,762,4.0,14669,53.0,361973,1058373
2020-11-06,23:00:00,20:58:00,135,Iceland,342015,5039,22.0,18,0.0,4286,49.0,735,4.0,14733,53.0,363854,1063854
2020-11-07,23:00:00,20:57:00,135,Iceland,342021,5063,24.0,18,0.0,4335,49.0,710,4.0,14803,53.0,365614,1068981
2020-11-08,23:00:00,20:49:00,135,Iceland,342027,5078,15.0,20,2.0,4423,88.0,635,4.0,14847,58.0,366707,1072158
2020-11-09,23:00:00,20:59:00,135,Iceland,342033,5101,23.0,23,3.0,4456,33.0,622,3.0,14914,67.0,367577,1074683
2020-11-10,23:00:00,20:59:00,135,Iceland,342039,5114,13.0,24,1.0,4521,65.0,569,3.0,14952,70.0,369171,1079324
2020-11-11,23:00:00,20:56:00,135,Iceland,342045,5142,28.0,24,0.0,4576,55.0,542,3.0,15033,70.0,370515,1083235
2020-11-12,23:00:00,20:59:00,135,Iceland,342051,5160,18.0,25,1.0,4663,87.0,472,3.0,15085,73.0,371651,1086537
2020-11-13,23:00:00,20:58:00,135,Iceland,342057,5170,10.0,25,0.0,4698,35.0,447,2.0,15114,73.0,372879,1090108
2020-11-14,23:00:00,20:57:00,135,Iceland,342063,5186,16.0,25,0.0,4767,69.0,394,3.0,15161,73.0,374231,1094041
2020-11-15,23:00:00,20:53:00,135,Iceland,342069,5189,3.0,25,0.0,4813,46.0,351,3.0,15169,73.0,374662,1095282
2020-11-16,23:00:00,20:59:00,135,Iceland,342075,5205,16.0,25,0.0,4840,27.0,340,3.0,15216,73.0,375767,1098493
2020-11-17,23:00:00,20:58:00,135,Iceland,342082,5215,10.0,25,0.0,4888,48.0,302,4.0,15245,73.0,377364,1103139
2020-11-18,23:00:00,20:57:00,135,Iceland,342088,5226,11.0,25,0.0,4934,46.0,267,4.0,15277,73.0,378551,1106590
2020-11-19,23:00:00,20:59:00,135,Iceland,342094,5231,5.0,25,0.0,4973,39.0,233,4.0,15291,73.0,379526,1109420
2020-11-20,23:00:00,20:59:00,135,Iceland,342100,5251,20.0,26,1.0,4993,20.0,232,3.0,15349,76.0,380447,1112093
2020-11-21,23:00:00,20:58:00,135,Iceland,342106,5269,18.0,26,0.0,5019,26.0,224,3.0,15402,76.0,381486,1115111
2020-11-22,23:00:00,20:59:00,135,Iceland,342112,5277,8.0,26,0.0,5046,27.0,205,3.0,15425,76.0,382264,1117365
2020-11-23,23:00:00,20:58:00,135,Iceland,342118,5289,12.0,26,0.0,5065,19.0,198,2.0,15460,76.0,382793,1118892
2020-11-24,23:00:00,20:57:00,135,Iceland,342124,5298,9.0,26,0.0,5086,21.0,186,2.0,15486,76.0,384004,1122412
2020-11-25,23:00:00,20:58:00,135,Iceland,342130,5312,14.0,26,0.0,5110,24.0,176,2.0,15526,76.0,384907,1125031
2020-11-26,23:00:00,20:47:00,135,Iceland,342136,5312,0.0,26,0.0,5110,0.0,176,2.0,15526,76.0,384907,1125012
2020-11-27,23:00:00,20:59:00,135,Iceland,342142,5346,34.0,26,0.0,5144,34.0,176,2.0,15625,76.0,386957,1130984
2020-11-28,23:00:00,20:46:00,135,Iceland,342148,5371,25.0,26,0.0,5152,8.0,193,2.0,15698,76.0,388310,1134918
2020-11-29,23:00:00,20:51:00,135,Iceland,342154,5381,10.0,26,0.0,5168,16.0,187,2.0,15727,76.0,389340,1137909
2020-11-30,23:00:00,20:57:00,135,Iceland,342160,5392,11.0,26,0.0,5179,11.0,187,2.0,15759,76.0,390068,1140016
2020-12-01,23:00:00,20:55:00,135,Iceland,342166,5413,21.0,27,1.0,5187,8.0,199,2.0,15820,79.0,391989,1145611
2020-12-02,23:00:00,20:58:00,135,Iceland,342172,5413,0.0,27,0.0,5187,0.0,199,2.0,15820,79.0,391989,1145591
2020-12-03,23:00:00,20:59:00,135,Iceland,342178,5448,35.0,27,0.0,5216,29.0,205,2.0,15922,79.0,395072,1154580
2020-12-04,23:00:00,20:57:00,135,Iceland,342184,5462,14.0,27,0.0,5223,7.0,212,2.0,15962,79.0,396283,1158099
2020-12-05,23:00:00,20:58:00,135,Iceland,342190,5476,14.0,27,0.0,5253,30.0,196,2.0,16003,79.0,397527,1161714
