scrap_date,scrap_time,update date,update time-GMT,Country_id,Country,Population,TotalCases,NewCases,TotalDeaths,NewDeaths,TotalRecovered,NewRecovered,ActiveCases,"Serious,Critical",Tot_Cases_1M_pop,Deaths/1M pop,TotalTests,Tests_1M_pop,Continent_id
2020-08-02,20:00:00,2020-08-02,,21,Iraq,40293665,129151,2447.0,4868,63.0,91886,2611.0,32397,498,3205,121.0,1029159,25541,3
2020-08-08,20:00:00,2020-08-08,,21,Iraq,40308497,147389,3325.0,5310,74.0,105504,2307.0,36575,577,3657,132.0,1127383,27969,3
2020-08-12,20:00:00,2020-08-12,,21,Iraq,40318386,156995,,5531,,112102,,39362,545,3894,137.0,1183950,29365,3
2020-08-16,20:00:00,2020-08-16,,21,Iraq,40328274,172583,,5785,,122700,,44098,590,4279,143.0,1263650,31334,3
2020-08-17,20:00:00,2020-08-17,,21,Iraq,40330746,180133,3202.0,5954,94.0,128945,3571.0,45234,605,4466,148.0,1304331,32341,3
2020-08-18,20:00:00,2020-08-18,,21,Iraq,40333218,184709,4576.0,6036,82.0,131840,2895.0,46833,574,4580,150.0,1304331,32339,3
2020-08-19,20:00:00,2020-08-19,,21,Iraq,40335690,184709,,6036,,131840,,46833,574,4579,150.0,1304331,32337,3
2020-08-20,17:53:00,2020-08-20,,21,Iraq,40338162,192797,3995.0,6208,87.0,137200,2831.0,49389,614,4780,154.0,1368727,33931,3
2020-08-23,21:09:00,2020-08-23,,21,Iraq,40345578,204341,3291.0,6428,75.0,146409,3016.0,51504,661,5065,159.0,1433626,35534,3
2020-08-24,17:10:00,2020-08-24,,21,Iraq,40348050,204341,,6428,,146409,,51504,661,5064,159.0,1433626,35531,3
2020-08-25,23:00:00,2020-08-25,,21,Iraq,40350522,211947,3962.0,6596,77.0,153761,3372.0,51590,574,5253,163.0,1482187,36733,3
2020-08-26,22:59:00,2020-08-26,,21,Iraq,40352994,215784,3837.0,6668,72.0,157215,3454.0,51901,595,5347,165.0,1502546,37235,3
2020-08-27,23:00:00,2020-08-27,,21,Iraq,40355467,219435,3651.0,6740,72.0,161009,3794.0,51686,566,5438,167.0,1524864,37786,3
2020-08-28,23:01:00,2020-08-28,,21,Iraq,40357939,223612,4177.0,6814,74.0,164874,3865.0,51924,582,5541,169.0,1547498,38344,3
2020-08-29,12:29:00,2020-08-29,,21,Iraq,40360411,223612,,6814,,164874,,51924,582,5540,169.0,1547498,38342,3
2020-08-30,23:00:00,2020-08-30,,21,Iraq,40362883,231177,3731.0,6959,68.0,172880,3860.0,51338,542,5727,172.0,1587326,39326,3
2020-08-31,18:58:00,2020-08-31,,21,Iraq,40365355,231177,,6959,,172880,,51338,542,5727,172.0,1587326,39324,3
2020-09-01,23:00:00,2020-09-01,,21,Iraq,40367827,238338,3404.0,7123,81.0,180473,3871.0,50742,521,5904,176.0,1624331,40238,3
2020-09-02,23:01:00,2020-09-02,,21,Iraq,40370299,242284,3946.0,7201,78.0,184205,3732.0,50878,527,6002,178.0,1647454,40809,3
2020-09-03,23:01:00,2020-09-03,,21,Iraq,40372771,247039,4755.0,7275,74.0,187757,3552.0,52007,496,6119,180.0,1670483,41376,3
2020-09-04,07:01:00,2020-09-04,,21,Iraq,40375243,247039,,7275,,187757,,52007,496,6119,180.0,1670483,41374,3
2020-09-05,23:31:00,2020-09-05,,21,Iraq,40377715,256719,4644.0,7422,63.0,195259,3891.0,54038,523,6358,184.0,1718157,42552,3
2020-09-06,18:30:00,2020-09-06,,21,Iraq,40380187,256719,,7422,,195259,,54038,523,6358,184.0,1718157,42550,3
2020-09-07,23:39:00,2020-09-07,,21,Iraq,40382659,260370,,7512,,198560,,54298,507,6448,186.0,1718157,42547,3
2020-09-08,22:10:00,2020-09-08,,21,Iraq,40385131,269578,4894.0,7657,68.0,206324,3465.0,55597,505,6675,190.0,1718157,42544,3
2020-09-09,22:01:00,2020-09-09,,21,Iraq,40387603,269578,,7657,,206324,,55597,505,6675,190.0,1718157,42542,3
2020-09-10,22:01:00,2020-09-10,,21,Iraq,40390075,278418,4597.0,7814,82.0,213817,3824.0,56787,540,6893,193.0,1718157,42539,3
2020-09-11,22:00:00,2020-09-11,,21,Iraq,40392547,282672,4254.0,7881,67.0,217396,3579.0,57395,566,6998,195.0,1718157,42536,3
2020-09-12,22:22:00,2020-09-12,,21,Iraq,40395020,286778,4106.0,7941,60.0,221283,3887.0,57554,575,7099,197.0,1883048,46616,3
2020-09-13,22:01:00,2020-09-13,,21,Iraq,40397492,290309,3531.0,8014,73.0,224705,3422.0,57590,546,7186,198.0,1883048,46613,3
2020-09-14,22:04:00,2020-09-14,,21,Iraq,40399964,294478,4169.0,8086,72.0,229132,4427.0,57260,539,7289,200.0,1926390,47683,3
2020-09-15,21:00:00,2020-09-15,,21,Iraq,40402436,298702,4224.0,8166,80.0,233346,4214.0,57190,570,7393,202.0,1948531,48228,3
2020-09-16,21:01:00,2020-09-16,,21,Iraq,40404908,303059,4357.0,8248,82.0,237241,3895.0,57570,604,7501,204.0,1973089,48833,3
2020-09-18,20:01:00,2020-09-18,,21,Iraq,40409852,311690,4305.0,8408,76.0,245305,4205.0,57977,536,7713,208.0,2021586,50027,3
2020-09-19,21:00:00,2020-09-19,,21,Iraq,40412324,315597,3907.0,8491,83.0,249539,4234.0,57567,536,7809,210.0,2039024,50455,3
2020-09-20,22:31:00,2020-09-20,,21,Iraq,40414796,319035,3438.0,8555,64.0,253591,4052.0,56889,537,7894,212.0,2057088,50899,3
2020-09-21,21:01:00,2020-09-21,,21,Iraq,40417268,322856,3821.0,8625,70.0,258075,4484.0,56156,537,7988,213.0,2076844,51385,3
2020-09-22,21:01:00,2020-09-22,,21,Iraq,40419740,327580,4724.0,8682,57.0,261757,3682.0,57141,546,8104,215.0,2098488,51917,3
2020-09-23,19:58:00,2020-09-23,,21,Iraq,40422212,332635,5055.0,8754,72.0,264988,3231.0,58893,541,8229,217.0,2121304,52479,3
2020-09-24,21:00:00,2020-09-24,,21,Iraq,40424684,337106,4471.0,8799,45.0,268761,3773.0,59546,527,8339,218.0,2141885,52985,3
2020-09-25,21:00:00,2020-09-25,,21,Iraq,40427156,341699,4593.0,8867,68.0,273266,4505.0,59566,553,8452,219.0,2162547,53492,3
2020-09-26,21:00:00,2020-09-26,,21,Iraq,40429628,345969,4270.0,8935,68.0,276918,3652.0,60116,547,8557,221.0,2180316,53929,3
2020-09-27,22:45:00,2020-09-27,,21,Iraq,40432101,349450,3481.0,8990,55.0,280673,3755.0,59787,533,8643,222.0,2198859,54384,3
2020-09-28,22:00:00,2020-09-28,,21,Iraq,40434573,353566,4116.0,9052,62.0,284784,4111.0,59730,532,8744,224.0,2220913,54926,3
2020-09-29,21:35:00,2020-09-29,,21,Iraq,40437045,358290,4724.0,9122,70.0,288812,4028.0,60356,559,8860,226.0,2244081,55496,3
2020-09-30,22:00:00,2020-09-30,,21,Iraq,40439517,362981,4691.0,9181,59.0,292197,3385.0,61603,550,8976,227.0,2266355,56043,3
2020-10-01,21:31:00,2020-10-01,,21,Iraq,40441989,367474,4493.0,9231,50.0,295882,3685.0,62361,550,9086,228.0,2289877,56621,3
2020-10-02,22:36:00,2020-10-02,,21,Iraq,40444461,372259,4785.0,9298,67.0,299804,3922.0,63157,562,9204,230.0,2311962,57164,3
2020-10-03,22:24:00,2020-10-03,,21,Iraq,40446933,375931,3672.0,9347,49.0,303665,3861.0,62919,538,9294,231.0,2330386,57616,3
2020-10-04,21:01:00,2020-10-04,,21,Iraq,40449405,379141,3210.0,9399,52.0,307482,3817.0,62260,523,9373,232.0,2349433,58083,3
2020-10-05,22:13:00,2020-10-05,,21,Iraq,40451877,382949,3808.0,9464,65.0,312158,4676.0,61327,556,9467,234.0,2371348,58621,3
2020-10-06,23:01:00,2020-10-06,,21,Iraq,40454349,387121,4172.0,9531,67.0,316371,4213.0,61219,479,9569,236.0,2395387,59212,3
2020-10-07,23:01:00,2020-10-07,,21,Iraq,40456821,391044,3923.0,9604,73.0,319784,3413.0,61656,506,9666,237.0,2419252,59798,3
2020-10-08,23:59:00,2020-10-08,,21,Iraq,40459293,394566,3522.0,9683,79.0,323815,4031.0,61068,524,9752,239.0,2439828,60303,3
2020-10-09,23:00:00,2020-10-09,,21,Iraq,40461765,397780,3214.0,9735,52.0,328097,4282.0,59948,523,9831,241.0,2456782,60719,3
2020-10-10,23:00:00,2020-10-10,,21,Iraq,40464237,400124,2344.0,9790,55.0,332330,4233.0,58004,530,9888,242.0,2470645,61057,3
2020-10-12,23:10:00,2020-10-12,,21,Iraq,40469182,405437,3107.0,9912,60.0,340050,3893.0,55475,489,10018,245.0,2507551,61962,3
2020-10-13,23:01:00,2020-10-13,,21,Iraq,40471654,409358,3921.0,9970,58.0,344208,4158.0,55180,501,10115,246.0,2528214,62469,3
2020-10-14,23:01:00,2020-10-14,,21,Iraq,40474126,413215,3857.0,10021,51.0,347396,3188.0,55798,475,10209,248.0,2548753,62972,3
2020-10-15,14:09:00,2020-10-15,11:06:00,21,Iraq,40476598,413215,,10021,,347396,,55798,475,10209,248.0,2548753,62969,3
2020-10-16,22:08:00,2020-10-16,19:06:00,21,Iraq,40479070,420303,3501.0,10142,56.0,353962,3210.0,56199,490,10383,251.0,2588780,63954,3
2020-10-17,23:01:00,2020-10-17,19:58:00,21,Iraq,40481542,423524,3221.0,10198,56.0,357291,3329.0,56035,491,10462,252.0,2605466,64362,3
2020-10-18,14:32:00,2020-10-18,11:25:00,21,Iraq,40484014,423524,,10198,,357291,,56035,491,10462,252.0,2605466,64358,3
