scrap_date,scrap_time,update_time_GMT,Country_id,Country,Population,TotalCases,NewCases,TotalDeaths,NewDeaths,TotalRecovered,NewRecovered,ActiveCases,SeriousCritical,Tot_Cases_1Mpop,Deaths_1Mpop,TotalTests,Tests_1Mpop
2020-08-02,20:00:00,,21,Iraq,40293665,129151,,4868,,91886,,32397,498,3205,121.0,1029159,25541
2020-08-08,20:00:00,,21,Iraq,40308497,147389,18238.0,5310,442.0,105504,13618.0,36575,577,3657,132.0,1127383,27969
2020-08-12,20:00:00,,21,Iraq,40318386,156995,9606.0,5531,221.0,112102,6598.0,39362,545,3894,137.0,1183950,29365
2020-08-16,20:00:00,,21,Iraq,40328274,172583,15588.0,5785,254.0,122700,10598.0,44098,590,4279,143.0,1263650,31334
2020-08-17,20:00:00,,21,Iraq,40330746,180133,7550.0,5954,169.0,128945,6245.0,45234,605,4466,148.0,1304331,32341
2020-08-18,20:00:00,,21,Iraq,40333218,184709,4576.0,6036,82.0,131840,2895.0,46833,574,4580,150.0,1304331,32339
2020-08-19,20:00:00,,21,Iraq,40335690,184709,0.0,6036,0.0,131840,0.0,46833,574,4579,150.0,1304331,32337
2020-08-20,17:53:00,,21,Iraq,40338162,192797,8088.0,6208,172.0,137200,5360.0,49389,614,4780,154.0,1368727,33931
2020-08-23,21:09:00,,21,Iraq,40345578,204341,11544.0,6428,220.0,146409,9209.0,51504,661,5065,159.0,1433626,35534
2020-08-24,17:10:00,,21,Iraq,40348050,204341,0.0,6428,0.0,146409,0.0,51504,661,5064,159.0,1433626,35531
2020-08-25,23:00:00,,21,Iraq,40350522,211947,7606.0,6596,168.0,153761,7352.0,51590,574,5253,163.0,1482187,36733
2020-08-26,22:59:00,,21,Iraq,40352994,215784,3837.0,6668,72.0,157215,3454.0,51901,595,5347,165.0,1502546,37235
2020-08-27,23:00:00,,21,Iraq,40355467,219435,3651.0,6740,72.0,161009,3794.0,51686,566,5438,167.0,1524864,37786
2020-08-28,23:01:00,,21,Iraq,40357939,223612,4177.0,6814,74.0,164874,3865.0,51924,582,5541,169.0,1547498,38344
2020-08-29,12:29:00,,21,Iraq,40360411,223612,0.0,6814,0.0,164874,0.0,51924,582,5540,169.0,1547498,38342
2020-08-30,23:00:00,,21,Iraq,40362883,231177,7565.0,6959,145.0,172880,8006.0,51338,542,5727,172.0,1587326,39326
2020-08-31,18:58:00,,21,Iraq,40365355,231177,0.0,6959,0.0,172880,0.0,51338,542,5727,172.0,1587326,39324
2020-09-01,23:00:00,,21,Iraq,40367827,238338,7161.0,7123,164.0,180473,7593.0,50742,521,5904,176.0,1624331,40238
2020-09-02,23:01:00,,21,Iraq,40370299,242284,3946.0,7201,78.0,184205,3732.0,50878,527,6002,178.0,1647454,40809
2020-09-03,23:01:00,,21,Iraq,40372771,247039,4755.0,7275,74.0,187757,3552.0,52007,496,6119,180.0,1670483,41376
2020-09-04,07:01:00,,21,Iraq,40375243,247039,0.0,7275,0.0,187757,0.0,52007,496,6119,180.0,1670483,41374
2020-09-05,23:31:00,,21,Iraq,40377715,256719,9680.0,7422,147.0,195259,7502.0,54038,523,6358,184.0,1718157,42552
2020-09-06,18:30:00,,21,Iraq,40380187,256719,0.0,7422,0.0,195259,0.0,54038,523,6358,184.0,1718157,42550
2020-09-07,23:39:00,,21,Iraq,40382659,260370,3651.0,7512,90.0,198560,3301.0,54298,507,6448,186.0,1718157,42547
2020-09-08,22:10:00,,21,Iraq,40385131,269578,9208.0,7657,145.0,206324,7764.0,55597,505,6675,190.0,1718157,42544
2020-09-09,22:01:00,,21,Iraq,40387603,269578,0.0,7657,0.0,206324,0.0,55597,505,6675,190.0,1718157,42542
2020-09-10,22:01:00,,21,Iraq,40390075,278418,8840.0,7814,157.0,213817,7493.0,56787,540,6893,193.0,1718157,42539
2020-09-11,22:00:00,,21,Iraq,40392547,282672,4254.0,7881,67.0,217396,3579.0,57395,566,6998,195.0,1718157,42536
2020-09-12,22:22:00,,21,Iraq,40395020,286778,4106.0,7941,60.0,221283,3887.0,57554,575,7099,197.0,1883048,46616
2020-09-13,22:01:00,,21,Iraq,40397492,290309,3531.0,8014,73.0,224705,3422.0,57590,546,7186,198.0,1883048,46613
2020-09-14,22:04:00,,21,Iraq,40399964,294478,4169.0,8086,72.0,229132,4427.0,57260,539,7289,200.0,1926390,47683
2020-09-15,21:00:00,,21,Iraq,40402436,298702,4224.0,8166,80.0,233346,4214.0,57190,570,7393,202.0,1948531,48228
2020-09-16,21:01:00,,21,Iraq,40404908,303059,4357.0,8248,82.0,237241,3895.0,57570,604,7501,204.0,1973089,48833
2020-09-18,20:01:00,,21,Iraq,40409852,311690,8631.0,8408,160.0,245305,8064.0,57977,536,7713,208.0,2021586,50027
2020-09-19,21:00:00,,21,Iraq,40412324,315597,3907.0,8491,83.0,249539,4234.0,57567,536,7809,210.0,2039024,50455
2020-09-20,22:31:00,,21,Iraq,40414796,319035,3438.0,8555,64.0,253591,4052.0,56889,537,7894,212.0,2057088,50899
2020-09-21,21:01:00,,21,Iraq,40417268,322856,3821.0,8625,70.0,258075,4484.0,56156,537,7988,213.0,2076844,51385
2020-09-22,21:01:00,,21,Iraq,40419740,327580,4724.0,8682,57.0,261757,3682.0,57141,546,8104,215.0,2098488,51917
2020-09-23,19:58:00,,21,Iraq,40422212,332635,5055.0,8754,72.0,264988,3231.0,58893,541,8229,217.0,2121304,52479
2020-09-24,21:00:00,,21,Iraq,40424684,337106,4471.0,8799,45.0,268761,3773.0,59546,527,8339,218.0,2141885,52985
2020-09-25,21:00:00,,21,Iraq,40427156,341699,4593.0,8867,68.0,273266,4505.0,59566,553,8452,219.0,2162547,53492
2020-09-26,21:00:00,,21,Iraq,40429628,345969,4270.0,8935,68.0,276918,3652.0,60116,547,8557,221.0,2180316,53929
2020-09-27,22:45:00,,21,Iraq,40432101,349450,3481.0,8990,55.0,280673,3755.0,59787,533,8643,222.0,2198859,54384
2020-09-28,22:00:00,,21,Iraq,40434573,353566,4116.0,9052,62.0,284784,4111.0,59730,532,8744,224.0,2220913,54926
2020-09-29,21:35:00,,21,Iraq,40437045,358290,4724.0,9122,70.0,288812,4028.0,60356,559,8860,226.0,2244081,55496
2020-09-30,22:00:00,,21,Iraq,40439517,362981,4691.0,9181,59.0,292197,3385.0,61603,550,8976,227.0,2266355,56043
2020-10-01,21:31:00,,21,Iraq,40441989,367474,4493.0,9231,50.0,295882,3685.0,62361,550,9086,228.0,2289877,56621
2020-10-02,22:36:00,,21,Iraq,40444461,372259,4785.0,9298,67.0,299804,3922.0,63157,562,9204,230.0,2311962,57164
2020-10-03,22:24:00,,21,Iraq,40446933,375931,3672.0,9347,49.0,303665,3861.0,62919,538,9294,231.0,2330386,57616
2020-10-04,21:01:00,,21,Iraq,40449405,379141,3210.0,9399,52.0,307482,3817.0,62260,523,9373,232.0,2349433,58083
2020-10-05,22:13:00,,21,Iraq,40451877,382949,3808.0,9464,65.0,312158,4676.0,61327,556,9467,234.0,2371348,58621
2020-10-06,23:01:00,,21,Iraq,40454349,387121,4172.0,9531,67.0,316371,4213.0,61219,479,9569,236.0,2395387,59212
2020-10-07,23:01:00,,21,Iraq,40456821,391044,3923.0,9604,73.0,319784,3413.0,61656,506,9666,237.0,2419252,59798
2020-10-08,23:59:00,,21,Iraq,40459293,394566,3522.0,9683,79.0,323815,4031.0,61068,524,9752,239.0,2439828,60303
2020-10-09,23:00:00,,21,Iraq,40461765,397780,3214.0,9735,52.0,328097,4282.0,59948,523,9831,241.0,2456782,60719
2020-10-10,23:00:00,,21,Iraq,40464237,400124,2344.0,9790,55.0,332330,4233.0,58004,530,9888,242.0,2470645,61057
2020-10-12,23:10:00,,21,Iraq,40469182,405437,5313.0,9912,122.0,340050,7720.0,55475,489,10018,245.0,2507551,61962
2020-10-13,23:01:00,,21,Iraq,40471654,409358,3921.0,9970,58.0,344208,4158.0,55180,501,10115,246.0,2528214,62469
2020-10-14,23:01:00,,21,Iraq,40474126,413215,3857.0,10021,51.0,347396,3188.0,55798,475,10209,248.0,2548753,62972
2020-10-15,14:09:00,11:06:00,21,Iraq,40476598,413215,0.0,10021,0.0,347396,0.0,55798,475,10209,248.0,2548753,62969
2020-10-16,22:08:00,19:06:00,21,Iraq,40479070,420303,7088.0,10142,121.0,353962,6566.0,56199,490,10383,251.0,2588780,63954
2020-10-17,23:01:00,19:58:00,21,Iraq,40481542,423524,3221.0,10198,56.0,357291,3329.0,56035,491,10462,252.0,2605466,64362
2020-10-18,22:05:00,19:03:00,21,Iraq,40484014,426634,3110.0,10254,56.0,360477,3186.0,55903,454,10538,253.0,2624351,64824
2020-10-19,22:05:00,18:59:00,21,Iraq,40486486,430678,4044.0,10317,63.0,363532,3055.0,56829,454,10638,255.0,2644770,65325
2020-10-20,22:05:00,19:04:00,21,Iraq,40488958,434598,3920.0,10366,49.0,366134,2602.0,58098,466,10734,256.0,2665530,65834
2020-10-21,22:05:00,19:03:00,21,Iraq,40491430,438265,3667.0,10418,52.0,369010,2876.0,58837,466,10824,257.0,2685744,66329
2020-10-22,22:05:00,19:04:00,21,Iraq,40493902,442164,3899.0,10465,47.0,371826,2816.0,59873,446,10919,258.0,2705941,66823
2020-10-23,22:05:00,19:02:00,21,Iraq,40496374,445949,3785.0,10513,48.0,375188,3362.0,60248,434,11012,260.0,2724328,67273
2020-10-24,23:41:00,20:40:00,21,Iraq,40498846,449153,3204.0,10568,55.0,378209,3021.0,60376,433,11091,261.0,2739678,67648
2020-10-25,23:00:00,20:58:00,21,Iraq,40501318,451707,2554.0,10623,55.0,381349,3140.0,59735,400,11153,262.0,2756365,68056
2020-10-26,23:00:00,20:56:00,21,Iraq,40503790,455398,3691.0,10671,48.0,384593,3244.0,60134,400,11243,263.0,2775402,68522
2020-10-27,23:00:00,20:58:00,21,Iraq,40506262,459908,4510.0,10724,53.0,388081,3488.0,61103,398,11354,265.0,2794774,68996
2020-10-28,23:00:00,20:58:00,21,Iraq,40508735,463951,4043.0,10770,46.0,391010,2929.0,62171,420,11453,266.0,2814495,69479
2020-10-29,23:00:00,20:57:00,21,Iraq,40511207,467755,3804.0,10815,45.0,394386,3376.0,62554,460,11546,267.0,2833070,69933
2020-10-30,23:00:00,20:58:00,21,Iraq,40513679,470633,2878.0,10862,47.0,397241,2855.0,62530,442,11617,268.0,2849335,70330
2020-10-31,23:00:00,20:59:00,21,Iraq,40516151,472630,1997.0,10910,48.0,399655,2414.0,62065,452,11665,269.0,2862007,70639
2020-11-01,23:00:00,20:59:00,21,Iraq,40518623,475288,2658.0,10966,56.0,402782,3127.0,61540,465,11730,271.0,2877217,71010
2020-11-02,23:00:00,20:57:00,21,Iraq,40521095,478701,3413.0,11017,51.0,405777,2995.0,61907,447,11814,272.0,2894127,71423
2020-11-03,23:00:00,20:59:00,21,Iraq,40523567,482296,3595.0,11068,51.0,408756,2979.0,62472,445,11902,273.0,2912818,71880
2020-11-04,23:00:00,20:57:00,21,Iraq,40526039,485870,3574.0,11128,60.0,417235,8479.0,57507,430,11989,275.0,2931341,72332
2020-11-05,23:00:00,20:59:00,21,Iraq,40528511,489571,3701.0,11175,47.0,420206,2971.0,58190,412,12080,276.0,2950888,72810
2020-11-06,23:00:00,20:58:00,21,Iraq,40530983,493139,3568.0,11244,69.0,423266,3060.0,58629,395,12167,277.0,2970814,73297
2020-11-07,23:00:00,20:57:00,21,Iraq,40533455,496019,2880.0,11283,39.0,425926,2660.0,58810,393,12237,278.0,2986621,73683
2020-11-08,23:00:00,20:49:00,21,Iraq,40535927,498549,2530.0,11327,44.0,428928,3002.0,58294,288,12299,279.0,3002586,74072
2020-11-09,23:00:00,20:59:00,21,Iraq,40538399,501733,3184.0,11380,53.0,432233,3305.0,58120,376,12377,281.0,3019706,74490
2020-11-10,23:00:00,20:59:00,21,Iraq,40540871,505310,3577.0,11432,52.0,434665,2432.0,59213,374,12464,282.0,3038467,74948
2020-11-11,23:00:00,20:56:00,21,Iraq,40543343,508508,3198.0,11482,50.0,436657,1992.0,60369,384,12542,283.0,3055845,75372
2020-11-12,23:00:00,20:59:00,21,Iraq,40545816,511806,3298.0,11532,50.0,439228,2571.0,61046,387,12623,284.0,3076646,75881
2020-11-13,23:00:00,20:58:00,21,Iraq,40548288,514496,2690.0,11580,48.0,441856,2628.0,61060,380,12688,286.0,3095079,76331
2020-11-14,23:00:00,20:57:00,21,Iraq,40550760,516915,2419.0,11623,43.0,444226,2370.0,61066,385,12747,287.0,3111672,76735
2020-11-15,23:00:00,20:53:00,21,Iraq,40553232,519152,2237.0,11670,47.0,447039,2813.0,60443,357,12802,288.0,3128402,77143
2020-11-16,23:00:00,20:59:00,21,Iraq,40555704,521542,2390.0,11712,42.0,449565,2526.0,60265,364,12860,289.0,3146289,77579
2020-11-17,23:00:00,20:58:00,21,Iraq,40558176,524503,2961.0,11752,40.0,453025,3460.0,59726,363,12932,290.0,3164903,78034
2020-11-18,23:00:00,20:57:00,21,Iraq,40560648,526852,2349.0,11795,43.0,455176,2151.0,59881,363,12989,291.0,3182819,78471
2020-11-19,23:00:00,20:59:00,21,Iraq,40563120,529226,2374.0,11834,39.0,457490,2314.0,59902,361,13047,292.0,3202083,78941
2020-11-20,23:00:00,20:59:00,21,Iraq,40565592,531769,2543.0,11883,49.0,460394,2904.0,59492,363,13109,293.0,3224305,79484
2020-11-21,23:00:00,20:58:00,21,Iraq,40568064,533555,1786.0,11925,42.0,463040,2646.0,58590,366,13152,294.0,3244188,79969
2020-11-22,23:00:00,20:59:00,21,Iraq,40570536,535321,1766.0,11958,33.0,465452,2412.0,57911,366,13195,295.0,3268102,80554
2020-11-23,23:00:00,20:58:00,21,Iraq,40573008,537457,2136.0,11996,38.0,467654,2202.0,57807,384,13247,296.0,3293010,81163
2020-11-24,23:00:00,20:57:00,21,Iraq,40575480,539749,2292.0,12031,35.0,469784,2130.0,57934,365,13302,297.0,3319514,81811
2020-11-25,23:00:00,20:58:00,21,Iraq,40577952,542187,2438.0,12086,55.0,472054,2270.0,58047,354,13362,298.0,3347344,82492
2020-11-26,23:00:00,20:47:00,21,Iraq,40580424,544670,2483.0,12125,39.0,474376,2322.0,58169,336,13422,299.0,3378165,83246
2020-11-27,23:00:00,20:59:00,21,Iraq,40582897,547215,2545.0,12167,42.0,476297,1921.0,58751,334,13484,300.0,3407922,83974
2020-11-28,23:00:00,20:46:00,21,Iraq,40585369,548821,1606.0,12200,33.0,478537,2240.0,58084,329,13523,301.0,3431953,84561
2020-11-29,23:00:00,20:51:00,21,Iraq,40587841,550435,1614.0,12224,24.0,480903,2366.0,57308,300,13562,301.0,3456825,85169
2020-11-30,23:00:00,20:57:00,21,Iraq,40590313,552549,2114.0,12258,34.0,482674,1771.0,57617,293,13613,302.0,3483319,85817
