Date,Scrap_time,Update_time_GMT,Country_id,Country,Population,TotalCases,NewCases,TotalDeaths,NewDeaths,TotalRecovered,NewRecovered,ActiveCases,SeriousCritical,Tot_Cases_1Mpop,Deaths_1Mpop,TotalTests,Tests_1Mpop
2020-08-02,20:00:00,,17,Italy,60453777,248070,,35154,,200460,,12456,42,4103,582.0,6873496,113698
2020-08-08,20:00:00,,17,Italy,60452326,250103,2033.0,35203,49.0,201947,1487.0,12953,43,4137,582.0,7212207,119304
2020-08-12,20:00:00,,17,Italy,60451358,251237,1134.0,35215,12.0,202461,514.0,13561,49,4156,583.0,7316918,121038
2020-08-16,20:00:00,,17,Italy,60450390,253438,2201.0,35392,177.0,203640,1179.0,14406,55,4192,585.0,7520610,124410
2020-08-17,20:00:00,,17,Italy,60450148,254235,797.0,35400,8.0,203968,328.0,14867,58,4206,586.0,7588083,125526
2020-08-18,20:00:00,,17,Italy,60449906,254636,401.0,35405,5.0,204142,174.0,15089,58,4212,586.0,7642059,126420
2020-08-19,20:00:00,,17,Italy,60449664,254636,0.0,35405,0.0,204142,0.0,15089,58,4212,586.0,7642059,126420
2020-08-20,17:53:00,,17,Italy,60449422,255278,642.0,35412,7.0,204506,364.0,15360,66,4223,586.0,7713154,127597
2020-08-23,21:09:00,,17,Italy,60448696,259345,4067.0,35437,25.0,205470,964.0,18438,69,4290,586.0,8007637,132470
2020-08-24,17:10:00,,17,Italy,60448454,259345,0.0,35437,0.0,205470,0.0,18438,69,4290,586.0,8007637,132471
2020-08-25,23:00:00,,17,Italy,60448212,261174,1829.0,35445,8.0,206015,545.0,19714,66,4321,586.0,8125892,134427
2020-08-26,22:59:00,,17,Italy,60447970,262540,1366.0,35458,13.0,206329,314.0,20753,69,4343,587.0,8219421,135975
2020-08-27,23:00:00,,17,Italy,60447728,263949,1409.0,35463,5.0,206554,225.0,21932,67,4367,587.0,8313445,137531
2020-08-28,23:01:00,,17,Italy,60447487,265409,1460.0,35472,9.0,206902,348.0,23035,74,4391,587.0,8410510,139137
2020-08-29,12:29:00,,17,Italy,60447245,265409,0.0,35472,0.0,206902,0.0,23035,74,4391,587.0,8410510,139138
2020-08-30,23:00:00,,17,Italy,60447003,268218,2809.0,35477,5.0,208536,1634.0,24205,86,4437,587.0,8591341,142130
2020-08-31,18:58:00,,17,Italy,60446761,268218,0.0,35477,0.0,208536,0.0,24205,86,4437,587.0,8591341,142131
2020-09-01,23:00:00,,17,Italy,60446519,270189,1971.0,35491,14.0,207944,-592.0,26754,107,4470,587.0,8725909,144358
2020-09-02,23:01:00,,17,Italy,60446277,271515,1326.0,35497,6.0,208201,257.0,27817,109,4492,587.0,8828868,146061
2020-09-03,23:01:00,,17,Italy,60446035,272912,1397.0,35507,10.0,208490,289.0,28915,120,4515,587.0,8921658,147597
2020-09-04,07:01:00,,17,Italy,60445793,272912,0.0,35507,0.0,208490,0.0,28915,120,4515,587.0,8921658,147598
2020-09-05,23:31:00,,17,Italy,60445551,276338,3426.0,35534,27.0,209610,1120.0,31194,121,4572,588.0,9142401,151250
2020-09-06,18:30:00,,17,Italy,60445309,277634,1296.0,35541,7.0,210015,405.0,32078,133,4593,588.0,9219257,152522
2020-09-07,23:39:00,,17,Italy,60445067,278784,1150.0,35553,12.0,210238,223.0,32993,142,4612,588.0,9271810,153392
2020-09-08,22:10:00,,17,Italy,60444825,280153,1369.0,35563,10.0,210801,563.0,33789,143,4635,588.0,9364213,154922
2020-09-09,22:01:00,,17,Italy,60444583,281583,1430.0,35577,14.0,211272,471.0,34734,150,4659,589.0,9460203,156510
2020-09-10,22:01:00,,17,Italy,60444341,283180,1597.0,35587,10.0,211885,613.0,35708,164,4685,589.0,9554389,158069
2020-09-11,22:00:00,,17,Italy,60444099,284796,1616.0,35597,10.0,212432,547.0,36767,175,4712,589.0,9653269,159706
2020-09-12,22:22:00,,17,Italy,60443857,286297,1501.0,35603,6.0,213191,759.0,37503,182,4737,589.0,9745975,161240
2020-09-13,22:01:00,,17,Italy,60443615,287753,1456.0,35610,7.0,213634,443.0,38509,187,4761,589.0,9818118,162434
2020-09-14,22:04:00,,17,Italy,60443373,288761,1008.0,35624,14.0,213950,316.0,39187,197,4777,589.0,9863427,163185
2020-09-15,21:00:00,,17,Italy,60443131,289990,1229.0,35633,9.0,214645,695.0,39712,201,4798,590.0,9943944,164517
2020-09-16,21:01:00,,17,Italy,60442889,291442,1452.0,35645,12.0,215265,620.0,40532,207,4822,590.0,10044551,166183
2020-09-18,20:01:00,,17,Italy,60442405,294932,3490.0,35668,23.0,216807,1542.0,42457,208,4880,590.0,10246163,169519
2020-09-19,21:00:00,,17,Italy,60442164,296569,1637.0,35692,24.0,217716,909.0,43161,215,4907,591.0,10349386,171228
2020-09-20,22:31:00,,17,Italy,60441922,298156,1587.0,35707,15.0,218351,635.0,44098,222,4933,591.0,10432814,172609
2020-09-21,21:01:00,,17,Italy,60441680,299506,1350.0,35724,17.0,218703,352.0,45079,232,4955,591.0,10488676,173534
2020-09-22,21:01:00,,17,Italy,60441438,300897,1391.0,35738,14.0,219670,967.0,45489,239,4978,591.0,10575979,174979
2020-09-23,19:58:00,,17,Italy,60441196,302537,1640.0,35758,20.0,220665,995.0,46114,244,5005,592.0,10679675,176695
2020-09-24,21:00:00,,17,Italy,60440954,304323,1786.0,35781,23.0,221762,1097.0,46780,246,5035,592.0,10787694,178483
2020-09-25,21:00:00,,17,Italy,60440712,306235,1912.0,35801,20.0,222716,954.0,47718,244,5067,592.0,10894963,180259
2020-09-26,21:00:00,,17,Italy,60440470,308104,1869.0,35818,17.0,223693,977.0,48593,247,5098,593.0,10999350,181987
2020-09-27,22:45:00,,17,Italy,60440228,309870,1766.0,35835,17.0,224417,724.0,49618,254,5127,593.0,11087064,183438
2020-09-28,22:00:00,,17,Italy,60439986,311364,1494.0,35851,16.0,225190,773.0,50323,264,5152,593.0,11138173,184285
2020-09-29,21:35:00,,17,Italy,60439744,313011,1647.0,35875,24.0,226506,1316.0,50630,271,5179,594.0,11228358,185778
2020-09-30,22:00:00,,17,Italy,60439502,314861,1850.0,35894,19.0,227704,1198.0,51263,280,5210,594.0,11333922,187525
2020-10-01,21:31:00,,17,Italy,60439260,317409,2548.0,35918,24.0,228844,1140.0,52647,291,5252,594.0,11452158,189482
2020-10-02,22:36:00,,17,Italy,60439018,319908,2499.0,35941,23.0,229970,1126.0,53997,294,5293,595.0,11572459,191473
2020-10-03,22:24:00,,17,Italy,60438776,322751,2843.0,35968,27.0,231217,1247.0,55566,297,5340,595.0,11691391,193442
2020-10-04,21:01:00,,17,Italy,60438534,325329,2578.0,35986,18.0,231914,697.0,57429,303,5383,595.0,11784105,194977
2020-10-05,22:13:00,,17,Italy,60438292,327586,2257.0,36002,16.0,232681,767.0,58903,323,5420,596.0,11844346,195974
2020-10-06,23:01:00,,17,Italy,60438050,330263,2677.0,36030,28.0,234099,1418.0,60134,319,5464,596.0,11944088,197625
2020-10-07,23:01:00,,17,Italy,60437808,333940,3677.0,36061,31.0,235303,1204.0,62576,337,5525,597.0,12069402,199700
2020-10-08,23:59:00,,17,Italy,60437566,338398,4458.0,36083,22.0,236363,1060.0,65952,358,5599,597.0,12197500,201820
2020-10-09,23:00:00,,17,Italy,60437324,343770,5372.0,36111,28.0,237549,1186.0,70110,387,5688,597.0,12326971,203963
2020-10-10,23:00:00,,17,Italy,60437083,349494,5724.0,36140,29.0,238525,976.0,74829,390,5783,598.0,12460055,206166
2020-10-12,23:10:00,,17,Italy,60436599,359569,10075.0,36205,65.0,240600,2075.0,82764,452,5950,599.0,12650155,209313
2020-10-13,23:01:00,,17,Italy,60436357,365467,5898.0,36246,41.0,242028,1428.0,87193,514,6047,600.0,12762699,211176
2020-10-14,23:01:00,,17,Italy,60436115,372799,7332.0,36289,43.0,244065,2037.0,92445,539,6168,600.0,12914895,213695
2020-10-15,14:09:00,11:06:00,17,Italy,60435873,372799,0.0,36289,0.0,244065,0.0,92445,539,6169,600.0,12914895,213696
2020-10-16,22:08:00,19:06:00,17,Italy,60435631,391611,18812.0,36427,138.0,247872,3807.0,107312,638,6480,603.0,13228204,218881
2020-10-17,23:01:00,19:58:00,17,Italy,60435389,402536,10925.0,36474,47.0,249127,1255.0,116935,705,6661,604.0,13394041,221626
2020-10-18,22:05:00,19:03:00,17,Italy,60435147,414241,11705.0,36543,69.0,251461,2334.0,126237,750,6854,605.0,13540582,224051
2020-10-19,22:05:00,18:59:00,17,Italy,60434905,423578,9337.0,36616,73.0,252959,1498.0,134003,797,7009,606.0,13639444,225688
2020-10-20,22:05:00,19:04:00,17,Italy,60434663,434449,10871.0,36705,89.0,255005,2046.0,142739,870,7189,607.0,13784181,228084
2020-10-21,22:05:00,19:03:00,17,Italy,60434421,449648,15199.0,36832,127.0,257374,2369.0,155442,926,7440,609.0,13962029,231028
2020-10-22,22:05:00,19:04:00,17,Italy,60434179,465726,16078.0,36968,136.0,259456,2082.0,169302,992,7706,612.0,14132421,233848
2020-10-23,22:05:00,19:02:00,17,Italy,60433937,484869,19143.0,37059,91.0,261808,2352.0,186002,1049,8023,613.0,14314453,236861
2020-10-24,23:41:00,20:40:00,17,Italy,60433695,504509,19640.0,37210,151.0,264117,2309.0,203182,1128,8348,616.0,14492122,239802
2020-10-25,23:00:00,20:58:00,17,Italy,60433453,525782,21273.0,37338,128.0,266203,2086.0,222241,1208,8700,618.0,14654002,242482
2020-10-26,23:00:00,20:56:00,17,Italy,60433211,542789,17007.0,37479,141.0,268626,2423.0,236684,1284,8982,620.0,14778688,244546
2020-10-27,23:00:00,20:58:00,17,Italy,60432969,564778,21989.0,37700,221.0,271988,3362.0,255090,1411,9346,624.0,14953086,247433
2020-10-28,23:00:00,20:58:00,17,Italy,60432727,589766,24988.0,37905,205.0,275404,3416.0,276457,1536,9759,627.0,15152038,250726
2020-10-29,23:00:00,20:57:00,17,Italy,60432485,616595,26829.0,38122,217.0,279282,3878.0,299191,1651,10203,631.0,15353490,254060
2020-10-30,23:00:00,20:58:00,17,Italy,60432243,647674,31079.0,38321,199.0,283567,4285.0,325786,1746,10717,634.0,15568575,257620
2020-10-31,23:00:00,20:59:00,17,Italy,60432001,679430,31756.0,38618,297.0,289426,5859.0,351386,1843,11243,639.0,15784461,261194
2020-11-01,23:00:00,20:59:00,17,Italy,60431760,709335,29905.0,38826,208.0,292380,2954.0,378129,1939,11738,642.0,15967918,264231
2020-11-02,23:00:00,20:57:00,17,Italy,60431518,731588,22253.0,39059,233.0,296017,3637.0,396512,2022,12106,646.0,16103649,266478
2020-11-03,23:00:00,20:59:00,17,Italy,60431276,759829,28241.0,39412,353.0,302275,6258.0,418142,2225,12573,652.0,16285936,269495
2020-11-04,23:00:00,20:57:00,17,Italy,60431034,790377,30548.0,39764,352.0,307378,5103.0,443235,2292,13079,658.0,16497767,273002
2020-11-05,23:00:00,20:59:00,17,Italy,60430792,824879,34502.0,40192,428.0,312339,4961.0,472348,2391,13650,665.0,16717651,276641
2020-11-06,23:00:00,20:58:00,17,Italy,60430550,862681,37802.0,40638,446.0,322925,10586.0,499118,2515,14276,672.0,16951896,280519
2020-11-07,23:00:00,20:57:00,17,Italy,60430308,902490,39809.0,41063,425.0,328891,5966.0,532536,2634,14934,680.0,17183569,284353
2020-11-08,23:00:00,20:49:00,17,Italy,60430066,935104,32614.0,41394,331.0,335074,6183.0,558636,2749,15474,685.0,17374713,287518
2020-11-09,23:00:00,20:59:00,17,Italy,60429824,960373,25269.0,41750,356.0,345289,10215.0,573334,2849,15892,691.0,17522438,289963
2020-11-10,23:00:00,20:59:00,17,Italy,60429582,995463,35090.0,42330,580.0,363023,17734.0,590110,2971,16473,700.0,17740196,293568
2020-11-11,23:00:00,20:56:00,17,Italy,60429340,1028424,32961.0,42953,623.0,372113,9090.0,613358,3081,17019,711.0,17965836,297303
2020-11-12,23:00:00,20:59:00,17,Italy,60429098,1066401,37977.0,43589,636.0,387758,15645.0,635054,3170,17647,721.0,18200508,301188
2020-11-13,23:00:00,20:58:00,17,Italy,60428856,1107303,40902.0,44139,550.0,399238,11480.0,663926,3230,18324,730.0,18455416,305407
2020-11-14,23:00:00,20:57:00,17,Italy,60428614,1144552,37249.0,44683,544.0,411434,12196.0,688435,3306,18941,739.0,18683111,309177
2020-11-15,23:00:00,20:53:00,17,Italy,60428372,1178529,33977.0,45229,546.0,420810,9376.0,712490,3422,19503,748.0,18878386,312409
2020-11-16,23:00:00,20:59:00,17,Italy,60428130,1205881,27352.0,45733,504.0,442364,21554.0,717784,3492,19956,757.0,19031049,314937
2020-11-17,23:00:00,20:58:00,17,Italy,60427888,1238072,32191.0,46464,731.0,457798,15434.0,733810,3612,20488,769.0,19239507,318388
2020-11-18,23:00:00,20:57:00,17,Italy,60427646,1272352,34280.0,47217,753.0,481967,24169.0,743168,3670,21056,781.0,19474341,322275
2020-11-19,23:00:00,20:59:00,17,Italy,60427404,1308528,36176.0,47870,653.0,498987,17020.0,761671,3712,21655,792.0,19724527,326417
2020-11-20,23:00:00,20:59:00,17,Italy,60427162,1345767,37239.0,48569,699.0,520022,21035.0,777176,3748,22271,804.0,19962604,330358
2020-11-21,23:00:00,20:58:00,17,Italy,60426920,1380531,34764.0,49261,692.0,539524,19502.0,791746,3758,22846,815.0,20199829,334285
2020-11-22,23:00:00,20:59:00,17,Italy,60426678,1408868,28337.0,49823,562.0,553098,13574.0,805947,3801,23315,825.0,20388576,337410
2020-11-23,23:00:00,20:58:00,17,Italy,60426437,1431795,22927.0,50453,630.0,584493,31395.0,796849,3810,23695,835.0,20537521,339876
2020-11-24,23:00:00,20:57:00,17,Italy,60426195,1455022,23227.0,51306,853.0,605330,20837.0,798386,3816,24079,849.0,20726180,343000
2020-11-25,23:00:00,20:58:00,17,Italy,60425953,1480874,25852.0,52028,722.0,637149,31819.0,791697,3848,24507,861.0,20956187,346808
2020-11-26,23:00:00,20:47:00,17,Italy,60425711,1509875,29001.0,52850,822.0,661180,24031.0,795845,3846,24987,875.0,21188898,350660
2020-11-27,23:00:00,20:59:00,17,Italy,60425469,1538217,28342.0,53677,827.0,696647,35467.0,787893,3782,25456,888.0,21411701,354349
2020-11-28,23:00:00,20:46:00,17,Italy,60425227,1564532,26315.0,54363,686.0,720861,24214.0,789308,3762,25892,900.0,21637641,358090
2020-11-29,23:00:00,20:51:00,17,Italy,60424985,1585178,20646.0,54904,541.0,734503,13642.0,795771,3753,26234,909.0,21814575,361019
2020-11-30,23:00:00,20:57:00,17,Italy,60424743,1601554,16376.0,55576,672.0,757507,23004.0,788471,3744,26505,920.0,21945099,363181
2020-12-01,23:00:00,20:55:00,17,Italy,60424501,1620901,19347.0,56361,785.0,784595,27088.0,779945,3663,26825,933.0,22127199,366196
2020-12-02,23:00:00,20:58:00,17,Italy,60424259,1641610,20709.0,57045,684.0,823335,38740.0,761230,3616,27168,944.0,22334342,369625
2020-12-03,23:00:00,20:59:00,17,Italy,60424017,1664829,23219.0,58038,993.0,846809,23474.0,759982,3597,27552,961.0,22561071,373379
2020-12-04,23:00:00,20:57:00,17,Italy,60423775,1688939,24110.0,58852,814.0,872385,25576.0,757702,3567,27952,974.0,22767130,376791
2020-12-05,23:00:00,20:58:00,17,Italy,60423533,1709991,21052.0,59514,662.0,896308,23923.0,754169,3517,28300,985.0,22962114,380019
2020-12-06,23:00:00,20:51:00,17,Italy,60423291,1728878,18887.0,60078,564.0,913494,17186.0,755306,3454,28613,994.0,23125664,382728
2020-12-07,23:00:00,20:57:00,17,Italy,60423049,1742557,13679.0,60606,528.0,933132,19638.0,748819,3382,28839,1003.0,23236881,384570
2020-12-08,23:00:00,20:59:00,17,Italy,60422807,1757394,14837.0,61240,634.0,958629,25497.0,737525,3345,29085,1014.0,23386113,387041
2020-12-09,23:00:00,20:59:00,17,Italy,60422565,1770149,12755.0,61739,499.0,997895,39266.0,710515,3320,29296,1022.0,23504588,389003
2020-12-10,23:00:00,20:59:00,17,Italy,60422323,1787147,16998.0,62626,887.0,1027994,30099.0,696527,3291,29578,1036.0,23676174,391845
2020-12-11,23:00:00,20:59:00,17,Italy,60422081,1805873,18726.0,63387,761.0,1052163,24169.0,690323,3265,29888,1049.0,23866590,394998
2020-12-12,23:00:00,20:58:00,17,Italy,60421839,1825775,19902.0,64036,649.0,1076891,24728.0,684848,3199,30217,1060.0,24063029,398251
2020-12-13,23:00:00,20:59:00,17,Italy,60421597,1843712,17937.0,64520,484.0,1093161,16270.0,686031,3158,30514,1068.0,24215726,400779
2020-12-14,23:35:00,21:34:00,17,Italy,60421355,1855737,12025.0,65011,491.0,1115617,22456.0,675109,3095,30713,1076.0,24319310,402495
2020-12-15,23:00:00,20:59:00,17,Italy,60421114,1870576,14839.0,65857,846.0,1137416,21799.0,667303,3003,30959,1090.0,24482190,405193
2020-12-16,23:00:00,20:58:00,17,Italy,60420872,1888144,17568.0,66537,680.0,1175901,38485.0,645706,2926,31250,1101.0,24683230,408522
2020-12-17,23:00:00,20:56:00,17,Italy,60420630,1906377,18233.0,67220,683.0,1203814,27913.0,635343,2855,31552,1113.0,24868550,411590
2020-12-18,23:00:00,20:57:00,17,Italy,60420388,1906377,0.0,67220,0.0,1203814,0.0,635343,2855,31552,1113.0,24868550,411592
2020-12-19,23:59:00,22:11:00,17,Italy,60420146,1938083,31706.0,68447,1227.0,1249470,45656.0,620166,2784,32077,1133.0,24991705,413632
2020-12-20,23:00:00,20:54:00,17,Italy,60419904,1953185,15102.0,68799,352.0,1261626,12156.0,622760,2743,32327,1139.0,25129125,415908
2020-12-21,23:00:00,20:59:00,17,Italy,60419662,1964054,10869.0,69214,415.0,1281258,19632.0,613582,2731,32507,1146.0,25217014,417364
2020-12-22,23:00:00,20:59:00,17,Italy,60419420,1977370,13316.0,69842,628.0,1301573,20315.0,605955,2687,32727,1156.0,25383219,420117
2020-12-23,23:00:00,20:58:00,17,Italy,60419178,1991278,13908.0,70395,553.0,1322067,20494.0,598816,2624,32958,1165.0,25558583,423021
2020-12-24,23:00:00,20:55:00,17,Italy,60418936,2009317,18039.0,70900,505.0,1344785,22718.0,593632,2589,33256,1173.0,25752360,426230
2020-12-25,23:00:00,20:59:00,17,Italy,60418694,2028354,19037.0,71359,459.0,1377109,32324.0,579886,2584,33572,1181.0,25904694,428753
2020-12-26,23:00:00,20:59:00,17,Italy,60418452,2038759,10405.0,71620,261.0,1386198,9089.0,580941,2582,33744,1185.0,25985979,430100
2020-12-27,23:00:00,20:56:00,17,Italy,60418210,2047696,8937.0,71925,305.0,1394011,7813.0,581760,2580,33892,1190.0,26046137,431097
2020-12-28,23:00:00,20:58:00,17,Italy,60417968,2056277,8581.0,72370,445.0,1408686,14675.0,575221,2565,34034,1198.0,26114818,432236
