scrap_date,scrap_time,update_time_GMT,Country_id,Country,Population,TotalCases,NewCases,TotalDeaths,NewDeaths,TotalRecovered,NewRecovered,ActiveCases,SeriousCritical,Tot_Cases_1Mpop,Deaths_1Mpop,TotalTests,Tests_1Mpop
2020-08-02,20:00:00,,145,Jamaica,2962302,883,,10,,743,,130,,298,3.0,39053,13183
2020-08-08,20:00:00,,145,Jamaica,2962513,987,104.0,13,3.0,745,2.0,229,,333,4.0,42447,14328
2020-08-12,20:00:00,,145,Jamaica,2962654,1047,60.0,14,1.0,753,8.0,280,,353,5.0,44371,14977
2020-08-16,20:00:00,,145,Jamaica,2962795,1106,59.0,14,0.0,761,8.0,331,2.0,373,5.0,46227,15602
2020-08-17,20:00:00,,145,Jamaica,2962830,1113,7.0,14,0.0,764,3.0,335,2.0,376,5.0,46517,15700
2020-08-18,20:00:00,,145,Jamaica,2962865,1129,16.0,14,0.0,764,0.0,351,1.0,381,5.0,46924,15837
2020-08-19,20:00:00,,145,Jamaica,2962901,1146,17.0,14,0.0,770,6.0,362,1.0,387,5.0,47865,16155
2020-08-20,17:53:00,,145,Jamaica,2962936,1192,46.0,14,0.0,772,2.0,406,1.0,402,5.0,49215,16610
2020-08-23,21:09:00,,145,Jamaica,2963042,1413,221.0,16,2.0,817,45.0,580,4.0,477,5.0,52502,17719
2020-08-24,17:10:00,,145,Jamaica,2963077,1529,116.0,16,0.0,819,2.0,694,4.0,516,5.0,53390,18018
2020-08-25,23:00:00,,145,Jamaica,2963112,1612,83.0,16,0.0,819,0.0,777,3.0,544,5.0,54055,18243
2020-08-26,22:59:00,,145,Jamaica,2963147,1732,120.0,19,3.0,840,21.0,873,3.0,585,6.0,54658,18446
2020-08-27,23:00:00,,145,Jamaica,2963182,1804,72.0,19,0.0,846,6.0,939,4.0,609,6.0,55099,18595
2020-08-28,23:01:00,,145,Jamaica,2963218,1870,66.0,19,0.0,846,0.0,1005,4.0,631,6.0,55605,18765
2020-08-29,12:29:00,,145,Jamaica,2963253,2011,141.0,19,0.0,888,42.0,1104,4.0,679,6.0,56494,19065
2020-08-30,23:00:00,,145,Jamaica,2963288,2113,102.0,20,1.0,890,2.0,1203,4.0,713,7.0,57075,19261
2020-08-31,18:58:00,,145,Jamaica,2963323,2357,244.0,21,1.0,890,0.0,1446,4.0,795,7.0,58279,19667
2020-09-01,23:00:00,,145,Jamaica,2963359,2459,102.0,21,0.0,890,0.0,1548,6.0,830,7.0,59107,19946
2020-09-02,23:01:00,,145,Jamaica,2963394,2683,224.0,24,3.0,898,8.0,1761,6.0,905,8.0,60309,20351
2020-09-03,23:01:00,,145,Jamaica,2963429,2822,139.0,27,3.0,900,2.0,1895,7.0,952,9.0,61229,20662
2020-09-04,07:01:00,,145,Jamaica,2963464,2896,74.0,29,2.0,921,21.0,1946,7.0,977,10.0,61690,20817
2020-09-05,23:31:00,,145,Jamaica,2963500,2964,68.0,30,1.0,922,1.0,2012,7.0,1000,10.0,62258,21008
2020-09-06,18:30:00,,145,Jamaica,2963535,3024,60.0,32,2.0,950,28.0,2042,7.0,1020,11.0,62609,21126
2020-09-07,23:39:00,,145,Jamaica,2963570,3103,79.0,33,1.0,958,8.0,2112,8.0,1047,11.0,63252,21343
2020-09-08,22:10:00,,145,Jamaica,2963605,3183,80.0,34,1.0,974,16.0,2175,8.0,1074,11.0,63890,21558
2020-09-10,22:01:00,,145,Jamaica,2963676,3437,254.0,38,4.0,1019,45.0,2380,8.0,1160,13.0,65623,22142
2020-09-11,22:00:00,,145,Jamaica,2963711,3511,74.0,40,2.0,1019,0.0,2452,8.0,1185,13.0,66072,22294
2020-09-12,22:22:00,,145,Jamaica,2963746,3511,0.0,40,0.0,1019,0.0,2452,8.0,1185,13.0,66072,22293
2020-09-13,22:01:00,,145,Jamaica,2963781,3623,112.0,40,0.0,1072,53.0,2511,7.0,1222,13.0,66715,22510
2020-09-14,22:04:00,,145,Jamaica,2963817,3771,148.0,42,2.0,1149,77.0,2580,5.0,1272,14.0,67347,22723
2020-09-15,21:00:00,,145,Jamaica,2963852,3933,162.0,44,2.0,1161,12.0,2728,7.0,1327,15.0,67973,22934
2020-09-16,21:01:00,,145,Jamaica,2963887,4164,231.0,46,2.0,1180,19.0,2938,8.0,1405,16.0,69026,23289
2020-09-18,20:01:00,,145,Jamaica,2963958,4374,210.0,51,5.0,1225,45.0,3098,8.0,1476,17.0,70077,23643
2020-09-19,21:00:00,,145,Jamaica,2963993,4758,384.0,60,9.0,1327,102.0,3371,9.0,1605,20.0,71693,24188
2020-09-20,22:31:00,,145,Jamaica,2964028,4988,230.0,67,7.0,1350,23.0,3571,9.0,1683,23.0,72327,24402
2020-09-21,21:01:00,,145,Jamaica,2964063,5143,155.0,70,3.0,1407,57.0,3666,7.0,1735,24.0,72956,24614
2020-09-22,21:01:00,,145,Jamaica,2964099,5270,127.0,75,5.0,1444,37.0,3751,10.0,1778,25.0,73530,24807
2020-09-23,19:58:00,,145,Jamaica,2964134,5395,125.0,76,1.0,1444,0.0,3875,7.0,1820,26.0,74069,24988
2020-09-24,21:00:00,,145,Jamaica,2964169,5588,193.0,77,1.0,1490,46.0,4021,7.0,1885,26.0,74765,25223
2020-09-25,21:00:00,,145,Jamaica,2964204,5723,135.0,80,3.0,1496,6.0,4147,7.0,1931,27.0,75406,25439
2020-09-26,21:00:00,,145,Jamaica,2964239,5854,131.0,88,8.0,1624,128.0,4142,6.0,1975,30.0,76046,25654
2020-09-27,22:45:00,,145,Jamaica,2964275,6017,163.0,89,1.0,1706,82.0,4222,6.0,2030,30.0,76748,25891
2020-09-28,22:00:00,,145,Jamaica,2964310,6170,153.0,93,4.0,1741,35.0,4336,10.0,2081,31.0,77394,26109
2020-09-29,21:35:00,,145,Jamaica,2964345,6408,238.0,101,8.0,1770,29.0,4537,12.0,2162,34.0,78265,26402
2020-09-30,22:00:00,,145,Jamaica,2964380,6482,74.0,107,6.0,1867,97.0,4508,13.0,2187,36.0,78622,26522
2020-10-01,21:31:00,,145,Jamaica,2964416,6555,73.0,111,4.0,1991,124.0,4453,17.0,2211,37.0,78972,26640
2020-10-02,22:36:00,,145,Jamaica,2964451,6704,149.0,116,5.0,2112,121.0,4476,15.0,2261,39.0,79506,26820
2020-10-03,22:24:00,,145,Jamaica,2964486,6795,91.0,119,3.0,2345,233.0,4331,15.0,2292,40.0,80055,27005
2020-10-04,21:01:00,,145,Jamaica,2964521,6895,100.0,120,1.0,2460,115.0,4315,12.0,2326,40.0,80591,27185
2020-10-05,22:13:00,,145,Jamaica,2964557,7012,117.0,120,0.0,2635,175.0,4257,12.0,2365,40.0,81132,27367
2020-10-06,23:01:00,,145,Jamaica,2964592,7109,97.0,123,3.0,2674,39.0,4312,12.0,2398,41.0,81860,27613
2020-10-07,23:01:00,,145,Jamaica,2964627,7191,82.0,126,3.0,2700,26.0,4365,12.0,2426,43.0,82411,27798
2020-10-08,23:59:00,,145,Jamaica,2964662,7273,82.0,128,2.0,2732,32.0,4413,12.0,2453,43.0,82958,27982
2020-10-09,23:00:00,,145,Jamaica,2964698,7363,90.0,132,4.0,3102,370.0,4129,10.0,2484,45.0,83512,28169
2020-10-10,23:00:00,,145,Jamaica,2964733,7559,196.0,138,6.0,3142,40.0,4279,17.0,2550,47.0,84146,28382
2020-10-12,23:10:00,,145,Jamaica,2964803,7813,254.0,146,8.0,3237,95.0,4430,20.0,2635,49.0,85322,28778
2020-10-13,23:01:00,,145,Jamaica,2964838,7910,97.0,146,0.0,3303,66.0,4461,21.0,2668,49.0,85865,28961
2020-10-14,23:01:00,,145,Jamaica,2964874,7989,79.0,151,5.0,3431,128.0,4407,22.0,2695,51.0,86325,29116
2020-10-15,14:09:00,11:06:00,145,Jamaica,2964909,7989,0.0,151,0.0,3431,0.0,4407,22.0,2695,51.0,86325,29116
2020-10-16,22:08:00,19:06:00,145,Jamaica,2964944,8132,143.0,162,11.0,3653,222.0,4317,16.0,2743,55.0,87331,29455
2020-10-17,23:01:00,19:58:00,145,Jamaica,2964979,8195,63.0,168,6.0,3653,0.0,4374,9.0,2764,57.0,87976,29672
2020-10-18,22:05:00,19:03:00,145,Jamaica,2965015,8274,79.0,171,3.0,3859,206.0,4244,15.0,2791,58.0,88338,29793
2020-10-19,22:05:00,18:59:00,145,Jamaica,2965050,8321,47.0,173,2.0,3951,92.0,4197,12.0,2806,58.0,88893,29980
2020-10-20,22:05:00,19:04:00,145,Jamaica,2965085,8374,53.0,174,1.0,4002,51.0,4198,9.0,2824,59.0,89357,30136
2020-10-21,22:05:00,19:03:00,145,Jamaica,2965120,8445,71.0,174,0.0,4016,14.0,4255,10.0,2848,59.0,90008,30356
2020-10-22,22:05:00,19:04:00,145,Jamaica,2965156,8600,155.0,179,5.0,4095,79.0,4326,8.0,2900,60.0,90846,30638
2020-10-23,22:05:00,19:02:00,145,Jamaica,2965191,8638,38.0,182,3.0,4156,61.0,4300,8.0,2913,61.0,91495,30856
2020-10-24,23:41:00,20:40:00,145,Jamaica,2965226,8670,32.0,186,4.0,4209,53.0,4275,9.0,2924,63.0,92045,31041
2020-10-25,23:00:00,20:58:00,145,Jamaica,2965261,8714,44.0,188,2.0,4282,73.0,4244,4.0,2939,63.0,92506,31197
2020-10-26,23:00:00,20:56:00,145,Jamaica,2965296,8749,35.0,192,4.0,4303,21.0,4254,4.0,2950,65.0,92965,31351
2020-10-27,23:00:00,20:58:00,145,Jamaica,2965332,8787,38.0,196,4.0,4347,44.0,4244,4.0,2963,66.0,93422,31505
2020-10-28,23:00:00,20:58:00,145,Jamaica,2965367,8851,64.0,198,2.0,4379,32.0,4274,4.0,2985,67.0,93886,31661
2020-10-29,23:00:00,20:57:00,145,Jamaica,2965402,8927,76.0,202,4.0,4429,50.0,4296,4.0,3010,68.0,94441,31848
2020-10-30,23:00:00,20:58:00,145,Jamaica,2965437,9005,78.0,205,3.0,4442,13.0,4358,3.0,3037,69.0,95083,32064
2020-10-31,23:00:00,20:59:00,145,Jamaica,2965473,9094,89.0,206,1.0,4510,68.0,4378,4.0,3067,69.0,95809,32308
2020-11-01,23:00:00,20:59:00,145,Jamaica,2965508,9131,37.0,208,2.0,4617,107.0,4306,3.0,3079,70.0,96535,32553
2020-11-02,23:00:00,20:57:00,145,Jamaica,2965543,9257,126.0,210,2.0,4637,20.0,4410,6.0,3122,71.0,97277,32802
2020-11-03,23:00:00,20:59:00,145,Jamaica,2965578,9296,39.0,214,4.0,4666,29.0,4416,6.0,3135,72.0,97816,32984
2020-11-04,23:00:00,20:57:00,145,Jamaica,2965614,9326,30.0,215,1.0,4704,38.0,4407,6.0,3145,72.0,98381,33174
2020-11-05,23:00:00,20:59:00,145,Jamaica,2965649,9373,47.0,217,2.0,4745,41.0,4411,6.0,3161,73.0,98937,33361
2020-11-06,23:00:00,20:58:00,145,Jamaica,2965684,9426,53.0,218,1.0,4801,56.0,4407,6.0,3178,74.0,99574,33575
2020-11-07,23:00:00,20:57:00,145,Jamaica,2965719,9472,46.0,218,0.0,4878,77.0,4376,6.0,3194,74.0,100125,33761
2020-11-08,23:00:00,20:49:00,145,Jamaica,2965754,9506,34.0,221,3.0,4934,56.0,4351,6.0,3205,75.0,100569,33910
2020-11-09,23:00:00,20:59:00,145,Jamaica,2965790,9542,36.0,221,0.0,4952,18.0,4369,5.0,3217,75.0,101053,34073
2020-11-10,23:00:00,20:59:00,145,Jamaica,2965825,9573,31.0,224,3.0,4987,35.0,4362,5.0,3228,76.0,101420,34196
2020-11-11,23:00:00,20:56:00,145,Jamaica,2965860,9581,8.0,225,1.0,4995,8.0,4361,4.0,3230,76.0,101790,34321
2020-11-12,23:00:00,20:59:00,145,Jamaica,2965895,9634,53.0,225,0.0,5043,48.0,4366,5.0,3248,76.0,102339,34505
2020-11-13,23:00:00,20:58:00,145,Jamaica,2965931,9723,89.0,227,2.0,5168,125.0,4328,3.0,3278,77.0,103340,34842
2020-11-14,23:00:00,20:57:00,145,Jamaica,2965966,9780,57.0,229,2.0,5228,60.0,4323,7.0,3297,77.0,103904,35032
2020-11-15,23:00:00,20:53:00,145,Jamaica,2966001,9884,104.0,231,2.0,5248,20.0,4405,6.0,3332,78.0,104757,35319
2020-11-16,23:00:00,20:59:00,145,Jamaica,2966036,9929,45.0,231,0.0,5330,82.0,4368,6.0,3348,78.0,105313,35506
2020-11-17,23:00:00,20:58:00,145,Jamaica,2966072,9959,30.0,231,0.0,5338,8.0,4390,6.0,3358,78.0,105780,35663
2020-11-18,23:00:00,20:57:00,145,Jamaica,2966107,10019,60.0,233,2.0,5369,31.0,4417,6.0,3378,79.0,106614,35944
2020-11-19,23:00:00,20:59:00,145,Jamaica,2966142,10088,69.0,235,2.0,5407,38.0,4446,6.0,3401,79.0,107270,36165
2020-11-20,23:00:00,20:59:00,145,Jamaica,2966177,10151,63.0,235,0.0,5432,25.0,4484,12.0,3422,79.0,107923,36385
2020-11-21,23:00:00,20:58:00,145,Jamaica,2966213,10240,89.0,237,2.0,5481,49.0,4522,12.0,3452,80.0,108576,36604
2020-11-22,23:00:00,20:59:00,145,Jamaica,2966248,10284,44.0,238,1.0,5505,24.0,4541,11.0,3467,80.0,109193,36812
2020-11-23,23:00:00,20:58:00,145,Jamaica,2966283,10343,59.0,239,1.0,5518,13.0,4586,10.0,3487,81.0,109861,37037
2020-11-24,23:00:00,20:57:00,145,Jamaica,2966318,10422,79.0,243,4.0,5572,54.0,4607,14.0,3513,82.0,110517,37257
2020-11-25,23:00:00,20:58:00,145,Jamaica,2966353,10488,66.0,247,4.0,5623,51.0,4618,8.0,3536,83.0,111348,37537
2020-11-26,23:00:00,20:47:00,145,Jamaica,2966389,10541,53.0,248,1.0,5721,98.0,4572,12.0,3553,84.0,111958,37742
2020-11-27,23:00:00,20:59:00,145,Jamaica,2966424,10600,59.0,250,2.0,5829,108.0,4521,8.0,3573,84.0,112623,37966
2020-11-28,23:00:00,20:46:00,145,Jamaica,2966459,10669,69.0,251,1.0,5953,124.0,4465,7.0,3597,85.0,113343,38208
2020-11-29,23:00:00,20:51:00,145,Jamaica,2966494,10709,40.0,256,5.0,6066,113.0,4387,7.0,3610,86.0,114047,38445
2020-11-30,23:00:00,20:57:00,145,Jamaica,2966530,10763,54.0,257,1.0,6219,153.0,4287,9.0,3628,87.0,114694,38663
2020-12-01,23:00:00,20:55:00,145,Jamaica,2966565,10810,47.0,258,1.0,6364,145.0,4188,9.0,3644,87.0,115536,38946
2020-12-02,23:00:00,20:58:00,145,Jamaica,2966600,10864,54.0,258,0.0,6500,136.0,4106,10.0,3662,87.0,116201,39170
2020-12-03,23:00:00,20:59:00,145,Jamaica,2966635,10911,47.0,259,1.0,6614,114.0,4038,10.0,3678,87.0,116857,39390
2020-12-04,23:00:00,20:57:00,145,Jamaica,2966671,10987,76.0,260,1.0,6730,116.0,3997,10.0,3703,88.0,117668,39663
2020-12-05,23:00:00,20:58:00,145,Jamaica,2966706,11063,76.0,261,1.0,6866,136.0,3936,7.0,3729,88.0,118398,39909
2020-12-06,23:00:00,20:51:00,145,Jamaica,2966741,11120,57.0,265,4.0,6998,132.0,3857,7.0,3748,89.0,119099,40145
2020-12-07,23:00:00,20:57:00,145,Jamaica,2966776,11184,64.0,265,0.0,7146,148.0,3773,9.0,3770,89.0,120139,40495
2020-12-08,23:00:00,20:59:00,145,Jamaica,2966811,11271,87.0,265,0.0,7292,146.0,3714,11.0,3799,89.0,121072,40809
2020-12-09,23:00:00,20:59:00,145,Jamaica,2966847,11369,98.0,266,1.0,7390,98.0,3713,7.0,3832,90.0,122186,41184
2020-12-10,23:00:00,20:59:00,145,Jamaica,2966882,11443,74.0,270,4.0,7522,132.0,3651,9.0,3857,91.0,122930,41434
2020-12-11,23:00:00,20:59:00,145,Jamaica,2966917,11509,66.0,270,0.0,7667,145.0,3572,9.0,3879,91.0,123577,41652
2020-12-12,23:00:00,20:58:00,145,Jamaica,2966952,11608,99.0,271,1.0,7799,132.0,3538,7.0,3912,91.0,124240,41875
2020-12-13,23:00:00,20:59:00,145,Jamaica,2966988,11710,102.0,273,2.0,7954,155.0,3483,12.0,3947,92.0,125320,42238
