scrap_date,scrap_time,update_time_GMT,Country_id,Country,Population,TotalCases,NewCases,TotalDeaths,NewDeaths,TotalRecovered,NewRecovered,ActiveCases,SeriousCritical,Tot_Cases_1Mpop,Deaths_1Mpop,TotalTests,Tests_1Mpop
2020-08-02,20:00:00,,44,Japan,126441125,35836,,1011,,25506,,9319,80,283,8.0,824748,6523
2020-08-08,20:00:00,,44,Japan,126434806,43815,7979.0,1033,22.0,30153,4647.0,12629,131,347,8.0,961915,7608
2020-08-12,20:00:00,,44,Japan,126430593,48928,5113.0,1052,19.0,33975,3822.0,13901,171,387,8.0,1024235,8101
2020-08-16,20:00:00,,44,Japan,126426380,53577,4649.0,1085,33.0,38945,4970.0,13547,229,424,9.0,1164029,9207
2020-08-17,20:00:00,,44,Japan,126425327,54714,1137.0,1088,3.0,40080,1135.0,13546,232,433,9.0,1177313,9312
2020-08-18,20:00:00,,44,Japan,126424274,55667,953.0,1099,11.0,41196,1116.0,13372,243,440,9.0,1186468,9385
2020-08-19,20:00:00,,44,Japan,126423220,56685,1018.0,1115,16.0,42284,1088.0,13286,243,448,9.0,1214145,9604
2020-08-20,17:53:00,,44,Japan,126422167,57550,865.0,1128,13.0,43835,1551.0,12587,239,455,9.0,1236180,9778
2020-08-23,21:09:00,,44,Japan,126419008,60733,3183.0,1169,41.0,47622,3787.0,11942,243,480,9.0,1306128,10332
2020-08-24,17:10:00,,44,Japan,126417954,61747,1014.0,1176,7.0,48550,928.0,12021,254,488,9.0,1321079,10450
2020-08-25,23:00:00,,44,Japan,126416901,62507,760.0,1181,5.0,49340,790.0,11986,259,494,9.0,1333884,10551
2020-08-26,22:59:00,,44,Japan,126415848,63121,614.0,1196,15.0,50431,1091.0,11494,252,499,9.0,1357628,10739
2020-08-27,23:00:00,,44,Japan,126414795,63822,701.0,1209,13.0,51688,1257.0,10925,246,505,10.0,1376783,10891
2020-08-28,23:01:00,,44,Japan,126413742,64668,846.0,1226,17.0,52823,1135.0,10619,238,512,10.0,1397400,11054
2020-08-29,12:29:00,,44,Japan,126412688,65573,905.0,1238,12.0,53995,1172.0,10340,227,519,10.0,1420589,11238
2020-08-30,23:00:00,,44,Japan,126411635,66423,850.0,1255,17.0,55341,1346.0,9827,230,525,10.0,1440826,11398
2020-08-31,18:58:00,,44,Japan,126410582,67264,841.0,1264,9.0,56164,823.0,9836,234,532,10.0,1455610,11515
2020-09-01,23:00:00,,44,Japan,126409529,67865,601.0,1279,15.0,56802,638.0,9784,236,537,10.0,1467132,11606
2020-09-02,23:01:00,,44,Japan,126408476,68392,527.0,1296,17.0,57823,1021.0,9273,234,541,10.0,1490975,11795
2020-09-03,23:01:00,,44,Japan,126407422,69001,609.0,1307,11.0,58428,605.0,9266,225,546,10.0,1510462,11949
2020-09-04,07:01:00,,44,Japan,126406369,69599,598.0,1319,12.0,59524,1096.0,8756,218,551,10.0,1536221,12153
2020-09-05,23:31:00,,44,Japan,126405316,70268,669.0,1330,11.0,60417,893.0,8521,214,556,11.0,1560505,12345
2020-09-06,18:30:00,,44,Japan,126404263,70876,608.0,1349,19.0,61445,1028.0,8082,210,561,11.0,1577444,12479
2020-09-07,23:39:00,,44,Japan,126403210,71419,543.0,1357,8.0,62076,631.0,7986,211,565,11.0,1590895,12586
2020-09-08,22:10:00,,44,Japan,126402156,71856,437.0,1363,6.0,62536,460.0,7957,209,568,11.0,1596561,12631
2020-09-09,22:01:00,,44,Japan,126401103,72234,378.0,1377,14.0,63282,746.0,7575,202,571,11.0,1622149,12833
2020-09-10,22:01:00,,44,Japan,126400050,72726,492.0,1393,16.0,64100,818.0,7233,202,575,11.0,1637723,12957
2020-09-11,22:00:00,,44,Japan,126398997,73221,495.0,1406,13.0,64835,735.0,6980,198,579,11.0,1662091,13150
2020-09-12,22:22:00,,44,Japan,126397943,73901,680.0,1412,6.0,65590,755.0,6899,191,585,11.0,1685711,13337
2020-09-13,22:01:00,,44,Japan,126396890,74544,643.0,1423,11.0,66280,690.0,6841,190,590,11.0,1703734,13479
2020-09-14,22:04:00,,44,Japan,126395837,75218,674.0,1439,16.0,66899,619.0,6880,180,595,11.0,1715960,13576
2020-09-15,21:00:00,,44,Japan,126394784,75657,439.0,1442,3.0,67242,343.0,6973,185,599,11.0,1718055,13593
2020-09-16,21:01:00,,44,Japan,126393731,75958,301.0,1451,9.0,67831,589.0,6676,174,601,11.0,1745311,13809
2020-09-18,20:01:00,,44,Japan,126391624,77009,1051.0,1473,22.0,69253,1422.0,6283,167,609,12.0,1786342,14133
2020-09-19,21:00:00,,44,Japan,126390571,77494,485.0,1482,9.0,69899,646.0,6113,170,613,12.0,1811516,14333
2020-09-20,22:31:00,,44,Japan,126389518,78073,579.0,1495,13.0,70495,596.0,6083,161,618,12.0,1831246,14489
2020-09-21,21:01:00,,44,Japan,126388465,78657,584.0,1500,5.0,71030,535.0,6127,159,622,12.0,1842506,14578
2020-09-22,21:01:00,,44,Japan,126387411,79140,483.0,1500,0.0,71404,374.0,6236,163,626,12.0,1850661,14643
2020-09-23,19:58:00,,44,Japan,126386358,79438,298.0,1508,8.0,71648,244.0,6282,164,629,12.0,1855240,14679
2020-09-24,21:00:00,,44,Japan,126385305,79768,330.0,1512,4.0,71981,333.0,6275,165,631,12.0,1859693,14714
2020-09-25,21:00:00,,44,Japan,126384252,80041,273.0,1520,8.0,72538,557.0,5983,166,633,12.0,1888156,14940
2020-09-26,21:00:00,,44,Japan,126383199,80497,456.0,1532,12.0,73490,952.0,5475,163,637,12.0,1908707,15103
2020-09-27,22:45:00,,44,Japan,126382145,81055,558.0,1540,8.0,74151,661.0,5364,156,641,12.0,1938827,15341
2020-09-28,22:00:00,,44,Japan,126381092,81690,635.0,1545,5.0,74607,456.0,5538,160,646,12.0,1951249,15439
2020-09-29,21:35:00,,44,Japan,126380039,82131,441.0,1548,3.0,74990,383.0,5593,159,650,12.0,1957973,15493
2020-09-30,22:00:00,,44,Japan,126378986,82494,363.0,1557,9.0,75459,469.0,5478,161,653,12.0,1979929,15667
2020-10-01,21:31:00,,44,Japan,126377933,83563,1069.0,1571,14.0,76590,1131.0,5402,151,661,12.0,2105963,16664
2020-10-02,22:36:00,,44,Japan,126376879,84215,652.0,1578,7.0,77219,629.0,5418,145,666,12.0,2125762,16821
2020-10-03,22:24:00,,44,Japan,126375826,84768,553.0,1590,12.0,77807,588.0,5371,137,671,13.0,2150084,17013
2020-10-04,21:01:00,,44,Japan,126374773,85339,571.0,1597,7.0,78315,508.0,5427,133,675,13.0,2166131,17141
2020-10-05,22:13:00,,44,Japan,126373720,85739,400.0,1599,2.0,78609,294.0,5531,131,678,13.0,2173035,17195
2020-10-06,23:01:00,,44,Japan,126372667,86047,308.0,1602,3.0,79071,462.0,5374,140,681,13.0,2196831,17384
2020-10-07,23:01:00,,44,Japan,126371613,86543,496.0,1605,3.0,79676,605.0,5262,141,685,13.0,2218653,17557
2020-10-08,23:59:00,,44,Japan,126370560,87020,477.0,1613,8.0,80227,551.0,5180,143,689,13.0,2241629,17739
2020-10-09,23:00:00,,44,Japan,126369507,87639,619.0,1616,3.0,80733,506.0,5290,141,694,13.0,2264683,17921
2020-10-10,23:00:00,,44,Japan,126368454,88233,594.0,1624,8.0,81356,623.0,5253,147,698,13.0,2286070,18091
2020-10-12,23:10:00,,44,Japan,126366347,89347,1114.0,1629,5.0,82113,757.0,5605,146,707,13.0,2306033,18249
2020-10-13,23:01:00,,44,Japan,126365294,89673,326.0,1634,5.0,82621,508.0,5418,148,710,13.0,2331011,18447
2020-10-14,23:01:00,,44,Japan,126364241,90140,467.0,1638,4.0,83158,537.0,5344,150,713,13.0,2352231,18615
2020-10-15,14:09:00,11:06:00,44,Japan,126363188,90140,0.0,1638,0.0,83158,0.0,5344,150,713,13.0,2352231,18615
2020-10-16,22:08:00,19:06:00,44,Japan,126362134,91431,1291.0,1650,12.0,84451,1293.0,5330,148,724,13.0,2398408,18980
2020-10-17,23:01:00,19:58:00,44,Japan,126361081,92063,632.0,1661,11.0,85030,579.0,5372,148,729,13.0,2421043,19160
2020-10-18,22:05:00,19:03:00,44,Japan,126360028,92656,593.0,1670,9.0,85485,455.0,5501,145,733,13.0,2433665,19260
2020-10-19,22:05:00,18:59:00,44,Japan,126358975,93127,471.0,1674,4.0,85941,456.0,5512,144,737,13.0,2441150,19319
2020-10-20,22:05:00,19:04:00,44,Japan,126357922,93480,353.0,1676,2.0,86513,572.0,5291,143,740,13.0,2465513,19512
2020-10-21,22:05:00,19:03:00,44,Japan,126356868,93933,453.0,1679,3.0,87107,594.0,5147,150,743,13.0,2482485,19647
2020-10-22,22:05:00,19:04:00,44,Japan,126355815,94524,591.0,1685,6.0,87666,559.0,5173,150,748,13.0,2506396,19836
2020-10-23,22:05:00,19:02:00,44,Japan,126354762,95138,614.0,1694,9.0,88245,579.0,5199,151,753,13.0,2531971,20039
2020-10-24,23:41:00,20:40:00,44,Japan,126353709,95138,0.0,1694,0.0,88245,0.0,5199,151,753,13.0,2531971,20039
2020-10-25,23:00:00,20:58:00,44,Japan,126352656,96534,1396.0,1711,17.0,89282,1037.0,5541,159,764,14.0,2573495,20368
2020-10-26,23:00:00,20:56:00,44,Japan,126351602,97074,540.0,1718,7.0,89709,427.0,5647,162,768,14.0,2581456,20431
2020-10-27,23:00:00,20:58:00,44,Japan,126350549,97498,424.0,1725,7.0,90148,439.0,5625,165,772,14.0,2606199,20627
2020-10-28,23:00:00,20:58:00,44,Japan,126349496,98116,618.0,1730,5.0,90807,659.0,5579,166,777,14.0,2633603,20844
2020-10-29,23:00:00,20:57:00,44,Japan,126348443,98852,736.0,1733,3.0,91322,515.0,5797,161,782,14.0,2658586,21042
2020-10-30,23:00:00,20:58:00,44,Japan,126347390,99622,770.0,1744,11.0,91890,568.0,5988,156,788,14.0,2681667,21225
2020-10-31,23:00:00,20:59:00,44,Japan,126346336,100392,770.0,1755,11.0,92475,585.0,6162,161,795,14.0,2706168,21419
2020-11-01,23:00:00,20:59:00,44,Japan,126345283,101146,754.0,1766,11.0,92960,485.0,6420,160,801,14.0,2721305,21539
2020-11-02,23:00:00,20:57:00,44,Japan,126344230,101813,667.0,1774,8.0,93383,423.0,6656,163,806,14.0,2730524,21612
2020-11-03,23:00:00,20:59:00,44,Japan,126343177,102281,468.0,1780,6.0,93855,472.0,6646,163,810,14.0,2755446,21809
2020-11-04,23:00:00,20:57:00,44,Japan,126342124,102900,619.0,1786,6.0,94295,440.0,6819,165,814,14.0,2764092,21878
2020-11-05,23:00:00,20:59:00,44,Japan,126341070,103838,938.0,1794,8.0,95113,818.0,6931,183,822,14.0,2787543,22064
2020-11-06,23:00:00,20:58:00,44,Japan,126340017,104782,944.0,1806,12.0,95756,643.0,7220,189,829,14.0,2818683,22310
2020-11-07,23:00:00,20:57:00,44,Japan,126338964,105914,1132.0,1809,3.0,96461,705.0,7644,194,838,14.0,2846368,22530
2020-11-08,23:00:00,20:49:00,44,Japan,126337911,107086,1172.0,1812,3.0,97197,736.0,8077,196,848,14.0,2861548,22650
2020-11-09,23:00:00,20:59:00,44,Japan,126336858,108084,998.0,1818,6.0,97654,457.0,8612,204,856,14.0,2871126,22726
2020-11-10,23:00:00,20:59:00,44,Japan,126335804,108983,899.0,1829,11.0,98274,620.0,8880,208,863,14.0,2898421,22942
2020-11-11,23:00:00,20:56:00,44,Japan,126334751,110156,1173.0,1841,12.0,99108,834.0,9207,204,872,15.0,2924555,23149
2020-11-12,23:00:00,20:59:00,44,Japan,126333698,111711,1555.0,1851,10.0,100005,897.0,9855,226,884,15.0,2959574,23427
2020-11-13,23:00:00,20:58:00,44,Japan,126332645,113298,1587.0,1867,16.0,101018,1013.0,10413,231,897,15.0,2991064,23676
2020-11-14,23:00:00,20:57:00,44,Japan,126331591,114983,1685.0,1880,13.0,101989,971.0,11114,234,910,15.0,3016345,23876
2020-11-15,23:00:00,20:53:00,44,Japan,126330538,116677,1694.0,1883,3.0,102837,848.0,11957,243,924,15.0,3035324,24027
2020-11-16,23:00:00,20:59:00,44,Japan,126329485,118136,1459.0,1885,2.0,103674,837.0,12577,251,935,15.0,3045924,24111
2020-11-17,23:00:00,20:58:00,44,Japan,126328432,119326,1190.0,1903,18.0,104637,963.0,12786,272,945,15.0,3077699,24363
2020-11-18,23:00:00,20:57:00,44,Japan,126327379,120815,1489.0,1913,10.0,105697,1060.0,13205,276,956,15.0,3106559,24591
2020-11-19,23:00:00,20:59:00,44,Japan,126326325,122966,2151.0,1922,9.0,106954,1257.0,14090,280,973,15.0,3142664,24877
2020-11-20,23:00:00,20:59:00,44,Japan,126325272,125267,2301.0,1943,21.0,108423,1469.0,14901,291,992,15.0,3182204,25191
2020-11-21,23:00:00,20:58:00,44,Japan,126324219,127665,2398.0,1963,20.0,109892,1469.0,15810,313,1011,16.0,3225667,25535
2020-11-22,23:00:00,20:59:00,44,Japan,126323166,130179,2514.0,1974,11.0,111163,1271.0,17042,323,1031,16.0,3252523,25748
2020-11-23,23:00:00,20:58:00,44,Japan,126322113,132358,2179.0,1981,7.0,112269,1106.0,18108,331,1048,16.0,3274654,25923
2020-11-24,23:00:00,20:57:00,44,Japan,126321059,133929,1571.0,1989,8.0,113340,1071.0,18600,345,1060,16.0,3286323,26016
2020-11-25,23:00:00,20:58:00,44,Japan,126320006,135400,1471.0,2001,12.0,114725,1385.0,18674,376,1072,16.0,3331392,26373
2020-11-26,23:00:00,20:47:00,44,Japan,126318953,137261,1861.0,2022,21.0,116378,1653.0,18861,410,1087,16.0,3374063,26711
2020-11-27,23:00:00,20:59:00,44,Japan,126317900,139491,2230.0,2051,29.0,118135,1757.0,19305,435,1104,16.0,3418520,27063
2020-11-28,23:00:00,20:46:00,44,Japan,126316847,142068,2577.0,2074,23.0,120259,2124.0,19735,440,1125,16.0,3463672,27421
2020-11-29,23:00:00,20:51:00,44,Japan,126315793,144653,2585.0,2106,32.0,121891,1632.0,20656,462,1145,17.0,3488666,27619
2020-11-30,23:00:00,20:57:00,44,Japan,126314740,146760,2107.0,2119,13.0,123445,1554.0,21196,472,1162,17.0,3502536,27729
2020-12-01,23:00:00,20:55:00,44,Japan,126313687,148694,1934.0,2139,20.0,125470,2025.0,21085,493,1177,17.0,3545916,28072
2020-12-02,23:00:00,20:58:00,44,Japan,126312634,150386,1692.0,2172,33.0,127304,1834.0,20910,488,1191,17.0,3591597,28434
2020-12-03,23:00:00,20:59:00,44,Japan,126311581,152827,2441.0,2213,41.0,129241,1937.0,21373,497,1210,18.0,3636512,28790
2020-12-04,23:00:00,20:57:00,44,Japan,126310527,155232,2405.0,2240,27.0,131176,1935.0,21816,505,1229,18.0,3675244,29097
2020-12-05,23:00:00,20:58:00,44,Japan,126309474,157674,2442.0,2283,43.0,133443,2267.0,21948,520,1248,18.0,3715130,29413
2020-12-06,23:00:00,20:51:00,44,Japan,126308421,160098,2424.0,2315,32.0,135277,1834.0,22506,519,1268,18.0,3740146,29611
2020-12-07,23:00:00,20:57:00,44,Japan,126307368,162067,1969.0,2335,20.0,136903,1626.0,22829,530,1283,18.0,3760305,29771
2020-12-08,23:00:00,20:59:00,44,Japan,126306315,163929,1862.0,2382,47.0,138994,2091.0,22553,536,1298,19.0,3800689,30091
2020-12-09,23:00:00,20:59:00,44,Japan,126305261,165840,1911.0,2420,38.0,140622,1628.0,22798,555,1313,19.0,3842524,30423
2020-12-10,23:00:00,20:59:00,44,Japan,126304208,168573,2733.0,2465,45.0,143006,2384.0,23102,543,1335,20.0,3898969,30870
2020-12-11,23:00:00,20:59:00,44,Japan,126303155,171542,2969.0,2502,37.0,145014,2008.0,24026,554,1358,20.0,3945830,31241
2020-12-12,23:00:00,20:58:00,44,Japan,126302102,174299,2757.0,2534,32.0,147524,2510.0,24241,578,1380,20.0,4001554,31682
2020-12-13,23:00:00,20:59:00,44,Japan,126301048,177287,2988.0,2562,28.0,149286,1762.0,25439,583,1404,20.0,4032816,31930
2020-12-14,23:35:00,21:34:00,44,Japan,126299995,179653,2366.0,2585,23.0,150947,1661.0,26121,588,1422,20.0,4048710,32056
2020-12-15,23:00:00,20:59:00,44,Japan,126298942,181870,2217.0,2643,58.0,153519,2572.0,25708,592,1440,21.0,4105648,32507
2020-12-16,23:00:00,20:58:00,44,Japan,126297889,184042,2172.0,2688,45.0,155547,2028.0,25807,618,1457,21.0,4153589,32887
2020-12-17,23:00:00,20:56:00,44,Japan,126296836,187103,3061.0,2739,51.0,158287,2740.0,26077,605,1481,22.0,4209796,33333
2020-12-18,23:00:00,20:57:00,44,Japan,126295782,190138,3035.0,2783,44.0,160786,2499.0,26569,609,1505,22.0,4274633,33846
2020-12-19,23:59:00,22:11:00,44,Japan,126294729,193031,2893.0,2828,45.0,163308,2522.0,26895,598,1528,22.0,4333017,34309
2020-12-20,23:00:00,20:54:00,44,Japan,126293676,195880,2849.0,2873,45.0,165333,2025.0,27674,593,1551,23.0,4362886,34546
2020-12-21,23:00:00,20:59:00,44,Japan,126292623,198523,2643.0,2900,27.0,167513,2180.0,28110,603,1572,23.0,4379067,34674
2020-12-22,23:00:00,20:59:00,44,Japan,126291570,200658,2135.0,2944,44.0,169342,1829.0,28372,620,1589,23.0,4439273,35151
2020-12-23,23:00:00,20:58:00,44,Japan,126290516,203113,2455.0,2994,50.0,172115,2773.0,28004,619,1608,24.0,4473256,35420
