Date,Scrap_time,Update_time_GMT,Country_id,Country,Population,TotalCases,NewCases,TotalDeaths,NewDeaths,TotalRecovered,NewRecovered,ActiveCases,SeriousCritical,Tot_Cases_1Mpop,Deaths_1Mpop,TotalTests,Tests_1Mpop
2020-08-02,20:00:00,,29,Kazakhstan,18795599,91593,,793,,61839,,28961,221,4873,42.0,2079540,110640
2020-08-08,20:00:00,,29,Kazakhstan,18799280,97829,6236.0,1058,265.0,71609,9770.0,25162,221,5204,56.0,2183308,116138
2020-08-12,20:00:00,,29,Kazakhstan,18801734,100855,3026.0,1269,211.0,74677,3068.0,24909,221,5364,67.0,2183308,116123
2020-08-16,20:00:00,,29,Kazakhstan,18804188,102696,1841.0,1269,0.0,81558,6881.0,19869,221,5461,67.0,2252153,119769
2020-08-17,20:00:00,,29,Kazakhstan,18804802,103033,337.0,1269,0.0,82777,1219.0,18987,221,5479,67.0,2291327,121848
2020-08-18,20:00:00,,29,Kazakhstan,18805415,103300,267.0,1269,0.0,84445,1668.0,17586,221,5493,67.0,2291327,121844
2020-08-19,20:00:00,,29,Kazakhstan,18806029,103571,271.0,1415,146.0,86286,1841.0,15870,221,5507,75.0,2291327,121840
2020-08-20,17:53:00,,29,Kazakhstan,18806642,103815,244.0,1415,0.0,86450,164.0,15950,221,5520,75.0,2291327,121836
2020-08-23,21:09:00,,29,Kazakhstan,18808483,104543,728.0,1415,0.0,91089,4639.0,12039,221,5558,75.0,2291327,121824
2020-08-24,17:10:00,,29,Kazakhstan,18809096,104718,175.0,1415,0.0,92598,1509.0,10705,221,5567,75.0,2291327,121820
2020-08-25,23:00:00,,29,Kazakhstan,18809710,104902,184.0,1523,108.0,93405,807.0,9974,221,5577,81.0,2291327,121816
2020-08-26,22:59:00,,29,Kazakhstan,18810323,105075,173.0,1523,0.0,93990,585.0,9562,221,5586,81.0,2291327,121812
2020-08-27,23:00:00,,29,Kazakhstan,18810937,105243,168.0,1523,0.0,94713,723.0,9007,221,5595,81.0,2434444,129416
2020-08-28,23:01:00,,29,Kazakhstan,18811550,105408,165.0,1523,0.0,95253,540.0,8632,221,5603,81.0,2434444,129412
2020-08-29,12:29:00,,29,Kazakhstan,18812164,105558,150.0,1523,0.0,95888,635.0,8147,221,5611,81.0,2434444,129408
2020-08-30,23:00:00,,29,Kazakhstan,18812777,105684,126.0,1523,0.0,96135,247.0,8026,221,5618,81.0,2434444,129404
2020-08-31,18:58:00,,29,Kazakhstan,18813391,105795,111.0,1523,0.0,96297,162.0,7975,221,5623,81.0,2434444,129400
2020-09-01,23:00:00,,29,Kazakhstan,18814004,105872,77.0,1588,65.0,96899,602.0,7385,221,5627,84.0,2434444,129395
2020-09-02,23:01:00,,29,Kazakhstan,18814618,105944,72.0,1588,0.0,97371,472.0,6985,221,5631,84.0,2434444,129391
2020-09-03,23:01:00,,29,Kazakhstan,18815231,106032,88.0,1588,0.0,97967,596.0,6477,221,5635,84.0,2434444,129387
2020-09-04,07:01:00,,29,Kazakhstan,18815845,106121,89.0,1588,0.0,98585,618.0,5948,221,5640,84.0,2434444,129383
2020-09-05,23:31:00,,29,Kazakhstan,18816458,106225,104.0,1588,0.0,99018,433.0,5619,221,5645,84.0,2434444,129378
2020-09-06,18:30:00,,29,Kazakhstan,18817072,106301,76.0,1588,0.0,99018,0.0,5695,221,5649,84.0,2434444,129374
2020-09-07,23:39:00,,29,Kazakhstan,18817685,106361,60.0,1588,0.0,99654,636.0,5119,221,5652,84.0,2571562,136657
2020-09-08,22:10:00,,29,Kazakhstan,18818299,106425,64.0,1588,0.0,99893,239.0,4944,221,5655,84.0,2571562,136652
2020-09-09,22:01:00,,29,Kazakhstan,18818912,106498,73.0,1634,46.0,100042,149.0,4822,221,5659,87.0,2571562,136648
2020-09-10,22:01:00,,29,Kazakhstan,18819526,106584,86.0,1634,0.0,100248,206.0,4702,221,5663,87.0,2571562,136643
2020-09-11,22:00:00,,29,Kazakhstan,18820139,106661,77.0,1634,0.0,100409,161.0,4618,221,5667,87.0,2571562,136639
2020-09-12,22:22:00,,29,Kazakhstan,18820753,106729,68.0,1634,0.0,100518,109.0,4577,221,5671,87.0,2571562,136634
2020-09-13,22:01:00,,29,Kazakhstan,18821366,106803,74.0,1634,0.0,100615,97.0,4554,221,5675,87.0,2571562,136630
2020-09-14,22:04:00,,29,Kazakhstan,18821980,106855,52.0,1634,0.0,100627,12.0,4594,221,5677,87.0,2571562,136625
2020-09-15,21:00:00,,29,Kazakhstan,18822593,106920,65.0,1634,0.0,100836,209.0,4450,221,5680,87.0,2571562,136621
2020-09-16,21:01:00,,29,Kazakhstan,18823207,106984,64.0,1671,37.0,101267,431.0,4046,221,5684,89.0,2571562,136617
2020-09-18,20:01:00,,29,Kazakhstan,18824434,107134,150.0,1671,0.0,101610,343.0,3853,221,5691,89.0,2733455,145208
2020-09-19,21:00:00,,29,Kazakhstan,18825047,107199,65.0,1671,0.0,101822,212.0,3706,221,5694,89.0,2733455,145203
2020-09-20,22:31:00,,29,Kazakhstan,18825661,107262,63.0,1671,0.0,101877,55.0,3714,221,5698,89.0,2733455,145198
2020-09-21,21:01:00,,29,Kazakhstan,18826274,107307,45.0,1671,0.0,101941,64.0,3695,221,5700,89.0,2733455,145194
2020-09-22,21:01:00,,29,Kazakhstan,18826888,107374,67.0,1671,0.0,102064,123.0,3639,221,5703,89.0,2733455,145189
2020-09-23,19:58:00,,29,Kazakhstan,18827501,107450,76.0,1699,28.0,102064,0.0,3687,221,5707,90.0,2733455,145184
2020-09-24,21:00:00,,29,Kazakhstan,18828115,107529,79.0,1699,0.0,102323,259.0,3507,221,5711,90.0,2733455,145179
2020-09-25,21:00:00,,29,Kazakhstan,18828728,107590,61.0,1699,0.0,102360,37.0,3531,221,5714,90.0,2733455,145175
2020-09-26,21:00:00,,29,Kazakhstan,18829342,107659,69.0,1699,0.0,102530,170.0,3430,221,5718,90.0,2895805,153792
2020-09-27,22:45:00,,29,Kazakhstan,18829955,107723,64.0,1699,0.0,102666,136.0,3358,221,5721,90.0,2895805,153787
2020-09-28,22:00:00,,29,Kazakhstan,18830569,107775,52.0,1699,0.0,102736,70.0,3340,221,5723,90.0,2895805,153782
2020-09-29,21:35:00,,29,Kazakhstan,18831182,107833,58.0,1699,0.0,102805,69.0,3329,221,5726,90.0,2895805,153777
2020-09-30,22:00:00,,29,Kazakhstan,18831796,107908,75.0,1725,26.0,102874,69.0,3309,221,5730,92.0,2895805,153772
2020-10-01,21:31:00,,29,Kazakhstan,18832409,107979,71.0,1725,0.0,102937,63.0,3317,221,5734,92.0,2964281,157403
2020-10-02,22:36:00,,29,Kazakhstan,18833023,108044,65.0,1725,0.0,103028,91.0,3291,221,5737,92.0,2964281,157398
2020-10-03,22:24:00,,29,Kazakhstan,18833636,108106,62.0,1725,0.0,103110,82.0,3271,221,5740,92.0,2964281,157393
2020-10-04,21:01:00,,29,Kazakhstan,18834250,108177,71.0,1725,0.0,103205,95.0,3247,221,5744,92.0,2964281,157388
2020-10-05,22:13:00,,29,Kazakhstan,18834863,108236,59.0,1725,0.0,103277,72.0,3234,221,5747,92.0,2973489,157872
2020-10-06,23:01:00,,29,Kazakhstan,18835477,108296,60.0,1725,0.0,103367,90.0,3204,221,5750,92.0,2973489,157866
2020-10-07,23:01:00,,29,Kazakhstan,18836090,108362,66.0,1746,21.0,103465,98.0,3151,221,5753,93.0,3045439,161681
2020-10-08,23:59:00,,29,Kazakhstan,18836704,108454,92.0,1746,0.0,103604,139.0,3104,221,5758,93.0,3045439,161676
2020-10-09,23:00:00,,29,Kazakhstan,18837317,108561,107.0,1746,0.0,103758,154.0,3057,221,5763,93.0,3045439,161671
2020-10-10,23:00:00,,29,Kazakhstan,18837931,108663,102.0,1746,0.0,103910,152.0,3007,221,5768,93.0,3045439,161665
2020-10-12,23:10:00,,29,Kazakhstan,18839158,108831,168.0,1746,0.0,104041,131.0,3044,221,5777,93.0,3045439,161655
2020-10-13,23:01:00,,29,Kazakhstan,18839771,108901,70.0,1746,0.0,104203,162.0,2952,221,5780,93.0,3045439,161649
2020-10-14,23:01:00,,29,Kazakhstan,18840385,108984,83.0,1768,22.0,104346,143.0,2870,221,5785,94.0,3045439,161644
2020-10-15,14:09:00,11:06:00,29,Kazakhstan,18840998,109094,110.0,1768,0.0,104525,179.0,2801,221,5790,94.0,3045439,161639
2020-10-16,22:08:00,19:06:00,29,Kazakhstan,18841612,109202,108.0,1768,0.0,104801,276.0,2633,221,5796,94.0,3175675,168546
2020-10-17,23:01:00,19:58:00,29,Kazakhstan,18842225,109302,100.0,1768,0.0,104921,120.0,2613,221,5801,94.0,3175675,168540
2020-10-18,22:05:00,19:03:00,29,Kazakhstan,18842839,109406,104.0,1768,0.0,105001,80.0,2637,221,5806,94.0,3175675,168535
2020-10-19,22:05:00,18:59:00,29,Kazakhstan,18843452,109508,102.0,1768,0.0,105001,0.0,2739,221,5811,94.0,3175675,168529
2020-10-20,22:05:00,19:04:00,29,Kazakhstan,18844066,109623,115.0,1768,0.0,105145,144.0,2710,221,5817,94.0,3175675,168524
2020-10-21,22:05:00,19:03:00,29,Kazakhstan,18844679,109766,143.0,1796,28.0,105301,156.0,2669,221,5825,95.0,3175675,168518
2020-10-22,22:05:00,19:04:00,29,Kazakhstan,18845293,109907,141.0,1796,0.0,105385,84.0,2726,221,5832,95.0,3309626,175621
2020-10-23,22:05:00,19:02:00,29,Kazakhstan,18845906,110086,179.0,1796,0.0,105493,108.0,2797,221,5841,95.0,3309626,175615
2020-10-24,23:41:00,20:40:00,29,Kazakhstan,18846520,110250,164.0,1796,0.0,105566,73.0,2888,221,5850,95.0,3309626,175609
2020-10-25,23:00:00,20:58:00,29,Kazakhstan,18847133,110402,152.0,1796,0.0,105618,52.0,2988,221,5858,95.0,3309626,175604
2020-10-26,23:00:00,20:56:00,29,Kazakhstan,18847747,110542,140.0,1796,0.0,105675,57.0,3071,221,5865,95.0,3309626,175598
2020-10-27,23:00:00,20:58:00,29,Kazakhstan,18848360,110684,142.0,1796,0.0,105766,91.0,3122,221,5872,95.0,3309626,175592
2020-10-28,23:00:00,20:58:00,29,Kazakhstan,18848974,110832,148.0,1825,29.0,105883,117.0,3124,221,5880,97.0,3309626,175587
2020-10-29,23:00:00,20:57:00,29,Kazakhstan,18849587,111100,268.0,1825,0.0,106059,176.0,3216,221,5894,97.0,3309626,175581
2020-10-30,23:00:00,20:58:00,29,Kazakhstan,18850201,111492,392.0,1825,0.0,106187,128.0,3480,221,5915,97.0,3309626,175575
2020-10-31,23:00:00,20:59:00,29,Kazakhstan,18850814,111953,461.0,1825,0.0,106310,123.0,3818,221,5939,97.0,3309626,175569
2020-11-01,23:00:00,20:59:00,29,Kazakhstan,18851428,112418,465.0,1825,0.0,106400,90.0,4193,221,5963,97.0,3309626,175564
2020-11-02,23:00:00,20:57:00,29,Kazakhstan,18852041,112860,442.0,1825,0.0,106514,114.0,4521,221,5987,97.0,3466616,183885
2020-11-03,23:00:00,20:59:00,29,Kazakhstan,18852655,113309,449.0,1857,32.0,106716,202.0,4736,221,6010,99.0,3466616,183879
2020-11-04,23:00:00,20:57:00,29,Kazakhstan,18853268,113741,432.0,1857,0.0,106893,177.0,4991,221,6033,98.0,3466616,183873
2020-11-05,23:00:00,20:59:00,29,Kazakhstan,18853882,114235,494.0,1857,0.0,107139,246.0,5239,221,6059,98.0,3466616,183867
2020-11-06,23:00:00,20:58:00,29,Kazakhstan,18854495,114826,591.0,1857,0.0,107339,200.0,5630,221,6090,98.0,3645655,193357
2020-11-07,23:00:00,20:57:00,29,Kazakhstan,18855109,115439,613.0,1857,0.0,107530,191.0,6052,221,6122,98.0,3645655,193351
2020-11-08,23:00:00,20:49:00,29,Kazakhstan,18855722,116162,723.0,1857,0.0,107668,138.0,6637,221,6161,98.0,3645655,193345
2020-11-09,23:00:00,20:59:00,29,Kazakhstan,18856336,116772,610.0,1857,0.0,107843,175.0,7072,221,6193,98.0,3645655,193338
2020-11-10,23:00:00,20:59:00,29,Kazakhstan,18856949,117336,564.0,1857,0.0,108169,326.0,7310,221,6222,98.0,3645655,193332
2020-11-11,23:00:00,20:56:00,29,Kazakhstan,18857563,117904,568.0,1857,0.0,108387,218.0,7660,221,6252,98.0,3645655,193326
2020-11-12,23:00:00,20:59:00,29,Kazakhstan,18858176,118491,587.0,1899,42.0,108632,245.0,7960,221,6283,101.0,3645655,193320
2020-11-13,23:00:00,20:58:00,29,Kazakhstan,18858790,119129,638.0,1899,0.0,108958,326.0,8272,221,6317,101.0,3645655,193313
2020-11-14,23:00:00,20:57:00,29,Kazakhstan,18859403,119833,704.0,1899,0.0,109275,317.0,8659,221,6354,101.0,3645655,193307
2020-11-15,23:00:00,20:53:00,29,Kazakhstan,18860017,120463,630.0,1899,0.0,109643,368.0,8921,221,6387,101.0,3645655,193301
2020-11-16,23:00:00,20:59:00,29,Kazakhstan,18860630,121051,588.0,1899,0.0,109944,301.0,9208,221,6418,101.0,3645655,193294
2020-11-17,23:00:00,20:58:00,29,Kazakhstan,18861244,121653,602.0,1899,0.0,110382,438.0,9372,221,6450,101.0,3645655,193288
2020-11-18,23:00:00,20:57:00,29,Kazakhstan,18861857,122335,682.0,1899,0.0,110835,453.0,9601,221,6486,101.0,4071191,215843
2020-11-19,23:00:00,20:59:00,29,Kazakhstan,18862471,123097,762.0,1945,46.0,111172,337.0,9980,221,6526,103.0,4071191,215836
2020-11-20,23:00:00,20:59:00,29,Kazakhstan,18863084,123888,791.0,1945,0.0,111483,311.0,10460,221,6568,103.0,4071191,215828
2020-11-21,23:00:00,20:58:00,29,Kazakhstan,18863698,124710,822.0,1945,0.0,111895,412.0,10870,221,6611,103.0,4071191,215821
2020-11-22,23:00:00,20:59:00,29,Kazakhstan,18864311,125466,756.0,1945,0.0,112292,397.0,11229,221,6651,103.0,4206738,223000
2020-11-23,23:00:00,20:58:00,29,Kazakhstan,18864925,126182,716.0,1945,0.0,112806,514.0,11431,221,6689,103.0,4206738,222993
2020-11-24,23:00:00,20:57:00,29,Kazakhstan,18865538,126860,678.0,1945,0.0,113646,840.0,11269,221,6724,103.0,4206738,222985
2020-11-25,23:00:00,20:58:00,29,Kazakhstan,18866152,127580,720.0,1945,0.0,114347,701.0,11288,221,6762,103.0,4206738,222978
2020-11-26,23:00:00,20:47:00,29,Kazakhstan,18866765,128400,820.0,1990,45.0,114821,474.0,11589,221,6806,105.0,4206738,222971
2020-11-27,23:00:00,20:59:00,29,Kazakhstan,18867379,129213,813.0,1990,0.0,115384,563.0,11839,221,6848,105.0,4206738,222964
2020-11-28,23:00:00,20:46:00,29,Kazakhstan,18867992,130039,826.0,1990,0.0,116044,660.0,12005,221,6892,105.0,4206738,222956
2020-11-29,23:00:00,20:51:00,29,Kazakhstan,18868606,130865,826.0,1990,0.0,116187,143.0,12688,221,6936,105.0,4206738,222949
2020-11-30,23:00:00,20:57:00,29,Kazakhstan,18869219,131659,794.0,1990,0.0,116461,274.0,13208,221,6977,105.0,4206738,222942
2020-12-01,23:00:00,20:55:00,29,Kazakhstan,18869833,132348,689.0,1990,0.0,116863,402.0,13495,221,7014,105.0,4206738,222935
2020-12-02,23:00:00,20:58:00,29,Kazakhstan,18870446,133118,770.0,1990,0.0,117362,499.0,13766,221,7054,105.0,4206738,222927
2020-12-03,23:00:00,20:59:00,29,Kazakhstan,18871060,133887,769.0,1990,0.0,118004,642.0,13893,221,7095,105.0,4206738,222920
2020-12-04,23:00:00,20:57:00,29,Kazakhstan,18871673,134706,819.0,1990,0.0,118643,639.0,14073,221,7138,105.0,4206738,222913
2020-12-05,23:00:00,20:58:00,29,Kazakhstan,18872287,135498,792.0,2034,44.0,119419,776.0,14045,221,7180,108.0,4206738,222906
2020-12-06,23:00:00,20:51:00,29,Kazakhstan,18872900,136271,773.0,2034,0.0,120178,759.0,14059,221,7220,108.0,4206738,222898
2020-12-07,23:00:00,20:57:00,29,Kazakhstan,18873514,136983,712.0,2034,0.0,120799,621.0,14150,221,7258,108.0,4206738,222891
2020-12-08,23:00:00,20:59:00,29,Kazakhstan,18874127,137653,670.0,2034,0.0,121347,548.0,14272,221,7293,108.0,4206738,222884
2020-12-09,23:00:00,20:59:00,29,Kazakhstan,18874741,138382,729.0,2088,54.0,122291,944.0,14003,221,7332,111.0,4795216,254055
2020-12-10,23:00:00,20:59:00,29,Kazakhstan,18875354,139159,777.0,2088,0.0,123215,924.0,13856,221,7373,111.0,4795216,254046
2020-12-11,23:00:00,20:59:00,29,Kazakhstan,18875968,139995,836.0,2088,0.0,124056,841.0,13851,221,7417,111.0,4871752,258093
2020-12-12,23:00:00,20:58:00,29,Kazakhstan,18876581,140784,789.0,2088,0.0,124729,673.0,13967,221,7458,111.0,4871752,258084
2020-12-13,23:00:00,20:59:00,29,Kazakhstan,18877195,141578,794.0,2088,0.0,125380,651.0,14110,221,7500,111.0,4871752,258076
2020-12-14,23:35:00,21:34:00,29,Kazakhstan,18877808,142325,747.0,2088,0.0,126182,802.0,14055,221,7539,111.0,4871752,258068
2020-12-15,23:00:00,20:59:00,29,Kazakhstan,18878422,142986,661.0,2088,0.0,127096,914.0,13802,221,7574,111.0,4871752,258059
2020-12-16,23:00:00,20:58:00,29,Kazakhstan,18879035,143735,749.0,2147,59.0,128218,1122.0,13370,221,7613,114.0,4871752,258051
2020-12-17,23:00:00,20:56:00,29,Kazakhstan,18879649,144523,788.0,2147,0.0,128964,746.0,13412,221,7655,114.0,4871752,258043
2020-12-18,23:00:00,20:57:00,29,Kazakhstan,18880262,145213,690.0,2147,0.0,129525,561.0,13541,221,7691,114.0,4871752,258034
2020-12-19,23:59:00,22:11:00,29,Kazakhstan,18880876,145932,719.0,2147,0.0,129952,427.0,13833,221,7729,114.0,4871752,258026
2020-12-20,23:00:00,20:54:00,29,Kazakhstan,18881489,146584,652.0,2147,0.0,130776,824.0,13661,221,7763,114.0,4871752,258017
2020-12-21,23:00:00,20:59:00,29,Kazakhstan,18882103,147236,652.0,2147,0.0,131606,830.0,13483,221,7798,114.0,4871752,258009
2020-12-22,23:00:00,20:59:00,29,Kazakhstan,18882716,147975,739.0,2147,0.0,132427,821.0,13401,221,7837,114.0,4871752,258001
2020-12-23,23:00:00,20:58:00,29,Kazakhstan,18883330,148708,733.0,2196,49.0,133510,1083.0,13002,221,7875,116.0,5170746,273826
2020-12-24,23:00:00,20:55:00,29,Kazakhstan,18883943,149462,754.0,2196,0.0,135063,1553.0,12203,221,7915,116.0,5170746,273817
2020-12-25,23:00:00,20:59:00,29,Kazakhstan,18884557,150198,736.0,2196,0.0,136365,1302.0,11637,221,7953,116.0,5170746,273808
2020-12-26,23:00:00,20:59:00,29,Kazakhstan,18885170,150951,753.0,2196,0.0,137846,1481.0,10909,221,7993,116.0,5170746,273799
2020-12-27,23:00:00,20:56:00,29,Kazakhstan,18885783,151727,776.0,2196,0.0,139022,1176.0,10509,221,8034,116.0,5170746,273790
2020-12-28,23:00:00,20:58:00,29,Kazakhstan,18886397,152460,733.0,2196,0.0,139843,821.0,10421,221,8072,116.0,5170746,273781
2020-12-29,23:00:00,20:54:00,29,Kazakhstan,18887010,153199,739.0,2196,0.0,140684,841.0,10319,221,8111,116.0,5250104,277974
2020-12-30,23:00:00,20:54:00,29,Kazakhstan,18887624,153925,726.0,2262,66.0,141731,1047.0,9932,221,8150,120.0,5250104,277965
2020-12-31,23:00:00,20:44:00,29,Kazakhstan,18888237,154720,795.0,2262,0.0,142475,744.0,9983,221,8191,120.0,5250104,277956
2021-01-01,23:00:00,20:54:00,29,Kazakhstan,18888851,155473,753.0,2262,0.0,143075,600.0,10136,221,8231,120.0,5250104,277947
2021-01-02,23:00:00,20:56:00,29,Kazakhstan,18889464,156220,747.0,2262,0.0,143607,532.0,10351,221,8270,120.0,5250104,277938
2021-01-03,23:00:00,20:59:00,29,Kazakhstan,18890078,156934,714.0,2262,0.0,143958,351.0,10714,221,8308,120.0,5250104,277929
2021-01-04,23:00:00,20:57:00,29,Kazakhstan,18890691,157579,645.0,2262,0.0,144710,752.0,10607,221,8342,120.0,5250104,277920
2021-01-05,23:00:00,20:51:00,29,Kazakhstan,18891305,158302,723.0,2262,0.0,145194,484.0,10846,221,8380,120.0,5250104,277911
2021-01-06,23:00:00,20:59:00,29,Kazakhstan,18891918,159044,742.0,2262,0.0,145979,785.0,10803,221,8419,120.0,5250104,277902
