Date,Scrap_time,Update_time_GMT,Country_id,Country,Population,TotalCases,NewCases,TotalDeaths,NewDeaths,TotalRecovered,NewRecovered,ActiveCases,SeriousCritical,Tot_Cases_1Mpop,Deaths_1Mpop,TotalTests,Tests_1Mpop
2020-08-02,20:00:00,,63,Kenya,53864942,22053,,369,,8419,,13265,44.0,409,7.0,310330,5761
2020-08-08,20:00:00,,63,Kenya,53884404,25837,3784.0,418,49.0,11899,3480.0,13520,44.0,479,8.0,349307,6483
2020-08-12,20:00:00,,63,Kenya,53897379,27425,1588.0,438,20.0,13867,1968.0,13120,44.0,509,8.0,362501,6726
2020-08-16,20:00:00,,63,Kenya,53910353,29849,2424.0,472,34.0,15970,2103.0,13407,44.0,554,9.0,387670,7191
2020-08-17,20:00:00,,63,Kenya,53913597,30365,516.0,482,10.0,17160,1190.0,12723,44.0,563,9.0,394566,7318
2020-08-18,20:00:00,,63,Kenya,53916841,30636,271.0,487,5.0,17368,208.0,12781,44.0,568,9.0,398585,7393
2020-08-19,20:00:00,,63,Kenya,53920084,30636,0.0,487,0.0,17368,0.0,12781,44.0,568,9.0,398585,7392
2020-08-20,17:53:00,,63,Kenya,53923328,31015,379.0,506,19.0,17612,244.0,12897,44.0,575,9.0,398585,7392
2020-08-23,21:09:00,,63,Kenya,53933059,32364,1349.0,548,42.0,18670,1058.0,13146,44.0,600,10.0,421983,7824
2020-08-24,17:10:00,,63,Kenya,53936302,32557,193.0,554,6.0,18895,225.0,13108,44.0,604,10.0,425364,7886
2020-08-25,23:00:00,,63,Kenya,53939546,32803,246.0,559,5.0,19055,160.0,13189,44.0,608,10.0,429513,7963
2020-08-26,22:59:00,,63,Kenya,53942790,33016,213.0,564,5.0,19296,241.0,13156,44.0,612,10.0,429513,7962
2020-08-27,23:00:00,,63,Kenya,53946033,33389,373.0,567,3.0,19368,72.0,13454,44.0,619,11.0,438193,8123
2020-08-28,23:01:00,,63,Kenya,53949277,33630,241.0,567,0.0,19434,66.0,13629,44.0,623,11.0,442713,8206
2020-08-29,12:29:00,,63,Kenya,53952521,33630,0.0,567,0.0,19434,0.0,13629,44.0,623,11.0,442713,8206
2020-08-30,23:00:00,,63,Kenya,53955764,34057,427.0,574,7.0,19688,254.0,13795,44.0,631,11.0,450146,8343
2020-08-31,18:58:00,,63,Kenya,53959008,34201,144.0,577,3.0,19893,205.0,13731,44.0,634,11.0,454406,8421
2020-09-01,23:00:00,,63,Kenya,53962251,34201,0.0,577,0.0,19893,0.0,13731,44.0,634,11.0,454406,8421
2020-09-02,23:01:00,,63,Kenya,53965495,34493,292.0,581,4.0,20211,318.0,13701,44.0,639,11.0,456088,8451
2020-09-03,23:01:00,,63,Kenya,53968739,34705,212.0,585,4.0,20644,433.0,13476,44.0,643,11.0,456088,8451
2020-09-04,07:01:00,,63,Kenya,53971982,34705,0.0,585,0.0,20644,0.0,13476,44.0,643,11.0,456088,8450
2020-09-05,23:31:00,,63,Kenya,53975226,35020,315.0,594,9.0,21158,514.0,13268,44.0,649,11.0,471384,8733
2020-09-06,18:30:00,,63,Kenya,53978470,35103,83.0,597,3.0,21230,72.0,13276,44.0,650,11.0,474477,8790
2020-09-07,23:39:00,,63,Kenya,53981713,35205,102.0,599,2.0,21310,80.0,13296,44.0,652,11.0,474477,8790
2020-09-08,22:10:00,,63,Kenya,53984957,35205,0.0,599,0.0,21310,0.0,13296,44.0,652,11.0,474477,8789
2020-09-09,22:01:00,,63,Kenya,53988201,35460,255.0,607,8.0,21557,247.0,13296,44.0,657,11.0,481982,8928
2020-09-10,22:01:00,,63,Kenya,53991444,35460,0.0,607,0.0,21557,0.0,13296,44.0,657,11.0,481982,8927
2020-09-11,22:00:00,,63,Kenya,53994688,35793,333.0,616,9.0,22442,885.0,12735,44.0,663,11.0,481982,8926
2020-09-12,22:22:00,,63,Kenya,53997932,35969,176.0,619,3.0,22771,329.0,12579,44.0,666,11.0,481982,8926
2020-09-13,22:01:00,,63,Kenya,54001175,35969,0.0,619,0.0,22771,0.0,12579,44.0,666,11.0,481982,8925
2020-09-14,22:04:00,,63,Kenya,54004419,36157,188.0,622,3.0,23067,296.0,12468,44.0,670,12.0,481982,8925
2020-09-15,21:00:00,,63,Kenya,54007662,36205,48.0,624,2.0,23243,176.0,12338,44.0,670,12.0,481982,8924
2020-09-16,21:01:00,,63,Kenya,54010906,36301,96.0,634,10.0,23364,121.0,12303,44.0,672,12.0,485252,8984
2020-09-18,20:01:00,,63,Kenya,54017393,36724,423.0,646,12.0,23709,345.0,12369,44.0,680,12.0,504988,9349
2020-09-19,21:00:00,,63,Kenya,54020637,36829,105.0,646,0.0,23777,68.0,12406,44.0,682,12.0,504988,9348
2020-09-20,22:31:00,,63,Kenya,54023881,36981,152.0,648,2.0,23887,110.0,12446,44.0,685,12.0,504988,9347
2020-09-21,21:01:00,,63,Kenya,54027124,37079,98.0,650,2.0,23949,62.0,12480,44.0,686,12.0,506632,9377
2020-09-22,21:01:00,,63,Kenya,54030368,37218,139.0,659,9.0,24147,198.0,12412,44.0,689,12.0,506632,9377
2020-09-23,19:58:00,,63,Kenya,54033612,37218,0.0,659,0.0,24147,0.0,12412,44.0,689,12.0,506632,9376
2020-09-24,21:00:00,,63,Kenya,54036855,37348,130.0,664,5.0,24253,106.0,12431,44.0,691,12.0,506632,9376
2020-09-25,21:00:00,,63,Kenya,54040099,37489,141.0,669,5.0,24334,81.0,12486,44.0,694,12.0,506632,9375
2020-09-26,21:00:00,,63,Kenya,54043343,37707,218.0,682,13.0,24504,170.0,12521,44.0,698,13.0,506632,9375
2020-09-27,22:45:00,,63,Kenya,54046586,38115,408.0,691,9.0,24621,117.0,12803,44.0,705,13.0,540308,9997
2020-09-28,22:00:00,,63,Kenya,54049830,38168,53.0,700,9.0,24681,60.0,12787,44.0,706,13.0,541415,10017
2020-09-29,21:35:00,,63,Kenya,54053073,38378,210.0,707,7.0,24740,59.0,12931,44.0,710,13.0,545019,10083
2020-09-30,22:00:00,,63,Kenya,54056317,38529,151.0,711,4.0,24908,168.0,12910,44.0,713,13.0,547946,10137
2020-10-01,21:31:00,,63,Kenya,54059561,38713,184.0,711,0.0,24908,0.0,13094,44.0,716,13.0,552646,10223
2020-10-02,22:36:00,,63,Kenya,54062804,38923,210.0,725,14.0,25114,206.0,13084,44.0,720,13.0,555711,10279
2020-10-03,22:24:00,,63,Kenya,54066048,39184,261.0,728,3.0,25426,312.0,13030,44.0,725,13.0,559098,10341
2020-10-04,21:01:00,,63,Kenya,54069292,39427,243.0,731,3.0,25659,233.0,13037,,729,14.0,563483,10421
2020-10-05,22:13:00,,63,Kenya,54072535,39449,22.0,735,4.0,27035,1376.0,11679,,730,14.0,564078,10432
2020-10-06,23:01:00,,63,Kenya,54075779,39586,137.0,743,8.0,27331,296.0,11512,,732,14.0,565336,10455
2020-10-07,23:01:00,,63,Kenya,54079023,39907,321.0,748,5.0,27331,0.0,11828,,738,14.0,565336,10454
2020-10-08,23:59:00,,63,Kenya,54082266,40178,271.0,751,3.0,31710,4379.0,7717,,743,14.0,574712,10627
2020-10-09,23:00:00,,63,Kenya,54085510,40178,0.0,751,0.0,31710,0.0,7717,,743,14.0,574712,10626
2020-10-10,23:00:00,,63,Kenya,54088754,41158,980.0,760,9.0,31876,166.0,8522,,761,14.0,580039,10724
2020-10-12,23:10:00,,63,Kenya,54095241,41619,461.0,777,17.0,32000,124.0,8842,,769,14.0,593199,10966
2020-10-13,23:01:00,,63,Kenya,54098484,41937,318.0,787,10.0,31340,-660.0,9810,,775,15.0,593199,10965
2020-10-14,23:01:00,,63,Kenya,54101728,42541,604.0,797,10.0,31428,88.0,10316,,786,15.0,601623,11120
2020-10-15,14:09:00,11:06:00,63,Kenya,54104972,42541,0.0,797,0.0,31428,0.0,10316,,786,15.0,601623,11120
2020-10-16,22:08:00,19:06:00,63,Kenya,54108215,43580,1039.0,813,16.0,31648,220.0,11119,,805,15.0,607241,11223
2020-10-17,23:01:00,19:58:00,63,Kenya,54111459,44196,616.0,825,12.0,31752,104.0,11619,,817,15.0,617064,11404
2020-10-18,22:05:00,19:03:00,63,Kenya,54114703,44881,685.0,832,7.0,31857,105.0,12192,,829,15.0,621976,11494
2020-10-19,22:05:00,18:59:00,63,Kenya,54117946,45076,195.0,839,7.0,32084,227.0,12153,,833,16.0,623828,11527
2020-10-20,22:05:00,19:04:00,63,Kenya,54121190,45647,571.0,842,3.0,32522,438.0,12283,,843,16.0,627781,11600
2020-10-21,22:05:00,19:03:00,63,Kenya,54124434,46144,497.0,858,16.0,32760,238.0,12526,,853,16.0,632669,11689
2020-10-22,22:05:00,19:04:00,63,Kenya,54127677,47212,1068.0,870,12.0,33050,290.0,13292,,872,16.0,632669,11688
2020-10-23,22:05:00,19:02:00,63,Kenya,54130921,47843,631.0,884,14.0,33421,371.0,13538,20.0,884,16.0,646367,11941
2020-10-24,23:41:00,20:40:00,63,Kenya,54134164,48790,947.0,896,12.0,33876,455.0,14018,20.0,901,17.0,653229,12067
2020-10-25,23:00:00,20:58:00,63,Kenya,54137408,49721,931.0,902,6.0,34209,333.0,14610,18.0,918,17.0,659920,12190
2020-10-26,23:00:00,20:56:00,63,Kenya,54140652,49997,276.0,920,18.0,34429,220.0,14648,18.0,923,17.0,662046,12228
2020-10-27,23:00:00,20:58:00,63,Kenya,54143895,50833,836.0,934,14.0,34832,403.0,15067,18.0,939,17.0,666122,12303
2020-10-28,23:00:00,20:58:00,63,Kenya,54147139,51851,1018.0,934,0.0,35258,426.0,15659,36.0,958,17.0,672771,12425
2020-10-29,23:00:00,20:57:00,63,Kenya,54150383,52612,761.0,964,30.0,35604,346.0,16044,36.0,972,18.0,677601,12513
2020-10-30,23:00:00,20:58:00,63,Kenya,54153626,53797,1185.0,964,0.0,35876,272.0,16957,36.0,993,18.0,687452,12694
2020-10-31,23:00:00,20:59:00,63,Kenya,54156870,55192,1395.0,981,17.0,35876,0.0,18335,36.0,1019,18.0,695087,12835
2020-11-01,23:00:00,20:59:00,63,Kenya,54160114,55877,685.0,1013,32.0,37194,1318.0,17670,36.0,1032,19.0,699520,12916
2020-11-02,23:00:00,20:57:00,63,Kenya,54163357,56601,724.0,1027,14.0,37442,248.0,18132,36.0,1045,19.0,704605,13009
2020-11-03,23:00:00,20:59:00,63,Kenya,54166601,57093,492.0,1039,12.0,37846,404.0,18208,54.0,1054,19.0,708333,13077
2020-11-04,23:00:00,20:57:00,63,Kenya,54169845,58587,1494.0,1051,12.0,38381,535.0,19155,54.0,1082,19.0,717172,13239
2020-11-05,23:00:00,20:59:00,63,Kenya,54173088,59595,1008.0,1072,21.0,39193,812.0,19330,62.0,1100,20.0,723210,13350
2020-11-06,23:00:00,20:58:00,63,Kenya,54176332,60704,1109.0,1093,21.0,40131,938.0,19480,62.0,1120,20.0,730363,13481
2020-11-07,23:00:00,20:57:00,63,Kenya,54179575,61769,1065.0,1103,10.0,41019,888.0,19647,62.0,1140,20.0,737749,13617
2020-11-08,23:00:00,20:49:00,63,Kenya,54182819,62488,719.0,1111,8.0,41931,912.0,19446,60.0,1153,21.0,742481,13703
2020-11-09,23:00:00,20:59:00,63,Kenya,54186063,63244,756.0,1130,19.0,42659,728.0,19455,60.0,1167,21.0,746797,13782
2020-11-10,23:00:00,20:59:00,63,Kenya,54189306,64588,1344.0,1154,24.0,43095,436.0,20339,58.0,1192,21.0,753959,13913
2020-11-11,23:00:00,20:56:00,63,Kenya,54192550,64588,0.0,1154,0.0,43095,0.0,20339,58.0,1192,21.0,753959,13913
2020-11-12,23:00:00,20:59:00,63,Kenya,54195794,66723,2135.0,1203,49.0,44040,945.0,21480,60.0,1231,22.0,766910,14151
2020-11-13,23:00:00,20:58:00,63,Kenya,54199037,68193,1470.0,1228,25.0,44872,832.0,22093,54.0,1258,23.0,774982,14299
2020-11-14,23:00:00,20:57:00,63,Kenya,54202281,69273,1080.0,1228,0.0,44872,0.0,23173,54.0,1278,23.0,783304,14451
2020-11-15,23:00:00,20:53:00,63,Kenya,54205525,70245,972.0,1269,41.0,45766,894.0,23210,59.0,1296,23.0,789952,14573
2020-11-16,23:00:00,20:59:00,63,Kenya,54208768,70804,559.0,1287,18.0,46244,478.0,23273,64.0,1306,24.0,793026,14629
2020-11-17,23:00:00,20:58:00,63,Kenya,54212012,71729,925.0,1302,15.0,47262,1018.0,23165,62.0,1323,24.0,798585,14731
2020-11-18,23:00:00,20:57:00,63,Kenya,54215256,72686,957.0,1313,11.0,49878,2616.0,21495,62.0,1341,24.0,798585,14730
2020-11-19,23:00:00,20:59:00,63,Kenya,54218499,74145,1459.0,1330,17.0,50658,780.0,22157,59.0,1368,25.0,815040,15033
2020-11-20,23:00:00,20:59:00,63,Kenya,54221743,75193,1048.0,1349,19.0,50984,326.0,22860,59.0,1387,25.0,823700,15191
2020-11-21,23:00:00,20:58:00,63,Kenya,54224986,76404,1211.0,1366,17.0,51352,368.0,23686,59.0,1409,25.0,833004,15362
2020-11-22,23:00:00,20:59:00,63,Kenya,54228230,77372,968.0,1380,14.0,51507,155.0,24485,63.0,1427,25.0,839614,15483
2020-11-23,23:00:00,20:58:00,63,Kenya,54231474,77785,413.0,1392,12.0,51903,396.0,24490,52.0,1434,26.0,843103,15546
2020-11-24,23:00:00,20:57:00,63,Kenya,54234717,78512,727.0,1409,17.0,52709,806.0,24394,52.0,1448,26.0,848016,15636
2020-11-25,23:00:00,20:58:00,63,Kenya,54237961,79322,810.0,1417,8.0,52974,265.0,24931,49.0,1462,26.0,855403,15771
2020-11-26,23:00:00,20:47:00,63,Kenya,54241205,80102,780.0,1427,10.0,53526,552.0,25149,57.0,1477,26.0,861561,15884
2020-11-27,23:00:00,20:59:00,63,Kenya,54244448,80102,0.0,1427,0.0,53526,0.0,25149,57.0,1477,26.0,861561,15883
2020-11-28,23:00:00,20:46:00,63,Kenya,54247692,82605,2503.0,1445,18.0,54399,873.0,26761,78.0,1523,27.0,879261,16208
2020-11-29,23:00:00,20:51:00,63,Kenya,54250936,83316,711.0,1452,7.0,54975,576.0,26889,68.0,1536,27.0,885933,16330
2020-11-30,23:00:00,20:57:00,63,Kenya,54254179,83618,302.0,1469,17.0,55344,369.0,26805,72.0,1541,27.0,888971,16385
2020-12-01,23:00:00,20:55:00,63,Kenya,54257423,84169,551.0,1474,5.0,55610,266.0,27085,71.0,1551,27.0,893646,16470
2020-12-02,23:00:00,20:58:00,63,Kenya,54260667,85130,961.0,1484,10.0,56464,854.0,27182,74.0,1569,27.0,901426,16613
2020-12-03,23:00:00,20:59:00,63,Kenya,54263910,86383,1253.0,1500,16.0,56464,0.0,28419,74.0,1592,28.0,911596,16799
2020-12-04,23:00:00,20:57:00,63,Kenya,54267154,87249,866.0,1506,6.0,68110,11646.0,17633,77.0,1608,28.0,919411,16942
2020-12-05,23:00:00,20:58:00,63,Kenya,54270397,87984,735.0,1518,12.0,68532,422.0,17934,76.0,1621,28.0,927082,17083
2020-12-06,23:00:00,20:51:00,63,Kenya,54273641,88380,396.0,1526,8.0,68929,397.0,17925,76.0,1628,28.0,927082,17082
2020-12-07,23:00:00,20:57:00,63,Kenya,54276885,88579,199.0,1531,5.0,69414,485.0,17634,76.0,1632,28.0,927082,17081
2020-12-08,23:00:00,20:59:00,63,Kenya,54280128,89100,521.0,1545,14.0,69839,425.0,17716,71.0,1641,28.0,938936,17298
2020-12-09,23:00:00,20:59:00,63,Kenya,54283372,89661,561.0,1552,7.0,70194,355.0,17915,71.0,1652,29.0,938936,17297
2020-12-10,23:00:00,20:59:00,63,Kenya,54286616,90305,644.0,1568,16.0,71254,1060.0,17483,55.0,1663,29.0,945747,17421
2020-12-11,23:00:00,20:59:00,63,Kenya,54289859,90978,673.0,1582,14.0,71579,325.0,17817,45.0,1676,29.0,960364,17690
2020-12-12,23:00:00,20:58:00,63,Kenya,54293103,91526,548.0,1586,4.0,72596,1017.0,17344,44.0,1686,29.0,967317,17817
2020-12-13,23:00:00,20:59:00,63,Kenya,54296347,91892,366.0,1587,1.0,73028,432.0,17277,48.0,1692,29.0,971522,17893
2020-12-14,23:35:00,21:34:00,63,Kenya,54299590,92055,163.0,1593,6.0,73452,424.0,17010,49.0,1695,29.0,973805,17934
2020-12-15,23:00:00,20:59:00,63,Kenya,54302834,92459,404.0,1604,11.0,73979,527.0,16876,46.0,1703,30.0,978683,18023
2020-12-16,23:00:00,20:58:00,63,Kenya,54306077,92853,394.0,1614,10.0,74403,424.0,16836,46.0,1710,30.0,984435,18128
2020-12-17,23:00:00,20:56:00,63,Kenya,54309321,93405,552.0,1618,4.0,74999,596.0,16788,49.0,1720,30.0,991448,18256
2020-12-18,23:00:00,20:57:00,63,Kenya,54312565,93761,356.0,1629,11.0,75274,275.0,16858,49.0,1726,30.0,991448,18254
2020-12-19,23:59:00,22:11:00,63,Kenya,54315808,94151,390.0,1633,4.0,75559,285.0,16959,52.0,1733,30.0,1003493,18475
2020-12-20,23:00:00,20:54:00,63,Kenya,54319052,94500,349.0,1639,6.0,75735,176.0,17126,52.0,1740,30.0,1003493,18474
2020-12-21,23:00:00,20:59:00,63,Kenya,54322296,94614,114.0,1644,5.0,76060,325.0,16910,46.0,1742,30.0,1011025,18612
2020-12-22,23:00:00,20:59:00,63,Kenya,54325539,94768,154.0,1647,3.0,76222,162.0,16899,43.0,1744,30.0,1014287,18671
2020-12-23,23:00:00,20:58:00,63,Kenya,54328783,95195,427.0,1648,1.0,76508,286.0,17039,43.0,1752,30.0,1021880,18809
2020-12-24,23:00:00,20:55:00,63,Kenya,54332027,95431,236.0,1652,4.0,76720,212.0,17059,42.0,1756,30.0,1025653,18878
2020-12-25,23:00:00,20:59:00,63,Kenya,54335270,95713,282.0,1653,1.0,76811,91.0,17249,37.0,1762,30.0,1029748,18952
2020-12-26,23:00:00,20:59:00,63,Kenya,54338514,95843,130.0,1655,2.0,76998,187.0,17190,38.0,1764,30.0,1031721,18987
2020-12-27,23:00:00,20:56:00,63,Kenya,54341758,95923,80.0,1658,3.0,77423,425.0,16842,38.0,1765,31.0,1033322,19015
2020-12-28,23:00:00,20:58:00,63,Kenya,54345001,95992,69.0,1664,6.0,77521,98.0,16807,34.0,1766,31.0,1035309,19051
2020-12-29,23:00:00,20:54:00,63,Kenya,54348245,96139,147.0,1665,1.0,77659,138.0,16815,31.0,1769,31.0,1038352,19106
2020-12-30,23:00:00,20:54:00,63,Kenya,54351488,96251,112.0,1667,2.0,78475,816.0,16109,30.0,1771,31.0,1041679,19166
2020-12-31,23:00:00,20:44:00,63,Kenya,54354732,96458,207.0,1670,3.0,78737,262.0,16051,30.0,1775,31.0,1046667,19256
2021-01-01,23:00:00,20:54:00,63,Kenya,54357976,96614,156.0,1681,11.0,78802,65.0,16131,28.0,1777,31.0,1050984,19334
2021-01-02,23:00:00,20:56:00,63,Kenya,54361219,96678,64.0,1685,4.0,79012,210.0,15981,29.0,1778,31.0,1052836,19367
2021-01-03,23:00:00,20:59:00,63,Kenya,54364463,96802,124.0,1685,0.0,79073,61.0,16044,26.0,1781,31.0,1055691,19419
2021-01-04,23:00:00,20:57:00,63,Kenya,54367707,96908,106.0,1686,1.0,79257,184.0,15965,28.0,1782,31.0,1059006,19479
2021-01-05,23:00:00,20:51:00,63,Kenya,54370950,97127,219.0,1690,4.0,79357,100.0,16080,29.0,1786,31.0,1064419,19577
2021-01-06,23:00:00,20:59:00,63,Kenya,54374194,97398,271.0,1694,4.0,79966,609.0,15738,27.0,1791,31.0,1070249,19683
2021-01-07,23:00:00,20:59:00,63,Kenya,54377438,97733,335.0,1702,8.0,80306,340.0,15725,29.0,1797,31.0,1075673,19782
2021-01-08,23:00:00,20:59:00,63,Kenya,54380681,97954,221.0,1703,1.0,80671,365.0,15580,32.0,1801,31.0,1081863,19894
2021-01-09,23:00:00,20:55:00,63,Kenya,54383925,97954,0.0,1703,0.0,80671,0.0,15580,32.0,1801,31.0,1081863,19893
