Date,Scrap_time,Update_time_GMT,Country_id,Country,Population,TotalCases,NewCases,TotalDeaths,NewDeaths,TotalRecovered,NewRecovered,ActiveCases,SeriousCritical,Tot_Cases_1Mpop,Deaths_1Mpop,TotalTests,Tests_1Mpop
2020-08-02,20:00:00,,37,Kuwait,4275795,67911,,457,,59213,,8241,129,15883,107.0,509561,119173
2020-08-08,20:00:00,,37,Kuwait,4276831,71199,3288.0,474,17.0,62806,3593.0,7919,125,16648,111.0,529130,123720
2020-08-12,20:00:00,,37,Kuwait,4277522,73068,1869.0,486,12.0,64759,1953.0,7823,110,17082,114.0,539461,126115
2020-08-16,20:00:00,,37,Kuwait,4278212,76205,3137.0,501,15.0,68135,3376.0,7569,117,17812,117.0,558800,130615
2020-08-17,20:00:00,,37,Kuwait,4278385,76827,622.0,502,1.0,68633,498.0,7692,109,17957,117.0,563134,131623
2020-08-18,20:00:00,,37,Kuwait,4278558,77470,643.0,505,3.0,69243,610.0,7722,101,18107,118.0,568440,132858
2020-08-19,20:00:00,,37,Kuwait,4278730,77470,0.0,505,0.0,69243,0.0,7722,101,18106,118.0,568440,132853
2020-08-20,17:53:00,,37,Kuwait,4278903,78767,1297.0,509,4.0,70642,1399.0,7616,94,18408,119.0,577588,134985
2020-08-23,21:09:00,,37,Kuwait,4279421,80528,1761.0,515,6.0,72307,1665.0,7706,97,18817,120.0,587567,137301
2020-08-24,17:10:00,,37,Kuwait,4279593,80960,432.0,518,3.0,72925,618.0,7517,99,18918,121.0,590623,138009
2020-08-25,23:00:00,,37,Kuwait,4279766,81573,613.0,519,1.0,73402,477.0,7652,95,19060,121.0,595049,139038
2020-08-26,22:59:00,,37,Kuwait,4279939,82271,698.0,521,2.0,73906,504.0,7844,92,19222,122.0,599413,140052
2020-08-27,23:00:00,,37,Kuwait,4280111,82945,674.0,522,1.0,74522,616.0,7901,97,19379,122.0,603604,141025
2020-08-28,23:01:00,,37,Kuwait,4280284,83578,633.0,525,3.0,75320,798.0,7733,94,19526,123.0,607921,142028
2020-08-29,12:29:00,,37,Kuwait,4280457,83578,0.0,525,0.0,75320,0.0,7733,94,19525,123.0,607921,142022
2020-08-30,23:00:00,,37,Kuwait,4280629,84636,1058.0,530,5.0,76650,1330.0,7456,89,19772,124.0,614129,143467
2020-08-31,18:58:00,,37,Kuwait,4280802,85109,473.0,531,1.0,77224,574.0,7354,91,19882,124.0,617619,144276
2020-09-01,23:00:00,,37,Kuwait,4280975,85811,702.0,534,3.0,77657,433.0,7620,90,20045,125.0,621616,145204
2020-09-02,23:01:00,,37,Kuwait,4281147,86478,667.0,535,1.0,78209,552.0,7734,92,20200,125.0,626041,146232
2020-09-03,23:01:00,,37,Kuwait,4281320,87378,900.0,536,1.0,78791,582.0,8051,93,20409,125.0,631482,147497
2020-09-04,07:01:00,,37,Kuwait,4281493,87378,0.0,536,0.0,78791,0.0,8051,93,20408,125.0,631482,147491
2020-09-05,23:31:00,,37,Kuwait,4281665,88963,1585.0,540,4.0,79903,1112.0,8520,91,20778,126.0,640634,149623
2020-09-06,18:30:00,,37,Kuwait,4281838,89582,619.0,544,4.0,80521,618.0,8517,94,20921,127.0,643727,150339
2020-09-07,23:39:00,,37,Kuwait,4282010,90387,805.0,546,2.0,81037,516.0,8804,90,21109,128.0,648051,151343
2020-09-08,22:10:00,,37,Kuwait,4282183,91244,857.0,548,2.0,81654,617.0,9042,89,21308,128.0,648051,151337
2020-09-09,22:01:00,,37,Kuwait,4282356,92082,838.0,552,4.0,82222,568.0,9308,89,21503,129.0,657751,153596
2020-09-10,22:01:00,,37,Kuwait,4282528,92822,740.0,556,4.0,83040,818.0,9226,90,21675,130.0,663135,154847
2020-09-11,22:00:00,,37,Kuwait,4282701,93475,653.0,557,1.0,83660,620.0,9258,97,21826,130.0,668005,155978
2020-09-12,22:22:00,,37,Kuwait,4282874,94211,736.0,558,1.0,84404,744.0,9249,94,21997,130.0,673003,157138
2020-09-13,22:01:00,,37,Kuwait,4283046,94764,553.0,560,2.0,84995,591.0,9209,94,22125,131.0,675742,157771
2020-09-14,22:04:00,,37,Kuwait,4283219,95472,708.0,563,3.0,85501,506.0,9408,86,22290,131.0,679670,158682
2020-09-15,21:00:00,,37,Kuwait,4283392,96301,829.0,568,5.0,86219,718.0,9514,84,22482,133.0,684204,159734
2020-09-16,21:01:00,,37,Kuwait,4283564,96999,698.0,571,3.0,87187,968.0,9241,93,22644,133.0,689588,160985
2020-09-18,20:01:00,,37,Kuwait,4283910,98528,1529.0,580,9.0,88776,1589.0,9172,101,23000,135.0,701484,163749
2020-09-19,21:00:00,,37,Kuwait,4284082,99049,521.0,581,1.0,89498,722.0,8970,96,23120,136.0,705029,164569
2020-09-20,22:31:00,,37,Kuwait,4284255,99434,385.0,584,3.0,90168,670.0,8682,98,23209,136.0,707292,165091
2020-09-21,21:01:00,,37,Kuwait,4284427,99964,530.0,585,1.0,90930,762.0,8449,93,23332,137.0,711236,166005
2020-09-22,21:01:00,,37,Kuwait,4284600,100683,719.0,588,3.0,91612,682.0,8483,99,23499,137.0,715887,167084
2020-09-23,19:58:00,,37,Kuwait,4284773,101299,616.0,590,2.0,92341,729.0,8368,101,23642,138.0,720509,168156
2020-09-24,21:00:00,,37,Kuwait,4284945,101851,552.0,592,2.0,92961,620.0,8298,101,23769,138.0,725025,169203
2020-09-25,21:00:00,,37,Kuwait,4285118,102441,590.0,595,3.0,93562,601.0,8284,111,23906,139.0,729755,170300
2020-09-26,21:00:00,,37,Kuwait,4285291,103199,758.0,597,2.0,94211,649.0,8391,108,24082,139.0,733893,171259
2020-09-27,22:45:00,,37,Kuwait,4285463,103544,345.0,601,4.0,94929,718.0,8014,109,24162,140.0,735918,171724
2020-09-28,22:00:00,,37,Kuwait,4285636,103981,437.0,605,4.0,95511,582.0,7865,125,24263,141.0,738783,172386
2020-09-29,21:35:00,,37,Kuwait,4285809,104568,587.0,607,2.0,96049,538.0,7912,127,24399,142.0,742797,173315
2020-09-30,22:00:00,,37,Kuwait,4285981,105182,614.0,610,3.0,96688,639.0,7884,133,24541,142.0,747233,174344
2020-10-01,21:31:00,,37,Kuwait,4286154,105676,494.0,612,2.0,97197,509.0,7867,139,24655,143.0,751163,175253
2020-10-02,22:36:00,,37,Kuwait,4286327,106087,411.0,615,3.0,97898,701.0,7574,137,24750,143.0,753775,175856
2020-10-03,22:24:00,,37,Kuwait,4286499,106458,371.0,620,5.0,98435,537.0,7403,129,24836,145.0,755765,176313
2020-10-04,21:01:00,,37,Kuwait,4286672,107025,567.0,624,4.0,99040,605.0,7361,142,24967,146.0,757815,176784
2020-10-05,22:13:00,,37,Kuwait,4286844,107592,567.0,628,4.0,99549,509.0,7415,129,25098,146.0,761025,177526
2020-10-06,23:01:00,,37,Kuwait,4287017,108268,676.0,632,4.0,100179,630.0,7457,139,25255,147.0,764608,178354
2020-10-07,23:01:00,,37,Kuwait,4287190,108743,475.0,639,7.0,100776,597.0,7328,127,25365,149.0,768691,179299
2020-10-08,23:59:00,,37,Kuwait,4287362,109441,698.0,642,3.0,101314,538.0,7485,129,25526,150.0,772811,180253
2020-10-09,23:00:00,,37,Kuwait,4287535,110076,635.0,649,7.0,102024,710.0,7403,125,25673,151.0,776733,181161
2020-10-10,23:00:00,,37,Kuwait,4287708,110568,492.0,655,6.0,102722,698.0,7191,139,25787,153.0,779538,181808
2020-10-12,23:10:00,,37,Kuwait,4288053,111893,1325.0,664,9.0,103802,1080.0,7427,139,26094,155.0,788705,183931
2020-10-13,23:01:00,,37,Kuwait,4288226,112737,844.0,672,8.0,104508,706.0,7557,143,26290,157.0,796760,185802
2020-10-14,23:01:00,,37,Kuwait,4288398,113269,532.0,676,4.0,105236,728.0,7357,139,26413,158.0,800937,186768
2020-10-15,14:09:00,11:06:00,37,Kuwait,4288571,113269,0.0,676,0.0,105236,0.0,7357,139,26412,158.0,800937,186761
2020-10-16,22:08:00,19:06:00,37,Kuwait,4288744,114744,1475.0,690,14.0,106495,1259.0,7559,136,26755,161.0,817505,190616
2020-10-17,23:01:00,19:58:00,37,Kuwait,4288916,115483,739.0,694,4.0,107108,613.0,7681,139,26926,162.0,823206,191938
2020-10-18,22:05:00,19:03:00,37,Kuwait,4289089,116146,663.0,701,7.0,107860,752.0,7585,138,27079,163.0,828165,193086
2020-10-19,22:05:00,18:59:00,37,Kuwait,4289261,116832,686.0,710,9.0,108606,746.0,7516,133,27238,166.0,834167,194478
2020-10-20,22:05:00,19:04:00,37,Kuwait,4289434,117718,886.0,714,4.0,109198,592.0,7806,133,27444,166.0,842102,196320
2020-10-21,22:05:00,19:03:00,37,Kuwait,4289607,118531,813.0,721,7.0,109916,718.0,7894,130,27632,168.0,849662,198075
2020-10-22,22:05:00,19:04:00,37,Kuwait,4289779,119420,889.0,730,9.0,110714,798.0,7976,126,27838,170.0,857707,199942
2020-10-23,22:05:00,19:02:00,37,Kuwait,4289952,120232,812.0,740,10.0,111440,726.0,8052,122,28026,172.0,865560,201764
2020-10-24,23:41:00,20:40:00,37,Kuwait,4290125,120927,695.0,744,4.0,112110,670.0,8073,123,28187,173.0,870754,202967
2020-10-25,23:00:00,20:58:00,37,Kuwait,4290297,121635,708.0,746,2.0,112771,661.0,8118,121,28351,174.0,876250,204240
2020-10-26,23:00:00,20:56:00,37,Kuwait,4290470,122317,682.0,749,3.0,113391,620.0,8177,122,28509,175.0,881681,205498
2020-10-27,23:00:00,20:58:00,37,Kuwait,4290643,123092,775.0,756,7.0,114116,725.0,8220,116,28688,176.0,889555,207324
2020-10-28,23:00:00,20:58:00,37,Kuwait,4290815,123906,814.0,763,7.0,114923,807.0,8220,107,28877,178.0,896986,209048
2020-10-29,23:00:00,20:57:00,37,Kuwait,4290988,124666,760.0,767,4.0,115475,552.0,8424,104,29053,179.0,905133,210938
2020-10-30,23:00:00,20:58:00,37,Kuwait,4291161,125337,671.0,773,6.0,116202,727.0,8362,108,29208,180.0,911354,212379
2020-10-31,23:00:00,20:59:00,37,Kuwait,4291333,125926,589.0,779,6.0,116862,660.0,8285,110,29344,182.0,916525,213576
2020-11-01,23:00:00,20:59:00,37,Kuwait,4291506,126534,608.0,782,3.0,117558,696.0,8194,109,29485,182.0,921278,214675
2020-11-02,23:00:00,20:57:00,37,Kuwait,4291679,127293,759.0,786,4.0,118386,828.0,8121,114,29660,183.0,926889,215974
2020-11-03,23:00:00,20:59:00,37,Kuwait,4291851,128080,787.0,789,3.0,119080,694.0,8211,110,29843,184.0,933626,217535
2020-11-04,23:00:00,20:57:00,37,Kuwait,4292024,128843,763.0,794,5.0,119742,662.0,8307,114,30019,185.0,940518,219132
2020-11-05,23:00:00,20:59:00,37,Kuwait,4292196,129638,795.0,799,5.0,120564,822.0,8275,115,30203,186.0,947921,220848
2020-11-06,23:00:00,20:58:00,37,Kuwait,4292369,130463,825.0,804,5.0,121263,699.0,8396,115,30394,187.0,955447,222592
2020-11-07,23:00:00,20:57:00,37,Kuwait,4292542,131205,742.0,808,4.0,121889,626.0,8508,114,30566,188.0,960725,223813
2020-11-08,23:00:00,20:49:00,37,Kuwait,4292714,131743,538.0,811,3.0,122576,687.0,8356,121,30690,189.0,965830,224993
2020-11-09,23:00:00,20:59:00,37,Kuwait,4292887,132478,735.0,816,5.0,123314,738.0,8348,120,30860,190.0,971489,226302
2020-11-10,23:00:00,20:59:00,37,Kuwait,4293060,133381,903.0,821,5.0,124156,842.0,8404,115,31069,191.0,979336,228121
2020-11-11,23:00:00,20:56:00,37,Kuwait,4293232,134159,778.0,826,5.0,124905,749.0,8428,108,31249,192.0,986144,229697
2020-11-12,23:00:00,20:59:00,37,Kuwait,4293405,134932,773.0,830,4.0,125593,688.0,8509,110,31428,193.0,993416,231382
2020-11-13,23:00:00,20:58:00,37,Kuwait,4293578,135650,718.0,833,3.0,126344,751.0,8473,110,31594,194.0,1001250,233197
2020-11-14,23:00:00,20:57:00,37,Kuwait,4293750,136341,691.0,835,2.0,126902,558.0,8604,111,31753,194.0,1006712,234460
2020-11-15,23:00:00,20:53:00,37,Kuwait,4293923,136840,499.0,838,3.0,127585,683.0,8417,109,31868,195.0,1011566,235581
2020-11-16,23:00:00,20:59:00,37,Kuwait,4294096,137329,489.0,842,4.0,128414,829.0,8073,115,31981,196.0,1016638,236753
2020-11-17,23:00:00,20:58:00,37,Kuwait,4294268,137885,556.0,848,6.0,129041,627.0,7996,105,32109,197.0,1023159,238262
2020-11-18,23:00:00,20:57:00,37,Kuwait,4294441,138337,452.0,857,9.0,129839,798.0,7641,105,32213,200.0,1029227,239665
2020-11-19,23:00:00,20:59:00,37,Kuwait,4294613,138822,485.0,859,2.0,130426,587.0,7537,94,32325,200.0,1035985,241229
2020-11-20,23:00:00,20:59:00,37,Kuwait,4294786,139308,486.0,861,2.0,131049,623.0,7398,92,32437,200.0,1042235,242674
2020-11-21,23:00:00,20:58:00,37,Kuwait,4294959,139734,426.0,863,2.0,131560,511.0,7311,84,32534,201.0,1047902,243984
2020-11-22,23:00:00,20:59:00,37,Kuwait,4295131,140056,322.0,866,3.0,132178,618.0,7012,86,32608,202.0,1052001,244929
2020-11-23,23:00:00,20:58:00,37,Kuwait,4295304,140393,337.0,868,2.0,132848,670.0,6677,80,32685,202.0,1056493,245965
2020-11-24,23:00:00,20:57:00,37,Kuwait,4295477,140795,402.0,870,2.0,133407,559.0,6518,75,32778,203.0,1062076,247254
2020-11-25,23:00:00,20:58:00,37,Kuwait,4295649,141217,422.0,871,1.0,134033,626.0,6313,78,32874,203.0,1068193,248669
2020-11-26,23:00:00,20:47:00,37,Kuwait,4295822,141547,330.0,872,1.0,134750,717.0,5925,80,32950,203.0,1075651,250395
2020-11-27,23:00:00,20:59:00,37,Kuwait,4295995,141876,329.0,874,2.0,135303,553.0,5699,81,33025,203.0,1082427,251962
2020-11-28,23:00:00,20:46:00,37,Kuwait,4296167,142195,319.0,875,1.0,135889,586.0,5431,77,33098,204.0,1086669,252939
2020-11-29,23:00:00,20:51:00,37,Kuwait,4296340,142426,231.0,878,3.0,136413,524.0,5135,76,33151,204.0,1091496,254053
2020-11-30,23:00:00,20:57:00,37,Kuwait,4296513,142635,209.0,880,2.0,137071,658.0,4684,84,33198,205.0,1095574,254991
2020-12-01,23:00:00,20:55:00,37,Kuwait,4296685,142992,357.0,881,1.0,137625,554.0,4486,82,33280,205.0,1101146,256278
2020-12-02,23:00:00,20:58:00,37,Kuwait,4296858,143260,268.0,882,1.0,138134,509.0,4244,79,33341,205.0,1107581,257765
2020-12-03,23:00:00,20:59:00,37,Kuwait,4297030,143574,314.0,884,2.0,138674,540.0,4016,84,33412,206.0,1118620,260324
2020-12-04,23:00:00,20:57:00,37,Kuwait,4297203,143917,343.0,886,2.0,139148,474.0,3883,84,33491,206.0,1130744,263135
2020-12-05,23:00:00,20:58:00,37,Kuwait,4297376,143917,0.0,886,0.0,139148,0.0,3883,84,33490,206.0,1130744,263124
2020-12-06,23:00:00,20:51:00,37,Kuwait,4297548,144369,452.0,891,5.0,140035,887.0,3443,83,33593,207.0,1141794,265685
2020-12-07,23:00:00,20:57:00,37,Kuwait,4297721,144599,230.0,897,6.0,140341,306.0,3361,84,33646,209.0,1146420,266751
2020-12-08,23:00:00,20:59:00,37,Kuwait,4297894,144900,301.0,900,3.0,140638,297.0,3362,83,33714,209.0,1152203,268085
2020-12-09,23:00:00,20:59:00,37,Kuwait,4298066,145204,304.0,905,5.0,140989,351.0,3310,79,33784,211.0,1158859,269623
2020-12-10,23:00:00,20:59:00,37,Kuwait,4298239,145495,291.0,910,5.0,141259,270.0,3326,72,33850,212.0,1165434,271142
2020-12-11,23:00:00,20:59:00,37,Kuwait,4298412,145789,294.0,910,0.0,141569,310.0,3310,66,33917,212.0,1172159,272696
2020-12-12,23:00:00,20:58:00,37,Kuwait,4298584,146044,255.0,911,1.0,141825,256.0,3308,68,33975,212.0,1176983,273807
2020-12-13,23:00:00,20:59:00,37,Kuwait,4298757,146218,174.0,911,0.0,142094,269.0,3213,62,34014,212.0,1180662,274652
2020-12-14,23:35:00,21:34:00,37,Kuwait,4298930,146449,231.0,912,1.0,142357,263.0,3180,57,34066,212.0,1185625,275795
2020-12-15,23:00:00,20:59:00,37,Kuwait,4299102,146710,261.0,913,1.0,142599,242.0,3198,56,34126,212.0,1190287,276869
2020-12-16,23:00:00,20:58:00,37,Kuwait,4299275,146971,261.0,913,0.0,142909,310.0,3149,54,34185,212.0,1196920,278400
2020-12-17,23:00:00,20:56:00,37,Kuwait,4299447,147192,221.0,913,0.0,143113,204.0,3166,54,34235,212.0,1202724,279739
2020-12-18,23:00:00,20:57:00,37,Kuwait,4299620,147531,339.0,916,3.0,143355,242.0,3260,51,34313,213.0,1209391,281279
2020-12-19,23:59:00,22:11:00,37,Kuwait,4299793,147775,244.0,918,2.0,143641,286.0,3216,57,34368,213.0,1214147,282373
2020-12-20,23:00:00,20:54:00,37,Kuwait,4299965,147979,204.0,921,3.0,143926,285.0,3132,60,34414,214.0,1218389,283349
2020-12-21,23:00:00,20:59:00,37,Kuwait,4300138,148209,230.0,922,1.0,144142,216.0,3145,55,34466,214.0,1223177,284451
2020-12-22,23:00:00,20:59:00,37,Kuwait,4300311,148209,0.0,922,0.0,144142,0.0,3145,55,34465,214.0,1223177,284439
2020-12-23,23:00:00,20:58:00,37,Kuwait,4300483,148773,564.0,924,2.0,144594,452.0,3255,54,34594,215.0,1232277,286544
2020-12-24,23:00:00,20:55:00,37,Kuwait,4300656,149017,244.0,926,2.0,144898,304.0,3193,49,34650,215.0,1235842,287361
2020-12-25,23:00:00,20:59:00,37,Kuwait,4300829,149277,260.0,926,0.0,145130,232.0,3221,39,34709,215.0,1239132,288115
2020-12-26,23:00:00,20:59:00,37,Kuwait,4301001,149277,0.0,926,0.0,145130,0.0,3221,39,34708,215.0,1239132,288103
2020-12-27,23:00:00,20:56:00,37,Kuwait,4301174,149653,376.0,931,5.0,145579,449.0,3143,36,34794,216.0,1243422,289089
2020-12-28,23:00:00,20:58:00,37,Kuwait,4301347,149653,0.0,931,0.0,145579,0.0,3143,36,34792,216.0,1243422,289077
2020-12-29,23:00:00,20:54:00,37,Kuwait,4301519,149857,204.0,932,1.0,145808,229.0,3117,42,34838,217.0,1245528,289555
2020-12-30,23:00:00,20:54:00,37,Kuwait,4301692,150298,441.0,933,1.0,146284,476.0,3081,46,34939,217.0,1251543,290942
2020-12-31,23:00:00,20:44:00,37,Kuwait,4301864,150584,286.0,934,1.0,146517,233.0,3133,47,35004,217.0,1254832,291695
2021-01-01,23:00:00,20:54:00,37,Kuwait,4302037,150869,285.0,936,2.0,146777,260.0,3156,46,35069,218.0,1258993,292650
2021-01-02,23:00:00,20:56:00,37,Kuwait,4302210,151074,205.0,937,1.0,146990,213.0,3147,47,35115,218.0,1262238,293393
2021-01-03,23:00:00,20:59:00,37,Kuwait,4302382,151074,0.0,937,0.0,146990,0.0,3147,47,35114,218.0,1262238,293381
2021-01-04,23:00:00,20:57:00,37,Kuwait,4302555,151715,641.0,938,1.0,147511,521.0,3266,51,35262,218.0,1272017,295642
2021-01-05,23:00:00,20:51:00,37,Kuwait,4302728,152027,312.0,938,0.0,147784,273.0,3305,55,35333,218.0,1277197,296834
2021-01-06,23:00:00,20:59:00,37,Kuwait,4302900,152438,411.0,938,0.0,148015,231.0,3485,56,35427,218.0,1287755,299276
2021-01-07,23:00:00,20:59:00,37,Kuwait,4303073,152978,540.0,938,0.0,148239,224.0,3801,55,35551,218.0,1300034,302118
2021-01-08,23:00:00,20:59:00,37,Kuwait,4303246,153473,495.0,940,2.0,148483,244.0,4050,54,35664,218.0,1311631,304800
2021-01-09,23:00:00,20:55:00,37,Kuwait,4303418,153900,427.0,942,2.0,148728,245.0,4230,51,35762,219.0,1319646,306651
2021-01-10,23:32:00,21:29:00,37,Kuwait,4303591,154314,414.0,943,1.0,149007,279.0,4364,46,35857,219.0,1327427,308446
2021-01-11,23:40:00,21:37:00,37,Kuwait,4303764,154841,527.0,945,2.0,149373,366.0,4523,50,35978,220.0,1337514,310778
2021-01-12,23:52:00,21:48:00,37,Kuwait,4303936,155335,494.0,946,1.0,149575,202.0,4814,47,36091,220.0,1347854,313168
2021-01-13,23:58:00,21:57:00,37,Kuwait,4304109,155874,539.0,946,0.0,149809,234.0,5119,48,36215,220.0,1359421,315843
2021-01-14,23:55:00,21:54:00,37,Kuwait,4304282,156434,560.0,946,0.0,150061,252.0,5427,49,36344,220.0,1369781,318237
2021-01-15,19:39:38,00:00:00,37,Kuwait,4304627,156964,530.0,947,1.0,150329,268.0,5688,48,36464,220.0,1380643,320735
