scrap_date,scrap_time,update_time_GMT,Country_id,Country,Population,TotalCases,NewCases,TotalDeaths,NewDeaths,TotalRecovered,NewRecovered,ActiveCases,SeriousCritical,Tot_Cases_1Mpop,Deaths_1Mpop,TotalTests,Tests_1Mpop
2020-08-02,20:00:00,,52,Kyrgyzstan,6533007,36719,,1409,,27274,,8036,24,5621,216.0,267718,40979
2020-08-08,20:00:00,,52,Kyrgyzstan,6534773,39571,2852.0,1459,50.0,31062,3788.0,7050,24,6055,223.0,267718,40968
2020-08-12,20:00:00,,52,Kyrgyzstan,6535950,40759,1188.0,1484,25.0,32997,1935.0,6278,24,6236,227.0,267718,40961
2020-08-16,20:00:00,,52,Kyrgyzstan,6537128,41856,1097.0,1495,11.0,34276,1279.0,6085,24,6403,229.0,267718,40953
2020-08-17,20:00:00,,52,Kyrgyzstan,6537422,41991,135.0,1496,1.0,34537,261.0,5958,24,6423,229.0,267718,40952
2020-08-18,20:00:00,,52,Kyrgyzstan,6537717,42146,155.0,1498,2.0,34855,318.0,5793,24,6447,229.0,267718,40950
2020-08-19,20:00:00,,52,Kyrgyzstan,6538011,42146,0.0,1498,0.0,34855,0.0,5793,24,6446,229.0,267718,40948
2020-08-20,17:53:00,,52,Kyrgyzstan,6538305,42507,361.0,1498,0.0,35486,631.0,5523,24,6501,229.0,267718,40946
2020-08-23,21:09:00,,52,Kyrgyzstan,6539188,43023,516.0,1056,-442.0,36397,911.0,5570,24,6579,161.0,267718,40941
2020-08-24,17:10:00,,52,Kyrgyzstan,6539483,43126,103.0,1057,1.0,36615,218.0,5454,24,6595,162.0,267718,40939
2020-08-25,23:00:00,,52,Kyrgyzstan,6539777,43245,119.0,1057,0.0,36925,310.0,5263,24,6613,162.0,267718,40937
2020-08-26,22:59:00,,52,Kyrgyzstan,6540072,43358,113.0,1057,0.0,37217,292.0,5084,24,6630,162.0,267718,40935
2020-08-27,23:00:00,,52,Kyrgyzstan,6540366,43459,101.0,1057,0.0,37492,275.0,4910,24,6645,162.0,267718,40933
2020-08-28,23:01:00,,52,Kyrgyzstan,6540660,43587,128.0,1057,0.0,37726,234.0,4804,24,6664,162.0,267718,40931
2020-08-29,12:29:00,,52,Kyrgyzstan,6540955,43712,125.0,1057,0.0,37973,247.0,4682,24,6683,162.0,267718,40929
2020-08-30,23:00:00,,52,Kyrgyzstan,6541249,43820,108.0,1058,1.0,38198,225.0,4564,24,6699,162.0,267718,40928
2020-08-31,18:58:00,,52,Kyrgyzstan,6541543,43898,78.0,1058,0.0,38459,261.0,4381,24,6711,162.0,267718,40926
2020-09-01,23:00:00,,52,Kyrgyzstan,6541838,43958,60.0,1059,1.0,38649,190.0,4250,24,6720,162.0,267718,40924
2020-09-02,23:01:00,,52,Kyrgyzstan,6542132,44036,78.0,1059,0.0,38895,246.0,4082,24,6731,162.0,267718,40922
2020-09-03,23:01:00,,52,Kyrgyzstan,6542426,44135,99.0,1059,0.0,39174,279.0,3902,24,6746,162.0,267718,40920
2020-09-04,07:01:00,,52,Kyrgyzstan,6542721,44135,0.0,1059,0.0,39174,0.0,3902,24,6746,162.0,267718,40918
2020-09-05,23:31:00,,52,Kyrgyzstan,6543015,44293,158.0,1060,1.0,39599,425.0,3634,24,6770,162.0,267718,40917
2020-09-06,18:30:00,,52,Kyrgyzstan,6543310,44403,110.0,1060,0.0,39826,227.0,3517,24,6786,162.0,267718,40915
2020-09-07,23:39:00,,52,Kyrgyzstan,6543604,44458,55.0,1060,0.0,39960,134.0,3438,24,6794,162.0,267718,40913
2020-09-08,22:10:00,,52,Kyrgyzstan,6543898,44487,29.0,1060,0.0,40092,132.0,3335,24,6798,162.0,267718,40911
2020-09-09,22:01:00,,52,Kyrgyzstan,6544193,44613,126.0,1061,1.0,40336,244.0,3216,24,6817,162.0,267718,40909
2020-09-10,22:01:00,,52,Kyrgyzstan,6544487,44684,71.0,1061,0.0,40487,151.0,3136,24,6828,162.0,267718,40907
2020-09-11,22:00:00,,52,Kyrgyzstan,6544781,44761,77.0,1063,2.0,40631,144.0,3067,24,6839,162.0,267718,40906
2020-09-12,22:22:00,,52,Kyrgyzstan,6545076,44828,67.0,1063,0.0,40779,148.0,2986,24,6849,162.0,267718,40904
2020-09-13,22:01:00,,52,Kyrgyzstan,6545370,44828,0.0,1063,0.0,40779,0.0,2986,24,6849,162.0,267718,40902
2020-09-14,22:04:00,,52,Kyrgyzstan,6545664,44928,100.0,1063,0.0,41023,244.0,2842,24,6864,162.0,267718,40900
2020-09-15,21:00:00,,52,Kyrgyzstan,6545959,44999,71.0,1063,0.0,41103,80.0,2833,24,6874,162.0,267718,40898
2020-09-16,21:01:00,,52,Kyrgyzstan,6546253,45072,73.0,1063,0.0,41210,107.0,2799,24,6885,162.0,267718,40896
2020-09-18,20:01:00,,52,Kyrgyzstan,6546842,45244,172.0,1063,0.0,41415,205.0,2766,24,6911,162.0,267718,40893
2020-09-19,21:00:00,,52,Kyrgyzstan,6547136,45335,91.0,1063,0.0,41484,69.0,2788,24,6924,162.0,267718,40891
2020-09-20,22:31:00,,52,Kyrgyzstan,6547431,45335,0.0,1063,0.0,41484,0.0,2788,24,6924,162.0,267718,40889
2020-09-21,21:01:00,,52,Kyrgyzstan,6547725,45471,136.0,1063,0.0,41682,198.0,2726,24,6945,162.0,267718,40887
2020-09-22,21:01:00,,52,Kyrgyzstan,6548019,45542,71.0,1063,0.0,41796,114.0,2683,24,6955,162.0,267718,40885
2020-09-23,19:58:00,,52,Kyrgyzstan,6548314,45630,88.0,1063,0.0,41904,108.0,2663,24,6968,162.0,267718,40884
2020-09-24,21:00:00,,52,Kyrgyzstan,6548608,45757,127.0,1063,0.0,42005,101.0,2689,24,6987,162.0,267718,40882
2020-09-25,21:00:00,,52,Kyrgyzstan,6548902,45932,175.0,1063,0.0,42147,142.0,2722,24,7014,162.0,267718,40880
2020-09-26,21:00:00,,52,Kyrgyzstan,6549197,46090,158.0,1063,0.0,42302,155.0,2725,24,7038,162.0,267718,40878
2020-09-27,22:45:00,,52,Kyrgyzstan,6549491,46251,161.0,1063,0.0,42453,151.0,2735,24,7062,162.0,267718,40876
2020-09-28,22:00:00,,52,Kyrgyzstan,6549786,46355,104.0,1064,1.0,42613,160.0,2678,24,7077,162.0,267718,40874
2020-09-29,21:35:00,,52,Kyrgyzstan,6550080,46522,167.0,1064,0.0,42761,148.0,2697,24,7103,162.0,267718,40872
2020-09-30,22:00:00,,52,Kyrgyzstan,6550374,46669,147.0,1064,0.0,42879,118.0,2726,24,7125,162.0,267718,40871
2020-10-01,21:31:00,,52,Kyrgyzstan,6550669,46841,172.0,1065,1.0,42983,104.0,2793,24,7151,163.0,267718,40869
2020-10-02,22:36:00,,52,Kyrgyzstan,6550963,47056,215.0,1065,0.0,43137,154.0,2854,24,7183,163.0,267718,40867
2020-10-03,22:24:00,,52,Kyrgyzstan,6551257,47184,128.0,1066,1.0,43278,141.0,2840,24,7202,163.0,267718,40865
2020-10-04,21:01:00,,52,Kyrgyzstan,6551552,47428,244.0,1066,0.0,43418,140.0,2944,24,7239,163.0,267718,40863
2020-10-05,22:13:00,,52,Kyrgyzstan,6551846,47635,207.0,1066,0.0,43521,103.0,3048,24,7270,163.0,276522,42205
2020-10-06,23:01:00,,52,Kyrgyzstan,6552140,47799,164.0,1066,0.0,43644,123.0,3089,24,7295,163.0,276522,42203
2020-10-07,23:01:00,,52,Kyrgyzstan,6552435,48097,298.0,1069,3.0,43798,154.0,3230,24,7340,163.0,276522,42201
2020-10-08,23:59:00,,52,Kyrgyzstan,6552729,48342,245.0,1073,4.0,43957,159.0,3312,24,7377,164.0,276522,42200
2020-10-09,23:00:00,,52,Kyrgyzstan,6553024,48617,275.0,1077,4.0,44097,140.0,3443,24,7419,164.0,276522,42198
2020-10-10,23:00:00,,52,Kyrgyzstan,6553318,48924,307.0,1082,5.0,44227,130.0,3615,24,7466,165.0,276522,42196
2020-10-12,23:10:00,,52,Kyrgyzstan,6553907,49528,604.0,1090,8.0,44522,295.0,3916,24,7557,166.0,276522,42192
2020-10-13,23:01:00,,52,Kyrgyzstan,6554201,49871,343.0,1092,2.0,44712,190.0,4067,24,7609,167.0,276522,42190
2020-10-14,23:01:00,,52,Kyrgyzstan,6554495,50201,330.0,1094,2.0,44884,172.0,4223,24,7659,167.0,276522,42188
2020-10-15,14:09:00,11:06:00,52,Kyrgyzstan,6554790,50589,388.0,1099,5.0,45080,196.0,4410,24,7718,168.0,276522,42186
2020-10-16,22:08:00,19:06:00,52,Kyrgyzstan,6555084,51020,431.0,1103,4.0,45288,208.0,4629,24,7783,168.0,276522,42184
2020-10-17,23:01:00,19:58:00,52,Kyrgyzstan,6555378,51490,470.0,1108,5.0,45509,221.0,4873,24,7855,169.0,276522,42182
2020-10-18,22:05:00,19:03:00,52,Kyrgyzstan,6555673,52044,554.0,1111,3.0,45736,227.0,5197,24,7939,169.0,276522,42181
2020-10-19,22:05:00,18:59:00,52,Kyrgyzstan,6555967,52526,482.0,1111,0.0,45863,127.0,5552,24,8012,169.0,276522,42179
2020-10-20,22:05:00,19:04:00,52,Kyrgyzstan,6556262,52910,384.0,1113,2.0,46139,276.0,5658,24,8070,170.0,276522,42177
2020-10-21,22:05:00,19:03:00,52,Kyrgyzstan,6556556,53459,549.0,1118,5.0,46444,305.0,5897,24,8154,171.0,276522,42175
2020-10-22,22:05:00,19:04:00,52,Kyrgyzstan,6556850,54006,547.0,1122,4.0,46726,282.0,6158,24,8237,171.0,392223,59819
2020-10-23,22:05:00,19:02:00,52,Kyrgyzstan,6557145,54588,582.0,1126,4.0,47050,324.0,6412,24,8325,172.0,392223,59816
2020-10-24,23:41:00,20:40:00,52,Kyrgyzstan,6557439,55144,556.0,1130,4.0,47337,287.0,6677,24,8409,172.0,392223,59813
2020-10-25,23:00:00,20:58:00,52,Kyrgyzstan,6557733,55750,606.0,1134,4.0,47616,279.0,7000,24,8501,173.0,392223,59811
2020-10-26,23:00:00,20:56:00,52,Kyrgyzstan,6558028,56170,420.0,1134,0.0,47843,227.0,7193,24,8565,173.0,402860,61430
2020-10-27,23:00:00,20:58:00,52,Kyrgyzstan,6558322,56738,568.0,1136,2.0,48223,380.0,7379,24,8651,173.0,402860,61427
2020-10-28,23:00:00,20:58:00,52,Kyrgyzstan,6558616,57276,538.0,1138,2.0,48637,414.0,7501,24,8733,174.0,406437,61970
2020-10-29,23:00:00,20:57:00,52,Kyrgyzstan,6558911,57798,522.0,1139,1.0,49097,460.0,7562,24,8812,174.0,414064,63130
2020-10-30,23:00:00,20:58:00,52,Kyrgyzstan,6559205,58394,596.0,1142,3.0,49522,425.0,7730,24,8903,174.0,414064,63127
2020-10-31,23:00:00,20:59:00,52,Kyrgyzstan,6559500,58878,484.0,1144,2.0,49983,461.0,7751,24,8976,174.0,417790,63692
2020-11-01,23:00:00,20:59:00,52,Kyrgyzstan,6559794,58878,0.0,1144,0.0,49983,0.0,7751,24,8976,174.0,417790,63690
2020-11-02,23:00:00,20:57:00,52,Kyrgyzstan,6560088,59879,1001.0,1155,11.0,50741,758.0,7983,24,9128,176.0,417790,63687
2020-11-03,23:00:00,20:59:00,52,Kyrgyzstan,6560383,59879,0.0,1155,0.0,50741,0.0,7983,24,9127,176.0,417790,63684
2020-11-04,23:00:00,20:57:00,52,Kyrgyzstan,6560677,60774,895.0,1163,8.0,51815,1074.0,7796,24,9263,177.0,430463,65613
2020-11-05,23:00:00,20:59:00,52,Kyrgyzstan,6560971,61309,535.0,1167,4.0,52343,528.0,7799,24,9345,178.0,430463,65610
2020-11-06,23:00:00,20:58:00,52,Kyrgyzstan,6561266,61748,439.0,1170,3.0,52855,512.0,7723,24,9411,178.0,430463,65607
2020-11-07,23:00:00,20:57:00,52,Kyrgyzstan,6561560,62304,556.0,1172,2.0,53406,551.0,7726,24,9495,179.0,430463,65604
2020-11-08,23:00:00,20:49:00,52,Kyrgyzstan,6561854,62819,515.0,1177,5.0,53952,546.0,7690,137,9573,179.0,442805,67482
2020-11-09,23:00:00,20:59:00,52,Kyrgyzstan,6562149,63390,571.0,1182,5.0,54358,406.0,7850,137,9660,180.0,442805,67479
2020-11-10,23:00:00,20:59:00,52,Kyrgyzstan,6562443,63960,570.0,1185,3.0,54774,416.0,8001,137,9746,181.0,442805,67476
2020-11-11,23:00:00,20:56:00,52,Kyrgyzstan,6562738,64360,400.0,1188,3.0,55306,532.0,7866,137,9807,181.0,446054,67968
2020-11-12,23:00:00,20:59:00,52,Kyrgyzstan,6563032,64887,527.0,1193,5.0,55824,518.0,7870,137,9887,182.0,452715,68980
2020-11-13,23:00:00,20:58:00,52,Kyrgyzstan,6563326,65454,567.0,1195,2.0,56307,483.0,7952,137,9973,182.0,452715,68976
2020-11-14,23:00:00,20:57:00,52,Kyrgyzstan,6563621,65953,499.0,1196,1.0,56847,540.0,7910,129,10048,182.0,455894,69458
2020-11-15,23:00:00,20:53:00,52,Kyrgyzstan,6563915,66504,551.0,1199,3.0,57321,474.0,7984,128,10132,183.0,458475,69848
2020-11-16,23:00:00,20:59:00,52,Kyrgyzstan,6564209,66983,479.0,1203,4.0,57760,439.0,8020,128,10204,183.0,463370,70590
2020-11-17,23:00:00,20:58:00,52,Kyrgyzstan,6564504,67469,486.0,1207,4.0,58315,555.0,7947,128,10278,184.0,463370,70587
2020-11-18,23:00:00,20:57:00,52,Kyrgyzstan,6564798,67894,425.0,1212,5.0,58846,531.0,7836,128,10342,185.0,467137,71158
2020-11-19,23:00:00,20:59:00,52,Kyrgyzstan,6565092,68316,422.0,1217,5.0,59362,516.0,7737,128,10406,185.0,467137,71155
2020-11-20,23:00:00,20:59:00,52,Kyrgyzstan,6565387,68702,386.0,1223,6.0,59789,427.0,7690,128,10464,186.0,467137,71151
2020-11-21,23:00:00,20:58:00,52,Kyrgyzstan,6565681,69149,447.0,1227,4.0,60294,505.0,7628,122,10532,187.0,480095,73122
2020-11-22,23:00:00,20:59:00,52,Kyrgyzstan,6565976,69581,432.0,1231,4.0,60811,517.0,7539,133,10597,187.0,480095,73119
2020-11-23,23:00:00,20:58:00,52,Kyrgyzstan,6566270,69885,304.0,1237,6.0,61160,349.0,7488,133,10643,188.0,480095,73115
2020-11-24,23:00:00,20:57:00,52,Kyrgyzstan,6566564,70366,481.0,1241,4.0,61593,433.0,7532,133,10716,189.0,483884,73689
2020-11-25,23:00:00,20:58:00,52,Kyrgyzstan,6566859,70744,378.0,1245,4.0,62048,455.0,7451,133,10773,190.0,483884,73686
2020-11-26,23:00:00,20:47:00,52,Kyrgyzstan,6567153,71171,427.0,1251,6.0,62544,496.0,7376,133,10837,190.0,490518,74693
2020-11-27,23:00:00,20:59:00,52,Kyrgyzstan,6567447,71548,377.0,1256,5.0,62946,402.0,7346,133,10894,191.0,490518,74689
2020-11-28,23:00:00,20:46:00,52,Kyrgyzstan,6567742,71971,423.0,1262,6.0,63407,461.0,7302,133,10958,192.0,490518,74686
2020-11-29,23:00:00,20:51:00,52,Kyrgyzstan,6568036,72427,456.0,1266,4.0,63789,382.0,7372,133,11027,193.0,501610,76371
2020-11-30,23:00:00,20:57:00,52,Kyrgyzstan,6568330,72807,380.0,1271,5.0,64149,360.0,7387,133,11085,194.0,501610,76368
2020-12-01,23:00:00,20:55:00,52,Kyrgyzstan,6568625,73178,371.0,1275,4.0,64711,562.0,7192,133,11141,194.0,504891,76864
2020-12-02,23:00:00,20:58:00,52,Kyrgyzstan,6568919,73513,335.0,1277,2.0,65189,478.0,7047,133,11191,194.0,509160,77510
2020-12-03,23:00:00,20:59:00,52,Kyrgyzstan,6569214,73933,420.0,1281,4.0,65589,400.0,7063,133,11254,195.0,509160,77507
2020-12-04,23:00:00,20:57:00,52,Kyrgyzstan,6569508,74373,440.0,1285,4.0,66113,524.0,6975,133,11321,196.0,509160,77504
2020-12-05,23:00:00,20:58:00,52,Kyrgyzstan,6569802,74774,401.0,1290,5.0,66538,425.0,6946,133,11381,196.0,509160,77500
2020-12-06,23:00:00,20:51:00,52,Kyrgyzstan,6570097,74973,199.0,1295,5.0,66993,455.0,6685,133,11411,197.0,519585,79083
2020-12-07,23:00:00,20:57:00,52,Kyrgyzstan,6570391,75395,422.0,1297,2.0,67400,407.0,6698,133,11475,197.0,519585,79080
2020-12-08,23:00:00,20:59:00,52,Kyrgyzstan,6570685,75690,295.0,1301,4.0,67873,473.0,6516,106,11519,198.0,526749,80167
