scrap_date,scrap_time,update date,update time-GMT,Country_id,Country,Population,TotalCases,NewCases,TotalDeaths,NewDeaths,TotalRecovered,NewRecovered,ActiveCases,"Serious,Critical",Tot_Cases_1M_pop,Deaths/1M pop,TotalTests,Tests_1M_pop,Continent_id
2020-08-02,20:00:00,2020-08-02,,147,Latvia,1884219,1243,5.0,32,,1052,,159,,660,17.0,201310,106840,4
2020-08-08,20:00:00,2020-08-08,,147,Latvia,1883880,1288,7.0,32,,1070,,186,,684,17.0,211937,112500,4
2020-08-12,20:00:00,2020-08-12,,147,Latvia,1883653,1303,10.0,32,,1078,,193,,692,17.0,218756,116134,4
2020-08-16,20:00:00,2020-08-16,,147,Latvia,1883427,1322,7.0,32,,1078,,212,,702,17.0,225636,119801,4
2020-08-17,20:00:00,2020-08-17,,147,Latvia,1883370,1323,1.0,32,,1078,,213,,702,17.0,226524,120276,4
2020-08-18,20:00:00,2020-08-18,,147,Latvia,1883314,1323,,33,1.0,1093,15.0,197,,702,18.0,228758,121466,4
2020-08-19,20:00:00,2020-08-19,,147,Latvia,1883257,1326,3.0,33,,1093,,200,,704,18.0,230921,122618,4
2020-08-20,17:53:00,2020-08-20,,147,Latvia,1883201,1327,1.0,33,,1093,,201,,705,18.0,232918,123682,4
2020-08-23,21:09:00,2020-08-23,,147,Latvia,1883031,1337,4.0,33,,1093,,211,,710,18.0,237477,126114,4
2020-08-24,17:10:00,2020-08-24,,147,Latvia,1882974,1337,,33,,1093,,211,,710,18.0,238403,126610,4
2020-08-25,23:00:00,2020-08-25,,147,Latvia,1882918,1342,5.0,33,,1135,42.0,174,,713,18.0,240533,127745,4
2020-08-26,22:59:00,2020-08-26,,147,Latvia,1882861,1360,18.0,33,,1135,,192,,722,18.0,242823,128965,4
2020-08-27,23:00:00,2020-08-27,,147,Latvia,1882804,1366,6.0,34,1.0,1163,28.0,169,,726,18.0,244827,130033,4
2020-08-28,23:01:00,2020-08-28,,147,Latvia,1882748,1375,9.0,34,,1163,,178,,730,18.0,246867,131121,4
2020-08-29,12:29:00,2020-08-29,,147,Latvia,1882691,1381,6.0,34,,1163,,184,1.0,734,18.0,248932,132221,4
2020-08-30,23:00:00,2020-08-30,,147,Latvia,1882635,1393,12.0,34,,1163,,196,1.0,740,18.0,250709,133169,4
2020-08-31,18:58:00,2020-08-31,,147,Latvia,1882578,1396,3.0,34,,1163,,199,1.0,742,18.0,251717,133709,4
2020-09-01,23:00:00,2020-09-01,,147,Latvia,1882522,1404,8.0,34,,1173,10.0,197,1.0,746,18.0,253818,134829,4
2020-09-02,23:01:00,2020-09-02,,147,Latvia,1882465,1406,2.0,34,,1173,,199,1.0,747,18.0,256350,136178,4
2020-09-03,23:01:00,2020-09-03,,147,Latvia,1882408,1410,4.0,34,,1187,14.0,189,1.0,749,18.0,258795,137481,4
2020-09-04,07:01:00,2020-09-04,,147,Latvia,1882352,1410,,34,,1187,,189,1.0,749,18.0,258795,137485,4
2020-09-05,23:31:00,2020-09-05,,147,Latvia,1882295,1425,9.0,35,,1187,,203,,757,19.0,262662,139543,4
2020-09-06,18:30:00,2020-09-06,,147,Latvia,1882239,1428,3.0,35,,1187,,206,,759,19.0,264258,140396,4
2020-09-07,23:39:00,2020-09-07,,147,Latvia,1882182,1429,1.0,35,,1187,,207,,759,19.0,265305,140956,4
2020-09-08,22:10:00,2020-09-08,,147,Latvia,1882125,1432,3.0,35,,1187,,210,,761,19.0,267700,142233,4
2020-09-10,22:01:00,2020-09-10,,147,Latvia,1882012,1448,5.0,35,,1248,14.0,165,,769,19.0,272381,144729,4
2020-09-11,22:00:00,2020-09-11,,147,Latvia,1881956,1459,11.0,35,,1248,,176,,775,19.0,274826,146032,4
2020-09-12,22:22:00,2020-09-12,,147,Latvia,1881899,1464,5.0,35,,1248,,181,,778,19.0,277084,147236,4
2020-09-13,22:01:00,2020-09-13,,147,Latvia,1881842,1474,10.0,35,,1248,,191,,783,19.0,278667,148082,4
2020-09-14,22:04:00,2020-09-14,,147,Latvia,1881786,1477,3.0,35,,1248,,194,,785,19.0,280118,148858,4
2020-09-15,21:00:00,2020-09-15,,147,Latvia,1881729,1482,5.0,35,,1248,,199,,788,19.0,282835,150306,4
2020-09-16,21:01:00,2020-09-16,,147,Latvia,1881673,1486,4.0,35,,1248,,203,,790,19.0,285876,151927,4
2020-09-18,20:01:00,2020-09-18,,147,Latvia,1881559,1498,4.0,36,,1248,,214,,796,19.0,290907,154610,4
2020-09-19,21:00:00,2020-09-19,,147,Latvia,1881503,1515,17.0,36,,1248,,231,,805,19.0,293309,155891,4
2020-09-20,22:31:00,2020-09-20,,147,Latvia,1881446,1525,10.0,36,,1248,,241,,811,19.0,295242,156923,4
2020-09-21,21:01:00,2020-09-21,,147,Latvia,1881390,1526,1.0,36,,1248,,242,,811,19.0,296395,157540,4
2020-09-22,21:01:00,2020-09-22,,147,Latvia,1881333,1560,34.0,36,,1248,,276,,829,19.0,299085,158975,4
2020-09-23,19:58:00,2020-09-23,,147,Latvia,1881276,1572,12.0,36,,1248,,288,,836,19.0,301818,160433,4
2020-09-24,21:00:00,2020-09-24,,147,Latvia,1881220,1594,22.0,36,,1248,,310,,847,19.0,304221,161715,4
2020-09-25,21:00:00,2020-09-25,,147,Latvia,1881163,1625,31.0,36,,1282,34.0,307,,864,19.0,306652,163012,4
2020-09-26,21:00:00,2020-09-26,,147,Latvia,1881107,1654,29.0,36,,1304,22.0,314,,879,19.0,309172,164356,4
2020-09-27,22:45:00,2020-09-27,,147,Latvia,1881050,1676,22.0,36,,1304,,336,,891,19.0,310832,165244,4
2020-09-28,22:00:00,2020-09-28,,147,Latvia,1880994,1697,21.0,36,,1304,,357,,902,19.0,312230,165992,4
2020-09-29,21:35:00,2020-09-29,,147,Latvia,1880937,1729,32.0,37,1.0,1307,3.0,385,,919,20.0,315747,167867,4
2020-09-30,22:00:00,2020-09-30,,147,Latvia,1880880,1824,95.0,37,,1307,,480,1.0,970,20.0,320018,170143,4
2020-10-01,21:31:00,2020-10-01,,147,Latvia,1880824,1868,44.0,37,,1307,,524,2.0,993,20.0,324717,172646,4
2020-10-02,22:36:00,2020-10-02,,147,Latvia,1880767,1945,77.0,38,1.0,1307,,600,3.0,1034,20.0,328631,174732,4
2020-10-03,22:24:00,2020-10-03,,147,Latvia,1880711,2019,74.0,38,,1307,,674,3.0,1074,20.0,332285,176681,4
2020-10-04,21:01:00,2020-10-04,,147,Latvia,1880654,2086,67.0,38,,1307,,741,3.0,1109,20.0,334829,178039,4
2020-10-05,22:13:00,2020-10-05,,147,Latvia,1880597,2126,40.0,39,1.0,1307,,780,4.0,1130,21.0,336577,178973,4
2020-10-06,23:01:00,2020-10-06,,147,Latvia,1880541,2194,68.0,40,1.0,1322,15.0,832,4.0,1167,21.0,340395,181009,4
2020-10-07,23:01:00,2020-10-07,,147,Latvia,1880484,2261,67.0,40,,1322,,899,4.0,1202,21.0,344821,183368,4
2020-10-08,23:59:00,2020-10-08,,147,Latvia,1880428,2370,109.0,40,,1322,,1008,4.0,1260,21.0,349237,185722,4
2020-10-09,23:00:00,2020-10-09,,147,Latvia,1880371,2507,137.0,40,,1322,,1145,4.0,1333,21.0,353788,188148,4
2020-10-10,23:00:00,2020-10-10,,147,Latvia,1880314,2596,89.0,40,,1322,,1234,4.0,1381,21.0,358498,190659,4
2020-10-12,23:10:00,2020-10-12,,147,Latvia,1880201,2765,95.0,40,,1325,3.0,1400,4.0,1471,21.0,364012,193603,4
2020-10-13,23:01:00,2020-10-13,,147,Latvia,1880145,2840,75.0,41,1.0,1325,,1474,9.0,1511,22.0,368445,195966,4
2020-10-14,23:01:00,2020-10-14,,147,Latvia,1880088,2942,102.0,41,,1325,,1576,9.0,1565,22.0,373523,198673,4
2020-10-15,14:09:00,2020-10-15,11:06:00,147,Latvia,1880031,3056,114.0,41,,1329,4.0,1686,9.0,1626,22.0,378190,201162,4
2020-10-16,22:08:00,2020-10-16,19:06:00,147,Latvia,1879975,3204,148.0,42,1.0,1329,,1833,9.0,1704,22.0,382949,203699,4
2020-10-17,23:01:00,2020-10-17,19:58:00,147,Latvia,1879918,3392,188.0,43,1.0,1329,,2020,9.0,1804,23.0,388281,206541,4
2020-10-18,14:32:00,2020-10-18,11:25:00,147,Latvia,1879862,3450,58.0,44,1.0,1329,,2077,9.0,1835,23.0,390971,207979,4
