Date,Scrap_time,Update_time_GMT,Country_id,Country,Population,TotalCases,NewCases,TotalDeaths,NewDeaths,TotalRecovered,NewRecovered,ActiveCases,SeriousCritical,Tot_Cases_1Mpop,Deaths_1Mpop,TotalTests,Tests_1Mpop
2020-08-02,20:00:00,,156,Lesotho,2143711,718,,19,,173,,526,,335,9.0,8630,4026
2020-08-08,20:00:00,,156,Lesotho,2143989,742,24.0,23,4.0,175,2.0,544,,346,11.0,8771,4091
2020-08-12,20:00:00,,156,Lesotho,2144174,781,39.0,24,1.0,175,0.0,582,,364,11.0,8771,4091
2020-08-16,20:00:00,,156,Lesotho,2144360,903,122.0,25,1.0,271,96.0,607,,421,12.0,11097,5175
2020-08-17,20:00:00,,156,Lesotho,2144406,946,43.0,25,0.0,271,0.0,650,,441,12.0,11097,5175
2020-08-18,20:00:00,,156,Lesotho,2144452,946,0.0,30,5.0,271,0.0,645,,441,14.0,11097,5175
2020-08-19,20:00:00,,156,Lesotho,2144499,946,0.0,30,0.0,271,0.0,645,,441,14.0,11097,5175
2020-08-20,17:53:00,,156,Lesotho,2144545,946,0.0,30,0.0,423,152.0,493,,441,14.0,12033,5611
2020-08-23,21:09:00,,156,Lesotho,2144684,1015,69.0,30,0.0,472,49.0,513,,473,14.0,13330,6215
2020-08-24,17:10:00,,156,Lesotho,2144730,1015,0.0,30,0.0,472,0.0,513,,473,14.0,13330,6215
2020-08-25,23:00:00,,156,Lesotho,2144777,1049,34.0,30,0.0,472,0.0,547,,489,14.0,13330,6215
2020-08-26,22:59:00,,156,Lesotho,2144823,1049,0.0,30,0.0,472,0.0,547,,489,14.0,13330,6215
2020-08-27,23:00:00,,156,Lesotho,2144869,1051,2.0,31,1.0,526,54.0,494,,490,14.0,15023,7004
2020-08-28,23:01:00,,156,Lesotho,2144916,1051,0.0,31,0.0,526,0.0,494,,490,14.0,15023,7004
2020-08-29,12:29:00,,156,Lesotho,2144962,1051,0.0,31,0.0,526,0.0,494,,490,14.0,15023,7004
2020-08-30,23:00:00,,156,Lesotho,2145008,1085,34.0,31,0.0,528,2.0,526,,506,14.0,15632,7288
2020-08-31,18:58:00,,156,Lesotho,2145055,1085,0.0,31,0.0,528,0.0,526,,506,14.0,15632,7287
2020-09-01,23:00:00,,156,Lesotho,2145101,1085,0.0,31,0.0,528,0.0,526,,506,14.0,15632,7287
2020-09-02,23:01:00,,156,Lesotho,2145147,1085,0.0,31,0.0,528,0.0,526,,506,14.0,15632,7287
2020-09-03,23:01:00,,156,Lesotho,2145194,1085,0.0,31,0.0,528,0.0,526,,506,14.0,15632,7287
2020-09-04,07:01:00,,156,Lesotho,2145240,1085,0.0,31,0.0,528,0.0,526,,506,14.0,15632,7287
2020-09-05,23:31:00,,156,Lesotho,2145286,1148,63.0,31,0.0,528,0.0,589,,535,14.0,15632,7287
2020-09-06,18:30:00,,156,Lesotho,2145333,1148,0.0,31,0.0,528,0.0,589,,535,14.0,15632,7287
2020-09-07,23:39:00,,156,Lesotho,2145379,1148,0.0,31,0.0,528,0.0,589,,535,14.0,15632,7286
2020-09-08,22:10:00,,156,Lesotho,2145425,1148,0.0,31,0.0,528,0.0,589,,535,14.0,15632,7286
2020-09-10,22:01:00,,156,Lesotho,2145518,1164,16.0,31,0.0,528,0.0,605,,543,14.0,15632,7286
2020-09-11,22:00:00,,156,Lesotho,2145564,1164,0.0,31,0.0,528,0.0,605,,543,14.0,15632,7286
2020-09-12,22:22:00,,156,Lesotho,2145611,1245,81.0,33,2.0,528,0.0,684,,580,15.0,15632,7286
2020-09-13,22:01:00,,156,Lesotho,2145657,1245,0.0,33,0.0,528,0.0,684,,580,15.0,15632,7285
2020-09-14,22:04:00,,156,Lesotho,2145703,1245,0.0,33,0.0,528,0.0,684,,580,15.0,15632,7285
2020-09-15,21:00:00,,156,Lesotho,2145750,1245,0.0,33,0.0,528,0.0,684,,580,15.0,15632,7285
2020-09-16,21:01:00,,156,Lesotho,2145796,1327,82.0,33,0.0,687,159.0,607,,618,15.0,17261,8044
2020-09-18,20:01:00,,156,Lesotho,2145889,1327,0.0,33,0.0,687,0.0,607,,618,15.0,17261,8044
2020-09-19,21:00:00,,156,Lesotho,2145935,1390,63.0,33,0.0,754,67.0,603,,648,15.0,17631,8216
2020-09-20,22:31:00,,156,Lesotho,2145981,1390,0.0,33,0.0,754,0.0,603,,648,15.0,17631,8216
2020-09-21,21:01:00,,156,Lesotho,2146028,1424,34.0,33,0.0,754,0.0,637,,664,15.0,17865,8325
2020-09-22,21:01:00,,156,Lesotho,2146074,1424,0.0,33,0.0,754,0.0,637,,664,15.0,17865,8325
2020-09-23,19:58:00,,156,Lesotho,2146121,1424,0.0,33,0.0,754,0.0,637,,664,15.0,17865,8324
2020-09-24,21:00:00,,156,Lesotho,2146167,1554,130.0,35,2.0,782,28.0,737,,724,16.0,18216,8488
2020-09-25,21:00:00,,156,Lesotho,2146213,1558,4.0,35,0.0,797,15.0,726,,726,16.0,18322,8537
2020-09-26,21:00:00,,156,Lesotho,2146260,1558,0.0,35,0.0,797,0.0,726,,726,16.0,18322,8537
2020-09-27,22:45:00,,156,Lesotho,2146306,1558,0.0,35,0.0,797,0.0,726,,726,16.0,18322,8537
2020-09-28,22:00:00,,156,Lesotho,2146352,1565,7.0,35,0.0,822,25.0,708,,729,16.0,18506,8622
2020-09-29,21:35:00,,156,Lesotho,2146399,1565,0.0,35,0.0,822,0.0,708,,729,16.0,18506,8622
2020-09-30,22:00:00,,156,Lesotho,2146445,1595,30.0,36,1.0,873,51.0,686,,743,17.0,18610,8670
2020-10-01,21:31:00,,156,Lesotho,2146491,1639,44.0,38,2.0,874,1.0,727,,764,18.0,18900,8805
2020-10-02,22:36:00,,156,Lesotho,2146538,1680,41.0,39,1.0,926,52.0,715,,783,18.0,19169,8930
2020-10-03,22:24:00,,156,Lesotho,2146584,1680,0.0,39,0.0,926,0.0,715,,783,18.0,19169,8930
2020-10-04,21:01:00,,156,Lesotho,2146630,1683,3.0,39,0.0,926,0.0,718,,784,18.0,19428,9050
2020-10-05,22:13:00,,156,Lesotho,2146677,1683,0.0,39,0.0,926,0.0,718,,784,18.0,19428,9050
2020-10-06,23:01:00,,156,Lesotho,2146723,1683,0.0,39,0.0,926,0.0,718,,784,18.0,19428,9050
2020-10-07,23:01:00,,156,Lesotho,2146769,1767,84.0,40,1.0,926,0.0,801,,823,19.0,19952,9294
2020-10-08,23:59:00,,156,Lesotho,2146816,1786,19.0,41,1.0,926,0.0,819,,832,19.0,20246,9431
2020-10-09,23:00:00,,156,Lesotho,2146862,1800,14.0,42,1.0,926,0.0,832,,838,20.0,20692,9638
2020-10-10,23:00:00,,156,Lesotho,2146908,1800,0.0,42,0.0,926,0.0,832,,838,20.0,20692,9638
2020-10-12,23:10:00,,156,Lesotho,2147001,1805,5.0,42,0.0,961,35.0,802,,841,20.0,20909,9739
2020-10-13,23:01:00,,156,Lesotho,2147047,1822,17.0,42,0.0,961,0.0,819,,849,20.0,21103,9829
2020-10-14,23:01:00,,156,Lesotho,2147094,1833,11.0,42,0.0,961,0.0,830,,854,20.0,21291,9916
2020-10-15,14:09:00,11:06:00,156,Lesotho,2147140,1833,0.0,42,0.0,961,0.0,830,,854,20.0,21291,9916
2020-10-16,22:08:00,19:06:00,156,Lesotho,2147186,1833,0.0,42,0.0,961,0.0,830,,854,20.0,21291,9916
2020-10-17,23:01:00,19:58:00,156,Lesotho,2147233,1833,0.0,42,0.0,961,0.0,830,,854,20.0,21291,9916
2020-10-18,22:05:00,19:03:00,156,Lesotho,2147279,1833,0.0,42,0.0,961,0.0,830,,854,20.0,21291,9915
2020-10-19,22:05:00,18:59:00,156,Lesotho,2147325,1833,0.0,42,0.0,961,0.0,830,,854,20.0,21291,9915
2020-10-20,22:05:00,19:04:00,156,Lesotho,2147372,1918,85.0,43,1.0,961,0.0,914,,893,20.0,21954,10224
2020-10-21,22:05:00,19:03:00,156,Lesotho,2147418,1918,0.0,43,0.0,961,0.0,914,,893,20.0,21954,10223
2020-10-22,22:05:00,19:04:00,156,Lesotho,2147464,1923,5.0,43,0.0,961,0.0,919,,895,20.0,22105,10294
2020-10-23,22:05:00,19:02:00,156,Lesotho,2147511,1934,11.0,43,0.0,961,0.0,930,,901,20.0,22200,10338
2020-10-24,23:41:00,20:40:00,156,Lesotho,2147557,1940,6.0,43,0.0,970,9.0,927,,903,20.0,22264,10367
2020-10-25,23:00:00,20:58:00,156,Lesotho,2147603,1940,0.0,43,0.0,970,0.0,927,,903,20.0,22264,10367
2020-10-26,23:00:00,20:56:00,156,Lesotho,2147650,1943,3.0,43,0.0,975,5.0,925,,905,20.0,22340,10402
2020-10-27,23:00:00,20:58:00,156,Lesotho,2147696,1947,4.0,43,0.0,975,0.0,929,,907,20.0,22451,10454
2020-10-28,23:00:00,20:58:00,156,Lesotho,2147742,1947,0.0,43,0.0,975,0.0,929,,907,20.0,22451,10453
2020-10-29,23:00:00,20:57:00,156,Lesotho,2147789,1947,0.0,43,0.0,975,0.0,929,,907,20.0,22451,10453
2020-10-30,23:00:00,20:58:00,156,Lesotho,2147835,1953,6.0,44,1.0,975,0.0,934,,909,20.0,22645,10543
2020-10-31,23:00:00,20:59:00,156,Lesotho,2147881,1953,0.0,44,0.0,975,0.0,934,,909,20.0,22645,10543
2020-11-01,23:00:00,20:59:00,156,Lesotho,2147928,1953,0.0,44,0.0,975,0.0,934,,909,20.0,22645,10543
2020-11-02,23:00:00,20:57:00,156,Lesotho,2147974,1953,0.0,44,0.0,975,0.0,934,,909,20.0,22645,10542
2020-11-03,23:00:00,20:59:00,156,Lesotho,2148020,1961,8.0,44,0.0,988,13.0,929,,913,20.0,23023,10718
2020-11-04,23:00:00,20:57:00,156,Lesotho,2148067,1963,2.0,44,0.0,988,0.0,931,,914,20.0,23138,10772
2020-11-05,23:00:00,20:59:00,156,Lesotho,2148113,1963,0.0,44,0.0,988,0.0,931,,914,20.0,23138,10771
2020-11-06,23:00:00,20:58:00,156,Lesotho,2148159,1967,4.0,44,0.0,1024,36.0,899,,916,20.0,23241,10819
2020-11-07,23:00:00,20:57:00,156,Lesotho,2148206,1967,0.0,44,0.0,1024,0.0,899,,916,20.0,23241,10819
2020-11-08,23:00:00,20:49:00,156,Lesotho,2148252,1967,0.0,44,0.0,1024,0.0,899,,916,20.0,23241,10819
2020-11-09,23:00:00,20:59:00,156,Lesotho,2148298,1967,0.0,44,0.0,1024,0.0,899,,916,20.0,23241,10818
2020-11-10,23:00:00,20:59:00,156,Lesotho,2148345,2026,59.0,44,0.0,1029,5.0,953,,943,20.0,23574,10973
2020-11-11,23:00:00,20:56:00,156,Lesotho,2148391,2026,0.0,44,0.0,1029,0.0,953,,943,20.0,23574,10973
2020-11-12,23:00:00,20:59:00,156,Lesotho,2148437,2026,0.0,44,0.0,1029,0.0,953,,943,20.0,23574,10973
2020-11-13,23:00:00,20:58:00,156,Lesotho,2148484,2041,15.0,44,0.0,1056,27.0,941,,950,20.0,24030,11185
2020-11-14,23:00:00,20:57:00,156,Lesotho,2148530,2041,0.0,44,0.0,1056,0.0,941,,950,20.0,24030,11184
2020-11-15,23:00:00,20:53:00,156,Lesotho,2148576,2041,0.0,44,0.0,1056,0.0,941,,950,20.0,24030,11184
2020-11-16,23:00:00,20:59:00,156,Lesotho,2148623,2041,0.0,44,0.0,1056,0.0,941,,950,20.0,24030,11184
2020-11-17,23:00:00,20:58:00,156,Lesotho,2148669,2052,11.0,44,0.0,1223,167.0,785,,955,20.0,24408,11360
2020-11-18,23:00:00,20:57:00,156,Lesotho,2148715,2058,6.0,44,0.0,1273,50.0,741,,958,20.0,24701,11496
2020-11-19,23:00:00,20:59:00,156,Lesotho,2148762,2065,7.0,44,0.0,1273,0.0,748,,961,20.0,24865,11572
2020-11-20,23:00:00,20:59:00,156,Lesotho,2148808,2066,1.0,44,0.0,1276,3.0,746,,961,20.0,24975,11623
2020-11-21,23:00:00,20:58:00,156,Lesotho,2148855,2085,19.0,44,0.0,1276,0.0,765,,970,20.0,25314,11780
2020-11-22,23:00:00,20:59:00,156,Lesotho,2148901,2085,0.0,44,0.0,1276,0.0,765,,970,20.0,25314,11780
2020-11-23,23:00:00,20:58:00,156,Lesotho,2148947,2086,1.0,44,0.0,1276,0.0,766,,971,20.0,25390,11815
2020-11-24,23:00:00,20:57:00,156,Lesotho,2148994,2092,6.0,44,0.0,1277,1.0,771,,973,20.0,25540,11885
2020-11-25,23:00:00,20:58:00,156,Lesotho,2149040,2092,0.0,44,0.0,1277,0.0,771,,973,20.0,25540,11884
2020-11-26,23:00:00,20:47:00,156,Lesotho,2149086,2109,17.0,44,0.0,1278,1.0,787,,981,20.0,25687,11953
2020-11-27,23:00:00,20:59:00,156,Lesotho,2149133,2109,0.0,44,0.0,1278,0.0,787,,981,20.0,25687,11952
2020-11-28,23:00:00,20:46:00,156,Lesotho,2149179,2109,0.0,44,0.0,1278,0.0,787,,981,20.0,25687,11952
2020-11-29,23:00:00,20:51:00,156,Lesotho,2149225,2109,0.0,44,0.0,1278,0.0,787,,981,20.0,25687,11952
2020-11-30,23:00:00,20:57:00,156,Lesotho,2149272,2109,0.0,44,0.0,1278,0.0,787,,981,20.0,25687,11951
2020-12-01,23:00:00,20:55:00,156,Lesotho,2149318,2137,28.0,44,0.0,1278,0.0,815,,994,20.0,26082,12135
2020-12-02,23:00:00,20:58:00,156,Lesotho,2149364,2142,5.0,44,0.0,1278,0.0,820,,997,20.0,26392,12279
2020-12-03,23:00:00,20:59:00,156,Lesotho,2149411,2145,3.0,44,0.0,1278,0.0,823,,998,20.0,26464,12312
2020-12-04,23:00:00,20:57:00,156,Lesotho,2149457,2150,5.0,44,0.0,1278,0.0,828,,1000,20.0,26557,12355
2020-12-05,23:00:00,20:58:00,156,Lesotho,2149503,2150,0.0,44,0.0,1278,0.0,828,,1000,20.0,26557,12355
2020-12-06,23:00:00,20:51:00,156,Lesotho,2149550,2150,0.0,44,0.0,1278,0.0,828,,1000,20.0,26557,12355
2020-12-07,23:00:00,20:57:00,156,Lesotho,2149596,2150,0.0,44,0.0,1278,0.0,828,,1000,20.0,26557,12354
2020-12-08,23:00:00,20:59:00,156,Lesotho,2149642,2150,0.0,44,0.0,1278,0.0,828,,1000,20.0,26557,12354
2020-12-09,23:00:00,20:59:00,156,Lesotho,2149689,2164,14.0,44,0.0,1283,5.0,837,,1007,20.0,27017,12568
2020-12-10,23:00:00,20:59:00,156,Lesotho,2149735,2178,14.0,44,0.0,1283,0.0,851,,1013,20.0,27391,12742
2020-12-11,23:00:00,20:59:00,156,Lesotho,2149781,2214,36.0,44,0.0,1302,19.0,868,,1030,20.0,27791,12927
2020-12-12,23:00:00,20:58:00,156,Lesotho,2149828,2250,36.0,44,0.0,1319,17.0,887,,1047,20.0,27964,13008
2020-12-13,23:00:00,20:59:00,156,Lesotho,2149874,2250,0.0,44,0.0,1319,0.0,887,,1047,20.0,27964,13007
2020-12-14,23:35:00,21:34:00,156,Lesotho,2149920,2277,27.0,44,0.0,1340,21.0,893,,1059,20.0,28015,13031
2020-12-15,23:00:00,20:59:00,156,Lesotho,2149967,2307,30.0,44,0.0,1398,58.0,865,,1073,20.0,28573,13290
2020-12-16,23:00:00,20:58:00,156,Lesotho,2150013,2365,58.0,46,2.0,1423,25.0,896,,1100,21.0,29359,13655
2020-12-17,23:00:00,20:56:00,156,Lesotho,2150059,2400,35.0,46,0.0,1435,12.0,919,,1116,21.0,29705,13816
2020-12-18,23:00:00,20:57:00,156,Lesotho,2150106,2546,146.0,48,2.0,1445,10.0,1053,,1184,22.0,30486,14179
2020-12-19,23:59:00,22:11:00,156,Lesotho,2150152,2546,0.0,48,0.0,1445,0.0,1053,,1184,22.0,30486,14179
2020-12-20,23:00:00,20:54:00,156,Lesotho,2150198,2546,0.0,48,0.0,1445,0.0,1053,,1184,22.0,30486,14178
2020-12-21,23:00:00,20:59:00,156,Lesotho,2150245,2546,0.0,48,0.0,1445,0.0,1053,,1184,22.0,30486,14178
2020-12-22,23:00:00,20:59:00,156,Lesotho,2150291,2546,0.0,48,0.0,1445,0.0,1053,,1184,22.0,30486,14178
2020-12-23,23:00:00,20:58:00,156,Lesotho,2150337,2725,179.0,51,3.0,1466,21.0,1208,,1267,24.0,31256,14535
2020-12-24,23:00:00,20:55:00,156,Lesotho,2150384,2725,0.0,51,0.0,1466,0.0,1208,,1267,24.0,31256,14535
2020-12-25,23:00:00,20:59:00,156,Lesotho,2150430,2725,0.0,51,0.0,1466,0.0,1208,,1267,24.0,31256,14535
2020-12-26,23:00:00,20:59:00,156,Lesotho,2150476,2725,0.0,51,0.0,1466,0.0,1208,,1267,24.0,31256,14534
2020-12-27,23:00:00,20:56:00,156,Lesotho,2150523,2725,0.0,51,0.0,1466,0.0,1208,,1267,24.0,31256,14534
2020-12-28,23:00:00,20:58:00,156,Lesotho,2150569,2956,231.0,51,0.0,1466,0.0,1439,,1375,24.0,32045,14901
2020-12-29,23:00:00,20:54:00,156,Lesotho,2150615,3005,49.0,51,0.0,1480,14.0,1474,,1397,24.0,32753,15230
2020-12-30,23:00:00,20:54:00,156,Lesotho,2150662,3094,89.0,51,0.0,1480,0.0,1563,,1439,24.0,33109,15395
2020-12-31,23:00:00,20:44:00,156,Lesotho,2150708,3094,0.0,51,0.0,1480,0.0,1563,,1439,24.0,33109,15394
2021-01-01,23:00:00,20:54:00,156,Lesotho,2150754,3206,112.0,51,0.0,1496,16.0,1659,,1491,24.0,33345,15504
2021-01-02,23:00:00,20:56:00,156,Lesotho,2150801,3206,0.0,65,14.0,1496,0.0,1645,,1491,30.0,33345,15504
2021-01-03,23:00:00,20:59:00,156,Lesotho,2150847,3206,0.0,65,0.0,1496,0.0,1645,,1491,30.0,33345,15503
2021-01-04,23:00:00,20:57:00,156,Lesotho,2150893,3206,0.0,65,0.0,1496,0.0,1645,,1491,30.0,33345,15503
2021-01-05,23:00:00,20:51:00,156,Lesotho,2150940,3206,0.0,65,0.0,1496,0.0,1645,,1491,30.0,33345,15503
2021-01-06,23:00:00,20:59:00,156,Lesotho,2150986,3206,0.0,65,0.0,1496,0.0,1645,,1490,30.0,33345,15502
2021-01-07,23:00:00,20:59:00,156,Lesotho,2151032,4137,931.0,73,8.0,1538,42.0,2526,,1923,34.0,36754,17087
2021-01-08,23:00:00,20:59:00,156,Lesotho,2151079,5170,1033.0,79,6.0,1564,26.0,3527,,2403,37.0,39521,18373
2021-01-09,23:00:00,20:55:00,156,Lesotho,2151125,5203,33.0,84,5.0,1572,8.0,3547,,2419,39.0,39732,18470
2021-01-10,23:32:00,21:29:00,156,Lesotho,2151171,5937,734.0,85,1.0,1572,0.0,4280,,2760,40.0,41012,19065
2021-01-11,12:22:00,10:21:00,156,Lesotho,2151218,5937,0.0,85,0.0,1572,0.0,4280,,2760,40.0,41012,19065
