Date,Scrap_time,Update_time_GMT,Country_id,Country,Population,TotalCases,NewCases,TotalDeaths,NewDeaths,TotalRecovered,NewRecovered,ActiveCases,SeriousCritical,Tot_Cases_1Mpop,Deaths_1Mpop,TotalTests,Tests_1Mpop
2020-08-02,20:00:00,,150,Liberia,5066990,1189,,75,,673,,441,,235,15.0,,
2020-08-08,20:00:00,,150,Liberia,5068944,1230,41.0,78,3.0,705,32.0,447,,243,15.0,,
2020-08-12,20:00:00,,150,Liberia,5070246,1250,20.0,81,3.0,736,31.0,433,,247,16.0,,
2020-08-16,20:00:00,,150,Liberia,5071549,1257,7.0,82,1.0,788,52.0,387,,248,16.0,,
2020-08-17,20:00:00,,150,Liberia,5071875,1257,0.0,82,0.0,788,0.0,387,,248,16.0,,
2020-08-18,20:00:00,,150,Liberia,5072200,1277,20.0,82,0.0,803,15.0,392,,252,16.0,,
2020-08-19,20:00:00,,150,Liberia,5072526,1282,5.0,82,0.0,803,0.0,397,,253,16.0,,
2020-08-20,17:53:00,,150,Liberia,5072852,1282,0.0,82,0.0,803,0.0,397,,253,16.0,,
2020-08-23,21:09:00,,150,Liberia,5073829,1286,4.0,82,0.0,816,13.0,388,,253,16.0,,
2020-08-24,17:10:00,,150,Liberia,5074154,1286,0.0,82,0.0,816,0.0,388,,253,16.0,,
2020-08-25,23:00:00,,150,Liberia,5074480,1295,9.0,82,0.0,821,5.0,392,,255,16.0,,
2020-08-26,22:59:00,,150,Liberia,5074806,1298,3.0,82,0.0,832,11.0,384,,256,16.0,,
2020-08-27,23:00:00,,150,Liberia,5075131,1298,0.0,82,0.0,832,0.0,384,,256,16.0,,
2020-08-28,23:01:00,,150,Liberia,5075457,1298,0.0,82,0.0,832,0.0,384,,256,16.0,,
2020-08-29,12:29:00,,150,Liberia,5075783,1298,0.0,82,0.0,832,0.0,384,,256,16.0,,
2020-08-30,23:00:00,,150,Liberia,5076108,1304,6.0,82,0.0,872,40.0,350,,257,16.0,,
2020-08-31,18:58:00,,150,Liberia,5076434,1304,0.0,82,0.0,872,0.0,350,,257,16.0,,
2020-09-01,23:00:00,,150,Liberia,5076760,1304,0.0,82,0.0,872,0.0,350,,257,16.0,,
2020-09-02,23:01:00,,150,Liberia,5077085,1305,1.0,82,0.0,1162,290.0,61,,257,16.0,,
2020-09-03,23:01:00,,150,Liberia,5077411,1306,1.0,82,0.0,1163,1.0,61,,257,16.0,,
2020-09-04,07:01:00,,150,Liberia,5077737,1306,0.0,82,0.0,1163,0.0,61,,257,16.0,,
2020-09-05,23:31:00,,150,Liberia,5078062,1306,0.0,82,0.0,1163,0.0,61,,257,16.0,,
2020-09-06,18:30:00,,150,Liberia,5078388,1306,0.0,82,0.0,1163,0.0,61,,257,16.0,,
2020-09-07,23:39:00,,150,Liberia,5078714,1307,1.0,82,0.0,1182,19.0,43,,257,16.0,,
2020-09-08,22:10:00,,150,Liberia,5079039,1311,4.0,82,0.0,1190,8.0,39,,258,16.0,,
2020-09-10,22:01:00,,150,Liberia,5079691,1315,4.0,82,0.0,1194,4.0,39,,259,16.0,,
2020-09-11,22:00:00,,150,Liberia,5080016,1315,0.0,82,0.0,1199,5.0,34,,259,16.0,,
2020-09-12,22:22:00,,150,Liberia,5080342,1316,1.0,82,0.0,1210,11.0,24,,259,16.0,,
2020-09-13,22:01:00,,150,Liberia,5080668,1319,3.0,82,0.0,1210,0.0,27,,260,16.0,,
2020-09-14,22:04:00,,150,Liberia,5080993,1321,2.0,82,0.0,1213,3.0,26,,260,16.0,,
2020-09-15,21:00:00,,150,Liberia,5081319,1321,0.0,82,0.0,1213,0.0,26,,260,16.0,,
2020-09-16,21:01:00,,150,Liberia,5081645,1327,6.0,82,0.0,1214,1.0,31,,261,16.0,,
2020-09-18,20:01:00,,150,Liberia,5082296,1334,7.0,82,0.0,1214,0.0,38,,262,16.0,,
2020-09-19,21:00:00,,150,Liberia,5082622,1335,1.0,82,0.0,1216,2.0,37,,263,16.0,,
2020-09-20,22:31:00,,150,Liberia,5082947,1335,0.0,82,0.0,1216,0.0,37,,263,16.0,,
2020-09-21,21:01:00,,150,Liberia,5083273,1336,1.0,82,0.0,1218,2.0,36,,263,16.0,,
2020-09-22,21:01:00,,150,Liberia,5083599,1336,0.0,82,0.0,1218,0.0,36,,263,16.0,,
2020-09-23,19:58:00,,150,Liberia,5083924,1337,1.0,82,0.0,1219,1.0,36,,263,16.0,,
2020-09-24,21:00:00,,150,Liberia,5084250,1338,1.0,82,0.0,1221,2.0,35,,263,16.0,,
2020-09-25,21:00:00,,150,Liberia,5084576,1338,0.0,82,0.0,1221,0.0,35,,263,16.0,,
2020-09-26,21:00:00,,150,Liberia,5084901,1338,0.0,82,0.0,1221,0.0,35,,263,16.0,,
2020-09-27,22:45:00,,150,Liberia,5085227,1339,1.0,82,0.0,1221,0.0,36,,263,16.0,,
2020-09-28,22:00:00,,150,Liberia,5085553,1342,3.0,82,0.0,1221,0.0,39,,264,16.0,,
2020-09-29,21:35:00,,150,Liberia,5085878,1343,1.0,82,0.0,1221,0.0,40,,264,16.0,,
2020-09-30,22:00:00,,150,Liberia,5086204,1343,0.0,82,0.0,1221,0.0,40,,264,16.0,,
2020-10-01,21:31:00,,150,Liberia,5086530,1343,0.0,82,0.0,1221,0.0,40,,264,16.0,,
2020-10-02,22:36:00,,150,Liberia,5086855,1343,0.0,82,0.0,1221,0.0,40,,264,16.0,,
2020-10-03,22:24:00,,150,Liberia,5087181,1347,4.0,82,0.0,1221,0.0,44,,265,16.0,,
2020-10-04,21:01:00,,150,Liberia,5087507,1348,1.0,82,0.0,1236,15.0,30,,265,16.0,,
2020-10-05,22:13:00,,150,Liberia,5087832,1348,0.0,82,0.0,1236,0.0,30,,265,16.0,,
2020-10-06,23:01:00,,150,Liberia,5088158,1354,6.0,82,0.0,1240,4.0,32,2.0,266,16.0,29689.0,5835.0
2020-10-07,23:01:00,,150,Liberia,5088484,1355,1.0,82,0.0,1245,5.0,28,2.0,266,16.0,29904.0,5877.0
2020-10-08,23:59:00,,150,Liberia,5088809,1360,5.0,82,0.0,1245,0.0,33,2.0,267,16.0,30187.0,5932.0
2020-10-09,23:00:00,,150,Liberia,5089135,1360,0.0,82,0.0,1245,0.0,33,2.0,267,16.0,30332.0,5960.0
2020-10-10,23:00:00,,150,Liberia,5089461,1360,0.0,82,0.0,1245,0.0,33,2.0,267,16.0,30332.0,5960.0
2020-10-12,23:10:00,,150,Liberia,5090112,1371,11.0,82,0.0,1250,5.0,39,2.0,269,16.0,30332.0,5959.0
2020-10-13,23:01:00,,150,Liberia,5090438,1371,0.0,82,0.0,1251,1.0,38,2.0,269,16.0,30332.0,5959.0
2020-10-14,23:01:00,,150,Liberia,5090763,1371,0.0,82,0.0,1251,0.0,38,2.0,269,16.0,30332.0,5958.0
2020-10-15,14:09:00,11:06:00,150,Liberia,5091089,1372,1.0,82,0.0,1254,3.0,36,2.0,269,16.0,30332.0,5958.0
2020-10-16,22:08:00,19:06:00,150,Liberia,5091415,1377,5.0,82,0.0,1264,10.0,31,2.0,270,16.0,30332.0,5957.0
2020-10-17,23:01:00,19:58:00,150,Liberia,5091740,1377,0.0,82,0.0,1268,4.0,27,2.0,270,16.0,30332.0,5957.0
2020-10-18,22:05:00,19:03:00,150,Liberia,5092066,1377,0.0,82,0.0,1268,0.0,27,2.0,270,16.0,30332.0,5957.0
2020-10-19,22:05:00,18:59:00,150,Liberia,5092392,1377,0.0,82,0.0,1268,0.0,27,2.0,270,16.0,30332.0,5956.0
2020-10-20,22:05:00,19:04:00,150,Liberia,5092717,1381,4.0,82,0.0,1271,3.0,28,2.0,271,16.0,30332.0,5956.0
2020-10-21,22:05:00,19:03:00,150,Liberia,5093043,1384,3.0,82,0.0,1273,2.0,29,2.0,272,16.0,30332.0,5956.0
2020-10-22,22:05:00,19:04:00,150,Liberia,5093369,1385,1.0,82,0.0,1278,5.0,25,2.0,272,16.0,30332.0,5955.0
2020-10-23,22:05:00,19:02:00,150,Liberia,5093694,1393,8.0,82,0.0,1278,0.0,33,2.0,273,16.0,30332.0,5955.0
2020-10-24,23:41:00,20:40:00,150,Liberia,5094020,1393,0.0,82,0.0,1278,0.0,33,2.0,273,16.0,30332.0,5954.0
2020-10-25,23:00:00,20:58:00,150,Liberia,5094346,1393,0.0,82,0.0,1278,0.0,33,2.0,273,16.0,30332.0,5954.0
2020-10-26,23:00:00,20:56:00,150,Liberia,5094671,1416,23.0,82,0.0,1278,0.0,56,2.0,278,16.0,30332.0,5954.0
2020-10-27,23:00:00,20:58:00,150,Liberia,5094997,1419,3.0,82,0.0,1278,0.0,59,2.0,279,16.0,30332.0,5953.0
2020-10-28,23:00:00,20:58:00,150,Liberia,5095323,1419,0.0,82,0.0,1278,0.0,59,2.0,278,16.0,30332.0,5953.0
2020-10-29,23:00:00,20:57:00,150,Liberia,5095648,1426,7.0,82,0.0,1279,1.0,65,2.0,280,16.0,30332.0,5953.0
2020-10-30,23:00:00,20:58:00,150,Liberia,5095974,1426,0.0,82,0.0,1279,0.0,65,2.0,280,16.0,30332.0,5952.0
2020-10-31,23:00:00,20:59:00,150,Liberia,5096300,1426,0.0,82,0.0,1279,0.0,65,2.0,280,16.0,30332.0,5952.0
2020-11-01,23:00:00,20:59:00,150,Liberia,5096625,1426,0.0,82,0.0,1279,0.0,65,2.0,280,16.0,30332.0,5951.0
2020-11-02,23:00:00,20:57:00,150,Liberia,5096951,1426,0.0,82,0.0,1279,0.0,65,2.0,280,16.0,30332.0,5951.0
2020-11-03,23:00:00,20:59:00,150,Liberia,5097277,1436,10.0,82,0.0,1283,4.0,71,2.0,282,16.0,30332.0,5951.0
2020-11-04,23:00:00,20:57:00,150,Liberia,5097602,1438,2.0,82,0.0,1301,18.0,55,2.0,282,16.0,30332.0,5950.0
2020-11-05,23:00:00,20:59:00,150,Liberia,5097928,1440,2.0,82,0.0,1305,4.0,53,2.0,282,16.0,30332.0,5950.0
2020-11-06,23:00:00,20:58:00,150,Liberia,5098254,1440,0.0,82,0.0,1305,0.0,53,2.0,282,16.0,30332.0,5949.0
2020-11-07,23:00:00,20:57:00,150,Liberia,5098579,1442,2.0,82,0.0,1310,5.0,50,2.0,283,16.0,30332.0,5949.0
2020-11-08,23:00:00,20:49:00,150,Liberia,5098905,1442,0.0,82,0.0,1310,0.0,50,2.0,283,16.0,30332.0,5949.0
2020-11-09,23:00:00,20:59:00,150,Liberia,5099231,1452,10.0,82,0.0,1310,0.0,60,2.0,285,16.0,30332.0,5948.0
2020-11-10,23:00:00,20:59:00,150,Liberia,5099556,1461,9.0,82,0.0,1310,0.0,69,2.0,286,16.0,30332.0,5948.0
2020-11-11,23:00:00,20:56:00,150,Liberia,5099882,1461,0.0,82,0.0,1310,0.0,69,2.0,286,16.0,30332.0,5948.0
2020-11-12,23:00:00,20:59:00,150,Liberia,5100208,1468,7.0,82,0.0,1312,2.0,74,2.0,288,16.0,30332.0,5947.0
2020-11-13,23:00:00,20:58:00,150,Liberia,5100533,1491,23.0,82,0.0,1314,2.0,95,2.0,292,16.0,32046.0,6283.0
2020-11-14,23:00:00,20:57:00,150,Liberia,5100859,1498,7.0,82,0.0,1314,0.0,102,2.0,294,16.0,32046.0,6282.0
2020-11-15,23:00:00,20:53:00,150,Liberia,5101185,1507,9.0,82,0.0,1314,0.0,111,2.0,295,16.0,32308.0,6333.0
2020-11-16,23:00:00,20:59:00,150,Liberia,5101510,1512,5.0,82,0.0,1318,4.0,112,2.0,296,16.0,32457.0,6362.0
2020-11-17,23:00:00,20:58:00,150,Liberia,5101836,1512,0.0,82,0.0,1318,0.0,112,2.0,296,16.0,32457.0,6362.0
2020-11-18,23:00:00,20:57:00,150,Liberia,5102162,1528,16.0,82,0.0,1328,10.0,118,2.0,299,16.0,32457.0,6361.0
2020-11-19,23:00:00,20:59:00,150,Liberia,5102487,1539,11.0,82,0.0,1331,3.0,126,2.0,302,16.0,32875.0,6443.0
2020-11-20,23:00:00,20:59:00,150,Liberia,5102813,1551,12.0,82,0.0,1331,0.0,138,2.0,304,16.0,33078.0,6482.0
2020-11-21,23:00:00,20:58:00,150,Liberia,5103139,1551,0.0,82,0.0,1331,0.0,138,2.0,304,16.0,33078.0,6482.0
2020-11-22,23:00:00,20:59:00,150,Liberia,5103464,1551,0.0,82,0.0,1331,0.0,138,2.0,304,16.0,33078.0,6481.0
2020-11-23,23:00:00,20:58:00,150,Liberia,5103790,1551,0.0,82,0.0,1331,0.0,138,2.0,304,16.0,33078.0,6481.0
2020-11-24,23:00:00,20:57:00,150,Liberia,5104116,1551,0.0,82,0.0,1331,0.0,138,2.0,304,16.0,33078.0,6481.0
2020-11-25,23:00:00,20:58:00,150,Liberia,5104441,1578,27.0,83,1.0,1340,9.0,155,2.0,309,16.0,33078.0,6480.0
2020-11-26,23:00:00,20:47:00,150,Liberia,5104767,1591,13.0,83,0.0,1340,0.0,168,2.0,312,16.0,34105.0,6681.0
2020-11-27,23:00:00,20:59:00,150,Liberia,5105093,1595,4.0,83,0.0,1343,3.0,169,2.0,312,16.0,34105.0,6681.0
2020-11-28,23:00:00,20:46:00,150,Liberia,5105418,1595,0.0,83,0.0,1343,0.0,169,2.0,312,16.0,34105.0,6680.0
2020-11-29,23:00:00,20:51:00,150,Liberia,5105744,1595,0.0,83,0.0,1343,0.0,169,2.0,312,16.0,34105.0,6680.0
2020-11-30,23:00:00,20:57:00,150,Liberia,5106070,1595,0.0,83,0.0,1343,0.0,169,2.0,312,16.0,34105.0,6679.0
2020-12-01,23:00:00,20:55:00,150,Liberia,5106395,1595,0.0,83,0.0,1343,0.0,169,2.0,312,16.0,34105.0,6679.0
2020-12-02,23:00:00,20:58:00,150,Liberia,5106721,1595,0.0,83,0.0,1343,0.0,169,2.0,312,16.0,34105.0,6678.0
2020-12-03,23:00:00,20:59:00,150,Liberia,5107047,1595,0.0,83,0.0,1343,0.0,169,2.0,312,16.0,34105.0,6678.0
2020-12-04,23:00:00,20:57:00,150,Liberia,5107372,1676,81.0,83,0.0,1358,15.0,235,2.0,328,16.0,35957.0,7040.0
2020-12-05,23:00:00,20:58:00,150,Liberia,5107698,1676,0.0,83,0.0,1358,0.0,235,2.0,328,16.0,35957.0,7040.0
2020-12-06,23:00:00,20:51:00,150,Liberia,5108024,1676,0.0,83,0.0,1358,0.0,235,2.0,328,16.0,35957.0,7039.0
2020-12-07,23:00:00,20:57:00,150,Liberia,5108349,1676,0.0,83,0.0,1358,0.0,235,2.0,328,16.0,35957.0,7039.0
2020-12-08,23:00:00,20:59:00,150,Liberia,5108675,1676,0.0,83,0.0,1358,0.0,235,2.0,328,16.0,35957.0,7038.0
2020-12-09,23:00:00,20:59:00,150,Liberia,5109001,1676,0.0,83,0.0,1358,0.0,235,2.0,328,16.0,35957.0,7038.0
2020-12-10,23:00:00,20:59:00,150,Liberia,5109326,1676,0.0,83,0.0,1358,0.0,235,2.0,328,16.0,35957.0,7038.0
2020-12-11,23:00:00,20:59:00,150,Liberia,5109652,1676,0.0,83,0.0,1358,0.0,235,2.0,328,16.0,35957.0,7037.0
2020-12-12,23:00:00,20:58:00,150,Liberia,5109978,1676,0.0,83,0.0,1358,0.0,235,2.0,328,16.0,35957.0,7037.0
2020-12-13,23:00:00,20:59:00,150,Liberia,5110303,1676,0.0,83,0.0,1358,0.0,235,2.0,328,16.0,35957.0,7036.0
2020-12-14,23:35:00,21:34:00,150,Liberia,5110629,1676,0.0,83,0.0,1358,0.0,235,2.0,328,16.0,35957.0,7036.0
2020-12-15,23:00:00,20:59:00,150,Liberia,5110955,1676,0.0,83,0.0,1358,0.0,235,2.0,328,16.0,35957.0,7035.0
2020-12-16,23:00:00,20:58:00,150,Liberia,5111280,1773,97.0,83,0.0,1406,48.0,284,2.0,347,16.0,39377.0,7704.0
2020-12-17,23:00:00,20:56:00,150,Liberia,5111606,1779,6.0,83,0.0,1406,0.0,290,2.0,348,16.0,39377.0,7703.0
2020-12-18,23:00:00,20:57:00,150,Liberia,5111932,1779,0.0,83,0.0,1406,0.0,290,2.0,348,16.0,39377.0,7703.0
2020-12-19,23:59:00,22:11:00,150,Liberia,5112257,1779,0.0,83,0.0,1406,0.0,290,2.0,348,16.0,39377.0,7702.0
2020-12-20,23:00:00,20:54:00,150,Liberia,5112583,1779,0.0,83,0.0,1406,0.0,290,2.0,348,16.0,39377.0,7702.0
2020-12-21,23:00:00,20:59:00,150,Liberia,5112909,1779,0.0,83,0.0,1406,0.0,290,2.0,348,16.0,39377.0,7701.0
2020-12-22,23:00:00,20:59:00,150,Liberia,5113234,1779,0.0,83,0.0,1406,0.0,290,2.0,348,16.0,39377.0,7701.0
2020-12-23,23:00:00,20:58:00,150,Liberia,5113560,1779,0.0,83,0.0,1406,0.0,290,2.0,348,16.0,39870.0,7797.0
2020-12-24,23:00:00,20:55:00,150,Liberia,5113886,1779,0.0,83,0.0,1406,0.0,290,2.0,348,16.0,39870.0,7796.0
2020-12-25,23:00:00,20:59:00,150,Liberia,5114211,1779,0.0,83,0.0,1406,0.0,290,2.0,348,16.0,39870.0,7796.0
2020-12-26,23:00:00,20:59:00,150,Liberia,5114537,1779,0.0,83,0.0,1406,0.0,290,2.0,348,16.0,39870.0,7795.0
2020-12-27,23:00:00,20:56:00,150,Liberia,5114863,1779,0.0,83,0.0,1406,0.0,290,2.0,348,16.0,39870.0,7795.0
2020-12-28,23:00:00,20:58:00,150,Liberia,5115188,1779,0.0,83,0.0,1406,0.0,290,2.0,348,16.0,39870.0,7794.0
2020-12-29,23:00:00,20:54:00,150,Liberia,5115514,1779,0.0,83,0.0,1406,0.0,290,2.0,348,16.0,39870.0,7794.0
2020-12-30,23:00:00,20:54:00,150,Liberia,5115840,1779,0.0,83,0.0,1406,0.0,290,2.0,348,16.0,39870.0,7793.0
2020-12-31,23:00:00,20:44:00,150,Liberia,5116165,1779,0.0,83,0.0,1406,0.0,290,2.0,348,16.0,39870.0,7793.0
2021-01-01,23:00:00,20:54:00,150,Liberia,5116491,1779,0.0,83,0.0,1406,0.0,290,2.0,348,16.0,39870.0,7792.0
2021-01-02,23:00:00,20:56:00,150,Liberia,5116817,1779,0.0,83,0.0,1406,0.0,290,2.0,348,16.0,39870.0,7792.0
2021-01-03,23:00:00,20:59:00,150,Liberia,5117142,1779,0.0,83,0.0,1406,0.0,290,2.0,348,16.0,39870.0,7791.0
2021-01-04,23:00:00,20:57:00,150,Liberia,5117468,1779,0.0,83,0.0,1406,0.0,290,2.0,348,16.0,39870.0,7791.0
2021-01-05,23:00:00,20:51:00,150,Liberia,5117794,1779,0.0,83,0.0,1406,0.0,290,2.0,348,16.0,39870.0,7790.0
2021-01-06,23:00:00,20:59:00,150,Liberia,5118119,1779,0.0,83,0.0,1406,0.0,290,2.0,348,16.0,39870.0,7790.0
2021-01-07,23:00:00,20:59:00,150,Liberia,5118445,1779,0.0,83,0.0,1406,0.0,290,2.0,348,16.0,39870.0,7789.0
