Date,Scrap_time,Update_time_GMT,Country_id,Country,Population,TotalCases,NewCases,TotalDeaths,NewDeaths,TotalRecovered,NewRecovered,ActiveCases,SeriousCritical,Tot_Cases_1Mpop,Deaths_1Mpop,TotalTests,Tests_1Mpop
2020-08-02,20:00:00,,85,Libya,6879076,3691,,80,,619,,2992,,537,12.0,52711,7663
2020-08-08,20:00:00,,85,Libya,6880608,5079,1388.0,108,28.0,660,41.0,4311,,738,16.0,61077,8877
2020-08-12,20:00:00,,85,Libya,6881630,6302,1223.0,132,24.0,740,80.0,5430,,916,19.0,68201,9911
2020-08-16,20:00:00,,85,Libya,6882651,7738,1436.0,145,13.0,894,154.0,6699,,1124,21.0,75827,11017
2020-08-17,20:00:00,,85,Libya,6882906,8172,434.0,153,8.0,933,39.0,7086,,1187,22.0,79057,11486
2020-08-18,20:00:00,,85,Libya,6883162,8579,407.0,157,4.0,969,36.0,7453,,1246,23.0,82057,11921
2020-08-19,20:00:00,,85,Libya,6883417,9068,489.0,164,7.0,1003,34.0,7901,,1317,24.0,85500,12421
2020-08-20,17:53:00,,85,Libya,6883672,9463,395.0,169,5.0,1018,15.0,8276,,1375,25.0,88492,12855
2020-08-23,21:09:00,,85,Libya,6884438,10437,974.0,188,19.0,1085,67.0,9164,,1516,27.0,93851,13632
2020-08-24,17:10:00,,85,Libya,6884694,11009,572.0,199,11.0,1096,11.0,9714,,1599,29.0,96524,14020
2020-08-25,23:00:00,,85,Libya,6884949,11281,272.0,203,4.0,1112,16.0,9966,,1639,29.0,96524,14020
2020-08-26,22:59:00,,85,Libya,6885204,11834,553.0,210,7.0,1152,40.0,10472,,1719,31.0,101310,14714
2020-08-27,23:00:00,,85,Libya,6885460,12274,440.0,219,9.0,1209,57.0,10846,,1783,32.0,101310,14714
2020-08-28,23:01:00,,85,Libya,6885715,12629,355.0,226,7.0,1310,101.0,11093,,1834,33.0,101310,14713
2020-08-29,12:29:00,,85,Libya,6885970,12629,0.0,226,0.0,1310,0.0,11093,,1834,33.0,101310,14713
2020-08-30,23:00:00,,85,Libya,6886226,13423,794.0,232,6.0,1410,100.0,11781,,1949,34.0,103850,15081
2020-08-31,18:58:00,,85,Libya,6886481,13966,543.0,237,5.0,1459,49.0,12270,,2028,34.0,111448,16184
2020-09-01,23:00:00,,85,Libya,6886736,14624,658.0,242,5.0,1676,217.0,12706,,2124,35.0,114145,16575
2020-09-02,23:01:00,,85,Libya,6886992,15156,532.0,250,8.0,1746,70.0,13160,,2201,36.0,114145,16574
2020-09-03,23:01:00,,85,Libya,6887247,15773,617.0,254,4.0,1856,110.0,13663,,2290,37.0,114145,16573
2020-09-04,07:01:00,,85,Libya,6887502,15773,0.0,254,0.0,1856,0.0,13663,,2290,37.0,114145,16573
2020-09-05,23:31:00,,85,Libya,6887758,17094,1321.0,272,18.0,2025,169.0,14797,,2482,39.0,127851,18562
2020-09-06,18:30:00,,85,Libya,6888013,17749,655.0,285,13.0,2081,56.0,15383,,2577,41.0,133989,19452
2020-09-07,23:39:00,,85,Libya,6888268,18834,1085.0,296,11.0,2126,45.0,16412,,2734,43.0,133989,19452
2020-09-08,22:10:00,,85,Libya,6888524,19583,749.0,314,18.0,2247,121.0,17022,,2843,46.0,133989,19451
2020-09-09,22:01:00,,85,Libya,6888779,20462,879.0,324,10.0,2329,82.0,17809,,2970,47.0,133989,19450
2020-09-10,22:01:00,,85,Libya,6889034,20939,477.0,339,15.0,2420,91.0,18180,,3039,49.0,133989,19450
2020-09-11,22:00:00,,85,Libya,6889290,21908,969.0,352,13.0,2506,86.0,19050,,3180,51.0,133989,19449
2020-09-12,22:22:00,,85,Libya,6889545,22348,440.0,354,2.0,2506,0.0,19488,,3244,51.0,152757,22172
2020-09-13,22:01:00,,85,Libya,6889800,22781,433.0,362,8.0,12183,9677.0,10236,,3306,53.0,157481,22857
2020-09-14,22:04:00,,85,Libya,6890056,23515,734.0,368,6.0,12762,579.0,10385,,3413,53.0,157481,22856
2020-09-15,21:00:00,,85,Libya,6890311,23515,0.0,368,0.0,12762,0.0,10385,,3413,53.0,157481,22855
2020-09-16,21:01:00,,85,Libya,6890566,24936,1421.0,394,26.0,13498,736.0,11044,,3619,57.0,169190,24554
2020-09-18,20:01:00,,85,Libya,6891077,26438,1502.0,418,24.0,14207,709.0,11813,,3837,61.0,176378,25595
2020-09-19,21:00:00,,85,Libya,6891332,27234,796.0,436,18.0,14679,472.0,12119,,3952,63.0,179696,26076
2020-09-20,22:31:00,,85,Libya,6891588,27949,715.0,444,8.0,15068,389.0,12437,,4056,64.0,179696,26075
2020-09-21,21:01:00,,85,Libya,6891843,28796,847.0,450,6.0,15384,316.0,12962,,4178,65.0,183294,26596
2020-09-22,21:01:00,,85,Libya,6892098,29446,650.0,460,10.0,15913,529.0,13073,,4272,67.0,189359,27475
2020-09-23,19:58:00,,85,Libya,6892354,30097,651.0,469,9.0,16430,517.0,13198,,4367,68.0,192235,27891
2020-09-24,21:00:00,,85,Libya,6892609,30632,535.0,474,5.0,16842,412.0,13316,,4444,69.0,195018,28294
2020-09-25,21:00:00,,85,Libya,6892864,31290,658.0,491,17.0,17508,666.0,13291,,4539,71.0,198524,28801
2020-09-26,21:00:00,,85,Libya,6893120,31290,0.0,491,0.0,17508,0.0,13291,,4539,71.0,198524,28800
2020-09-27,22:45:00,,85,Libya,6893375,32364,1074.0,520,29.0,18128,620.0,13716,,4695,75.0,201572,29241
2020-09-28,22:00:00,,85,Libya,6893630,33213,849.0,527,7.0,18518,390.0,14168,,4818,76.0,204604,29680
2020-09-29,21:35:00,,85,Libya,6893886,34014,801.0,540,13.0,18902,384.0,14572,,4934,78.0,208417,30232
2020-09-30,22:00:00,,85,Libya,6894141,34525,511.0,551,11.0,19361,459.0,14613,,5008,80.0,210475,30530
2020-10-01,21:31:00,,85,Libya,6894396,34525,0.0,551,0.0,19361,0.0,14613,,5008,80.0,210475,30528
2020-10-02,22:36:00,,85,Libya,6894652,35717,1192.0,570,19.0,20334,973.0,14813,,5180,83.0,212980,30891
2020-10-03,22:24:00,,85,Libya,6894907,36087,370.0,578,8.0,20889,555.0,14620,,5234,84.0,215270,31222
2020-10-04,21:01:00,,85,Libya,6895162,36809,722.0,592,14.0,21429,540.0,14788,,5338,86.0,218698,31718
2020-10-05,22:13:00,,85,Libya,6895418,37437,628.0,596,4.0,22076,647.0,14765,,5429,86.0,222054,32203
2020-10-06,23:01:00,,85,Libya,6895673,38468,1031.0,602,6.0,22410,334.0,15456,,5579,87.0,226162,32798
2020-10-07,23:01:00,,85,Libya,6895928,39513,1045.0,608,6.0,22831,421.0,16074,,5730,88.0,230501,33426
2020-10-08,23:59:00,,85,Libya,6896184,40292,779.0,616,8.0,23130,299.0,16546,,5843,89.0,234225,33964
2020-10-09,23:00:00,,85,Libya,6896439,41368,1076.0,621,5.0,23453,323.0,17294,,5998,90.0,237919,34499
2020-10-10,23:00:00,,85,Libya,6896694,41686,318.0,623,2.0,23791,338.0,17272,,6044,90.0,239426,34716
2020-10-12,23:10:00,,85,Libya,6897205,43821,2135.0,644,21.0,24466,675.0,18711,,6353,93.0,250914,36379
2020-10-13,23:01:00,,85,Libya,6897460,44985,1164.0,656,12.0,25007,541.0,19322,,6522,95.0,255149,36992
2020-10-14,23:01:00,,85,Libya,6897716,45821,836.0,669,13.0,25301,294.0,19851,,6643,97.0,259002,37549
2020-10-15,14:09:00,11:06:00,85,Libya,6897971,45821,0.0,669,0.0,25301,0.0,19851,,6643,97.0,259002,37548
2020-10-16,22:08:00,19:06:00,85,Libya,6898226,47845,2024.0,699,30.0,26062,761.0,21084,,6936,101.0,267258,38743
2020-10-17,23:01:00,19:58:00,85,Libya,6898482,47845,0.0,699,0.0,26062,0.0,21084,,6936,101.0,267258,38742
2020-10-18,22:05:00,19:03:00,85,Libya,6898737,48790,945.0,725,26.0,26889,827.0,21176,,7072,105.0,270759,39248
2020-10-19,22:05:00,18:59:00,85,Libya,6898992,49949,1159.0,732,7.0,27262,373.0,21955,,7240,106.0,274711,39819
2020-10-20,22:05:00,19:04:00,85,Libya,6899248,50906,957.0,746,14.0,27832,570.0,22328,,7378,108.0,277535,40227
2020-10-21,22:05:00,19:03:00,85,Libya,6899503,51625,719.0,765,19.0,28440,608.0,22420,,7482,111.0,281242,40763
2020-10-22,22:05:00,19:04:00,85,Libya,6899758,52620,995.0,768,3.0,29057,617.0,22795,,7626,111.0,285358,41358
2020-10-23,22:05:00,19:02:00,85,Libya,6900014,53384,764.0,774,6.0,29619,562.0,22991,,7737,112.0,289850,42007
2020-10-24,23:41:00,20:40:00,85,Libya,6900269,54374,990.0,790,16.0,29965,346.0,23619,,7880,114.0,291760,42282
2020-10-25,23:00:00,20:58:00,85,Libya,6900524,56013,1639.0,795,5.0,30731,766.0,24487,,8117,115.0,297762,43151
2020-10-26,23:00:00,20:56:00,85,Libya,6900780,57223,1210.0,801,6.0,31515,784.0,24907,,8292,116.0,301577,43702
2020-10-27,23:00:00,20:58:00,85,Libya,6901035,57975,752.0,812,11.0,32253,738.0,24910,,8401,118.0,304982,44194
2020-10-28,23:00:00,20:58:00,85,Libya,6901290,58874,899.0,823,11.0,32962,709.0,25089,,8531,119.0,308911,44761
2020-10-29,23:00:00,20:57:00,85,Libya,6901546,59656,782.0,831,8.0,33550,588.0,25275,,8644,120.0,312051,45215
2020-10-30,23:00:00,20:58:00,85,Libya,6901801,60628,972.0,847,16.0,34369,819.0,25412,,8784,123.0,315926,45774
2020-10-31,23:00:00,20:59:00,85,Libya,6902057,61095,467.0,857,10.0,35030,661.0,25208,,8852,124.0,317581,46013
2020-11-01,23:00:00,20:59:00,85,Libya,6902312,62045,950.0,871,14.0,35853,823.0,25321,,8989,126.0,320901,46492
2020-11-02,23:00:00,20:57:00,85,Libya,6902567,62907,862.0,880,9.0,36608,755.0,25419,,9114,127.0,324945,47076
2020-11-03,23:00:00,20:59:00,85,Libya,6902823,63688,781.0,893,13.0,36995,387.0,25800,,9226,129.0,328172,47542
2020-11-04,23:00:00,20:57:00,85,Libya,6903078,64587,899.0,900,7.0,37610,615.0,26077,,9356,130.0,331898,48080
2020-11-05,23:00:00,20:59:00,85,Libya,6903333,65440,853.0,907,7.0,38110,500.0,26423,,9479,131.0,335282,48568
2020-11-06,23:00:00,20:58:00,85,Libya,6903589,66444,1004.0,915,8.0,38624,514.0,26905,,9625,133.0,339650,49199
2020-11-07,23:00:00,20:57:00,85,Libya,6903844,67039,595.0,920,5.0,39243,619.0,26876,,9710,133.0,341809,49510
2020-11-08,23:00:00,20:49:00,85,Libya,6904099,68117,1078.0,929,9.0,40119,876.0,27069,,9866,135.0,345597,50057
2020-11-09,23:00:00,20:59:00,85,Libya,6904355,69040,923.0,944,15.0,40780,661.0,27316,,9999,137.0,349566,50630
2020-11-10,23:00:00,20:59:00,85,Libya,6904610,70010,970.0,957,13.0,41512,732.0,27541,,10140,139.0,353787,51239
2020-11-11,23:00:00,20:56:00,85,Libya,6904865,70885,875.0,970,13.0,42098,586.0,27817,,10266,140.0,357869,51829
2020-11-12,23:00:00,20:59:00,85,Libya,6905121,71804,919.0,985,15.0,42703,605.0,28116,,10399,143.0,361467,52348
2020-11-13,23:00:00,20:58:00,85,Libya,6905376,72628,824.0,995,10.0,43259,556.0,28374,,10518,144.0,365331,52905
2020-11-14,23:00:00,20:57:00,85,Libya,6905631,72628,0.0,995,0.0,43259,0.0,28374,,10517,144.0,365331,52903
2020-11-15,23:00:00,20:53:00,85,Libya,6905887,73602,974.0,1017,22.0,44133,874.0,28452,,10658,147.0,371172,53747
2020-11-16,23:00:00,20:59:00,85,Libya,6906142,74324,722.0,1025,8.0,44733,600.0,28566,,10762,148.0,375201,54329
2020-11-17,23:00:00,20:58:00,85,Libya,6906397,74936,612.0,1041,16.0,45371,638.0,28524,,10850,151.0,379548,54956
2020-11-18,23:00:00,20:57:00,85,Libya,6906653,75465,529.0,1053,12.0,46127,756.0,28285,,10926,152.0,382363,55362
2020-11-19,23:00:00,20:59:00,85,Libya,6906908,76006,541.0,1062,9.0,46793,666.0,28151,,11004,154.0,386499,55958
2020-11-20,23:00:00,20:59:00,85,Libya,6907163,76808,802.0,1068,6.0,47587,794.0,28153,,11120,155.0,391888,56736
2020-11-21,23:00:00,20:58:00,85,Libya,6907419,76808,0.0,1068,0.0,47587,0.0,28153,,11120,155.0,391888,56734
2020-11-22,23:00:00,20:59:00,85,Libya,6907674,77823,1015.0,1089,21.0,48914,1327.0,27820,,11266,158.0,399586,57847
2020-11-23,23:00:00,20:58:00,85,Libya,6907929,78473,650.0,1102,13.0,49592,678.0,27779,,11360,160.0,404264,58522
2020-11-24,23:00:00,20:57:00,85,Libya,6908185,79180,707.0,1110,8.0,50304,712.0,27766,,11462,161.0,407972,59056
2020-11-25,23:00:00,20:58:00,85,Libya,6908440,79797,617.0,1125,15.0,50914,610.0,27758,,11551,163.0,412128,59656
2020-11-26,23:00:00,20:47:00,85,Libya,6908695,80407,610.0,1140,15.0,51585,671.0,27682,,11639,165.0,416602,60301
2020-11-27,23:00:00,20:59:00,85,Libya,6908951,81273,866.0,1153,13.0,52299,714.0,27821,,11763,167.0,421463,61002
2020-11-28,23:00:00,20:46:00,85,Libya,6909206,81273,0.0,1153,0.0,52299,0.0,27821,,11763,167.0,421463,61000
2020-11-29,23:00:00,20:51:00,85,Libya,6909461,82430,1157.0,1166,13.0,53266,967.0,27998,,11930,169.0,427996,61943
2020-11-30,23:00:00,20:57:00,85,Libya,6909717,82809,379.0,1183,17.0,53818,552.0,27808,,11984,171.0,431561,62457
2020-12-01,23:00:00,20:55:00,85,Libya,6909972,83417,608.0,1196,13.0,54209,391.0,28012,,12072,173.0,436051,63105
2020-12-02,23:00:00,20:58:00,85,Libya,6910227,84087,670.0,1200,4.0,54712,503.0,28175,,12168,174.0,440899,63804
2020-12-03,23:00:00,20:59:00,85,Libya,6910483,84849,762.0,1212,12.0,55304,592.0,28333,,12278,175.0,446019,64542
2020-12-04,23:00:00,20:57:00,85,Libya,6910738,85529,680.0,1219,7.0,56048,744.0,28262,,12376,176.0,450525,65192
2020-12-05,23:00:00,20:58:00,85,Libya,6910993,85529,0.0,1219,0.0,56048,0.0,28262,,12376,176.0,450525,65190
2020-12-06,23:00:00,20:51:00,85,Libya,6911249,86580,1051.0,1231,12.0,56702,654.0,28647,,12527,178.0,458079,66280
2020-12-07,23:00:00,20:57:00,85,Libya,6911504,87097,517.0,1243,12.0,57380,678.0,28474,,12602,180.0,460914,66688
2020-12-08,23:00:00,20:59:00,85,Libya,6911759,87986,889.0,1255,12.0,57837,457.0,28894,,12730,182.0,466435,67484
2020-12-09,23:00:00,20:59:00,85,Libya,6912015,88522,536.0,1261,6.0,58578,741.0,28683,,12807,182.0,470005,67998
2020-12-10,23:00:00,20:59:00,85,Libya,6912270,89183,661.0,1273,12.0,59222,644.0,28688,,12902,184.0,474223,68606
2020-12-11,23:00:00,20:59:00,85,Libya,6912525,89880,697.0,1278,5.0,59839,617.0,28763,,13002,185.0,478198,69178
2020-12-12,23:00:00,20:58:00,85,Libya,6912781,89880,0.0,1278,0.0,59839,0.0,28763,,13002,185.0,478198,69176
2020-12-13,23:00:00,20:59:00,85,Libya,6913036,90779,899.0,1299,21.0,60895,1056.0,28585,,13132,188.0,483652,69962
2020-12-14,23:35:00,21:34:00,85,Libya,6913291,91357,578.0,1314,15.0,61453,558.0,28590,,13215,190.0,487044,70450
2020-12-15,23:00:00,20:59:00,85,Libya,6913547,92017,660.0,1319,5.0,62144,691.0,28554,,13310,191.0,492079,71176
2020-12-16,23:00:00,20:58:00,85,Libya,6913802,92577,560.0,1324,5.0,62720,576.0,28533,,13390,192.0,495379,71651
2020-12-17,23:00:00,20:56:00,85,Libya,6914057,93283,706.0,1337,13.0,63231,511.0,28715,,13492,193.0,500322,72363
2020-12-18,23:00:00,20:57:00,85,Libya,6914313,93772,489.0,1346,9.0,63886,655.0,28540,,13562,195.0,504092,72906
2020-12-19,23:59:00,22:11:00,85,Libya,6914568,93772,0.0,1346,0.0,63886,0.0,28540,,13562,195.0,504092,72903
2020-12-20,23:00:00,20:54:00,85,Libya,6914823,94560,788.0,1353,7.0,64810,924.0,28397,,13675,196.0,508907,73597
2020-12-21,23:00:00,20:59:00,85,Libya,6915079,95200,640.0,1369,16.0,65532,722.0,28299,,13767,198.0,512817,74159
2020-12-22,23:00:00,20:59:00,85,Libya,6915334,95706,506.0,1385,16.0,66076,544.0,28245,,13840,200.0,516351,74668
2020-12-23,23:00:00,20:58:00,85,Libya,6915589,96346,640.0,1393,8.0,66756,680.0,28197,,13932,201.0,519850,75171
2020-12-24,23:00:00,20:55:00,85,Libya,6915845,97192,846.0,1399,6.0,67661,905.0,28132,,14054,202.0,524859,75892
2020-12-25,23:00:00,20:59:00,85,Libya,6916100,97653,461.0,1415,16.0,68289,628.0,27949,,14120,205.0,527741,76306
2020-12-26,23:00:00,20:59:00,85,Libya,6916355,97653,0.0,1415,0.0,68289,0.0,27949,,14119,205.0,527741,76303
2020-12-27,23:00:00,20:56:00,85,Libya,6916611,98381,728.0,1436,21.0,68990,701.0,27955,,14224,208.0,532429,76978
2020-12-28,23:00:00,20:58:00,85,Libya,6916866,98913,532.0,1440,4.0,69763,773.0,27710,,14300,208.0,536186,77519
2020-12-29,23:00:00,20:54:00,85,Libya,6917121,99350,437.0,1444,4.0,70412,649.0,27494,,14363,209.0,539989,78066
2020-12-30,23:00:00,20:54:00,85,Libya,6917377,99935,585.0,1459,15.0,71273,861.0,27203,,14447,211.0,543646,78591
2020-12-31,23:00:00,20:44:00,85,Libya,6917632,100277,342.0,1478,19.0,72107,834.0,26692,,14496,214.0,546514,79003
2021-01-01,23:00:00,20:54:00,85,Libya,6917887,100744,467.0,1487,9.0,73252,1145.0,26005,,14563,215.0,549138,79379
2021-01-02,23:00:00,20:56:00,85,Libya,6918143,100744,0.0,1487,0.0,73252,0.0,26005,,14562,215.0,549138,79377
2021-01-03,23:00:00,20:59:00,85,Libya,6918398,101414,670.0,1510,23.0,74381,1129.0,25523,,14659,218.0,553835,80052
2021-01-04,23:00:00,20:57:00,85,Libya,6918653,101975,561.0,1526,16.0,75288,907.0,25161,,14739,221.0,556616,80451
2021-01-05,23:00:00,20:51:00,85,Libya,6918909,102456,481.0,1536,10.0,76244,956.0,24676,,14808,222.0,560170,80962
2021-01-06,23:00:00,20:59:00,85,Libya,6919164,102880,424.0,1546,10.0,77435,1191.0,23899,,14869,223.0,563239,81403
2021-01-07,23:00:00,20:59:00,85,Libya,6919419,103515,635.0,1558,12.0,78268,833.0,23689,,14960,225.0,566709,81901
