Date,Scrap_time,Update_time_GMT,Country_id,Country,Population,TotalCases,NewCases,TotalDeaths,NewDeaths,TotalRecovered,NewRecovered,ActiveCases,SeriousCritical,Tot_Cases_1Mpop,Deaths_1Mpop,TotalTests,Tests_1Mpop
2020-08-02,20:00:00,,191,Liechtenstein,38138,88,,1,,85,,2,,2307,26.0,900,23599
2020-08-08,20:00:00,,191,Liechtenstein,38139,89,1.0,1,0.0,85,0.0,3,,2334,26.0,900,23598
2020-08-12,20:00:00,,191,Liechtenstein,38141,89,0.0,1,0.0,87,2.0,1,,2333,26.0,900,23597
2020-08-16,20:00:00,,191,Liechtenstein,38142,91,2.0,1,0.0,87,0.0,3,,2386,26.0,900,23596
2020-08-17,20:00:00,,191,Liechtenstein,38142,94,3.0,1,0.0,87,0.0,6,,2464,26.0,900,23596
2020-08-18,20:00:00,,191,Liechtenstein,38142,97,3.0,1,0.0,88,1.0,8,,2543,26.0,900,23596
2020-08-19,20:00:00,,191,Liechtenstein,38143,98,1.0,1,0.0,88,0.0,9,,2569,26.0,900,23595
2020-08-20,17:53:00,,191,Liechtenstein,38143,99,1.0,1,0.0,88,0.0,10,,2595,26.0,900,23595
2020-08-23,21:09:00,,191,Liechtenstein,38144,99,0.0,1,0.0,88,0.0,10,,2595,26.0,900,23595
2020-08-24,17:10:00,,191,Liechtenstein,38144,100,1.0,1,0.0,90,2.0,9,,2622,26.0,900,23595
2020-08-25,23:00:00,,191,Liechtenstein,38145,102,2.0,1,0.0,94,4.0,7,,2674,26.0,900,23594
2020-08-26,22:59:00,,191,Liechtenstein,38145,102,0.0,1,0.0,94,0.0,7,,2674,26.0,900,23594
2020-08-27,23:00:00,,191,Liechtenstein,38145,105,3.0,1,0.0,96,2.0,8,,2753,26.0,900,23594
2020-08-28,23:01:00,,191,Liechtenstein,38145,106,1.0,1,0.0,96,0.0,9,,2779,26.0,900,23594
2020-08-29,12:29:00,,191,Liechtenstein,38146,106,0.0,1,0.0,96,0.0,9,,2779,26.0,900,23594
2020-08-30,23:00:00,,191,Liechtenstein,38146,107,1.0,1,0.0,97,1.0,9,,2805,26.0,900,23594
2020-08-31,18:58:00,,191,Liechtenstein,38146,107,0.0,1,0.0,97,0.0,9,,2805,26.0,900,23594
2020-09-01,23:00:00,,191,Liechtenstein,38147,107,0.0,1,0.0,97,0.0,9,,2805,26.0,900,23593
2020-09-02,23:01:00,,191,Liechtenstein,38147,107,0.0,1,0.0,97,0.0,9,,2805,26.0,900,23593
2020-09-03,23:01:00,,191,Liechtenstein,38147,107,0.0,1,0.0,97,0.0,9,,2805,26.0,900,23593
2020-09-04,07:01:00,,191,Liechtenstein,38148,107,0.0,1,0.0,97,0.0,9,,2805,26.0,900,23592
2020-09-05,23:31:00,,191,Liechtenstein,38148,107,0.0,1,0.0,97,0.0,9,,2805,26.0,900,23592
2020-09-06,18:30:00,,191,Liechtenstein,38148,107,0.0,1,0.0,97,0.0,9,,2805,26.0,900,23592
2020-09-07,23:39:00,,191,Liechtenstein,38148,107,0.0,1,0.0,97,0.0,9,,2805,26.0,900,23592
2020-09-08,22:10:00,,191,Liechtenstein,38149,107,0.0,1,0.0,97,0.0,9,,2805,26.0,900,23592
2020-09-10,22:01:00,,191,Liechtenstein,38149,109,2.0,1,0.0,105,8.0,3,,2857,26.0,900,23592
2020-09-11,22:00:00,,191,Liechtenstein,38150,109,0.0,1,0.0,105,0.0,3,,2857,26.0,900,23591
2020-09-12,22:22:00,,191,Liechtenstein,38150,111,2.0,1,0.0,105,0.0,5,,2910,26.0,900,23591
2020-09-13,22:01:00,,191,Liechtenstein,38150,111,0.0,1,0.0,105,0.0,5,,2910,26.0,900,23591
2020-09-14,22:04:00,,191,Liechtenstein,38151,111,0.0,1,0.0,105,0.0,5,,2909,26.0,900,23590
2020-09-15,21:00:00,,191,Liechtenstein,38151,111,0.0,1,0.0,105,0.0,5,,2909,26.0,900,23590
2020-09-16,21:01:00,,191,Liechtenstein,38151,111,0.0,1,0.0,105,0.0,5,,2909,26.0,900,23590
2020-09-18,20:01:00,,191,Liechtenstein,38152,112,1.0,1,0.0,108,3.0,3,,2936,26.0,900,23590
2020-09-19,21:00:00,,191,Liechtenstein,38152,113,1.0,1,0.0,109,1.0,3,,2962,26.0,900,23590
2020-09-20,22:31:00,,191,Liechtenstein,38152,113,0.0,1,0.0,109,0.0,3,,2962,26.0,900,23590
2020-09-21,21:01:00,,191,Liechtenstein,38153,114,1.0,1,0.0,110,1.0,3,,2988,26.0,900,23589
2020-09-22,21:01:00,,191,Liechtenstein,38153,115,1.0,1,0.0,110,0.0,4,,3014,26.0,900,23589
2020-09-23,19:58:00,,191,Liechtenstein,38153,116,1.0,1,0.0,110,0.0,5,,3040,26.0,900,23589
2020-09-24,21:00:00,,191,Liechtenstein,38153,116,0.0,1,0.0,110,0.0,5,,3040,26.0,900,23589
2020-09-25,21:00:00,,191,Liechtenstein,38154,116,0.0,1,0.0,110,0.0,5,,3040,26.0,900,23589
2020-09-26,21:00:00,,191,Liechtenstein,38154,117,1.0,1,0.0,110,0.0,6,,3067,26.0,900,23589
2020-09-27,22:45:00,,191,Liechtenstein,38154,117,0.0,1,0.0,110,0.0,6,,3067,26.0,900,23589
2020-09-28,22:00:00,,191,Liechtenstein,38155,117,0.0,1,0.0,110,0.0,6,,3066,26.0,900,23588
2020-09-29,21:35:00,,191,Liechtenstein,38155,118,1.0,1,0.0,113,3.0,4,,3093,26.0,900,23588
2020-09-30,22:00:00,,191,Liechtenstein,38155,118,0.0,1,0.0,113,0.0,4,,3093,26.0,900,23588
2020-10-01,21:31:00,,191,Liechtenstein,38156,119,1.0,1,0.0,114,1.0,4,,3119,26.0,900,23587
2020-10-02,22:36:00,,191,Liechtenstein,38156,120,1.0,1,0.0,116,2.0,3,,3145,26.0,900,23587
2020-10-03,22:24:00,,191,Liechtenstein,38156,123,3.0,1,0.0,116,0.0,6,,3224,26.0,900,23587
2020-10-04,21:01:00,,191,Liechtenstein,38156,126,3.0,1,0.0,116,0.0,9,,3302,26.0,900,23587
2020-10-05,22:13:00,,191,Liechtenstein,38157,127,1.0,1,0.0,116,0.0,10,,3328,26.0,900,23587
2020-10-06,23:01:00,,191,Liechtenstein,38157,130,3.0,1,0.0,116,0.0,13,,3407,26.0,900,23587
2020-10-07,23:01:00,,191,Liechtenstein,38157,131,1.0,1,0.0,116,0.0,14,,3433,26.0,900,23587
2020-10-08,23:59:00,,191,Liechtenstein,38158,135,4.0,1,0.0,117,1.0,17,,3538,26.0,900,23586
2020-10-09,23:00:00,,191,Liechtenstein,38158,137,2.0,1,0.0,117,0.0,19,,3590,26.0,900,23586
2020-10-10,23:00:00,,191,Liechtenstein,38158,142,5.0,1,0.0,117,0.0,24,,3721,26.0,900,23586
2020-10-12,23:10:00,,191,Liechtenstein,38159,148,6.0,1,0.0,124,7.0,23,,3879,26.0,900,23586
2020-10-13,23:01:00,,191,Liechtenstein,38159,163,15.0,1,0.0,128,4.0,34,,4272,26.0,900,23586
2020-10-14,23:01:00,,191,Liechtenstein,38159,174,11.0,1,0.0,131,3.0,42,,4560,26.0,2200,57654
2020-10-15,14:09:00,11:06:00,191,Liechtenstein,38160,174,0.0,1,0.0,131,0.0,42,,4560,26.0,2200,57652
2020-10-16,22:08:00,19:06:00,191,Liechtenstein,38160,192,18.0,1,0.0,132,1.0,59,3.0,5031,26.0,2200,57652
2020-10-17,23:01:00,19:58:00,191,Liechtenstein,38160,217,25.0,1,0.0,132,0.0,84,3.0,5687,26.0,2200,57652
2020-10-18,22:05:00,19:03:00,191,Liechtenstein,38161,224,7.0,1,0.0,132,0.0,91,3.0,5870,26.0,2200,57650
2020-10-19,22:05:00,18:59:00,191,Liechtenstein,38161,224,0.0,1,0.0,142,10.0,81,6.0,5870,26.0,2200,57650
2020-10-20,22:05:00,19:04:00,191,Liechtenstein,38161,235,11.0,1,0.0,142,0.0,92,6.0,6158,26.0,2200,57650
2020-10-21,22:05:00,19:03:00,191,Liechtenstein,38162,252,17.0,1,0.0,145,3.0,106,6.0,6603,26.0,2200,57649
2020-10-22,22:05:00,19:04:00,191,Liechtenstein,38162,282,30.0,1,0.0,158,13.0,123,5.0,7390,26.0,2200,57649
2020-10-23,22:05:00,19:02:00,191,Liechtenstein,38162,324,42.0,1,0.0,170,12.0,153,8.0,8490,26.0,2200,57649
2020-10-24,23:41:00,20:40:00,191,Liechtenstein,38162,340,16.0,1,0.0,170,0.0,169,8.0,8909,26.0,9155,239898
2020-10-25,23:00:00,20:58:00,191,Liechtenstein,38163,365,25.0,1,0.0,170,0.0,194,8.0,9564,26.0,9155,239892
2020-10-26,23:00:00,20:56:00,191,Liechtenstein,38163,402,37.0,1,0.0,210,40.0,191,8.0,10534,26.0,9155,239892
2020-10-27,23:00:00,20:58:00,191,Liechtenstein,38163,428,26.0,1,0.0,210,0.0,217,8.0,11215,26.0,9155,239892
2020-10-28,23:00:00,20:58:00,191,Liechtenstein,38164,450,22.0,1,0.0,228,18.0,221,8.0,11791,26.0,9155,239886
2020-10-29,23:00:00,20:57:00,191,Liechtenstein,38164,476,26.0,1,0.0,265,37.0,210,12.0,12472,26.0,9155,239886
2020-10-30,23:00:00,20:58:00,191,Liechtenstein,38164,513,37.0,2,1.0,347,82.0,164,15.0,13442,52.0,9155,239886
2020-10-31,23:00:00,20:59:00,191,Liechtenstein,38165,533,20.0,3,1.0,347,0.0,183,15.0,13966,79.0,9155,239879
2020-11-01,23:00:00,20:59:00,191,Liechtenstein,38165,551,18.0,3,0.0,347,0.0,201,15.0,14437,79.0,9155,239879
2020-11-02,23:00:00,20:57:00,191,Liechtenstein,38165,598,47.0,3,0.0,355,8.0,240,16.0,15669,79.0,9155,239879
2020-11-03,23:00:00,20:59:00,191,Liechtenstein,38165,631,33.0,3,0.0,379,24.0,249,12.0,16533,79.0,9155,239879
2020-11-04,23:00:00,20:57:00,191,Liechtenstein,38166,659,28.0,3,0.0,423,44.0,233,13.0,17267,79.0,9155,239873
2020-11-05,23:00:00,20:59:00,191,Liechtenstein,38166,692,33.0,3,0.0,454,31.0,235,14.0,18131,79.0,9155,239873
2020-11-06,23:00:00,20:58:00,191,Liechtenstein,38166,741,49.0,3,0.0,481,27.0,257,15.0,19415,79.0,9155,239873
2020-11-07,23:00:00,20:57:00,191,Liechtenstein,38167,765,24.0,3,0.0,481,0.0,281,15.0,20043,79.0,9155,239867
2020-11-08,23:00:00,20:49:00,191,Liechtenstein,38167,788,23.0,3,0.0,481,0.0,304,15.0,20646,79.0,9155,239867
2020-11-09,23:00:00,20:59:00,191,Liechtenstein,38167,801,13.0,3,0.0,565,84.0,233,15.0,20987,79.0,9155,239867
2020-11-10,23:00:00,20:59:00,191,Liechtenstein,38168,846,45.0,4,1.0,590,25.0,252,14.0,22165,105.0,9155,239861
2020-11-11,23:00:00,20:56:00,191,Liechtenstein,38168,877,31.0,4,0.0,616,26.0,257,14.0,22977,105.0,9155,239861
2020-11-12,23:00:00,20:59:00,191,Liechtenstein,38168,905,28.0,4,0.0,656,40.0,245,15.0,23711,105.0,9155,239861
2020-11-13,23:00:00,20:58:00,191,Liechtenstein,38168,928,23.0,5,1.0,682,26.0,241,12.0,24314,131.0,9155,239861
2020-11-14,23:00:00,20:57:00,191,Liechtenstein,38169,970,42.0,5,0.0,682,0.0,283,12.0,25413,131.0,9155,239854
2020-11-15,23:00:00,20:53:00,191,Liechtenstein,38169,985,15.0,5,0.0,682,0.0,298,12.0,25806,131.0,9155,239854
2020-11-16,23:00:00,20:59:00,191,Liechtenstein,38169,989,4.0,7,2.0,763,81.0,219,12.0,25911,183.0,9155,239854
2020-11-17,23:00:00,20:58:00,191,Liechtenstein,38170,1002,13.0,8,1.0,796,33.0,198,12.0,26251,210.0,9155,239848
2020-11-18,23:00:00,20:57:00,191,Liechtenstein,38170,1051,49.0,8,0.0,841,45.0,202,12.0,27535,210.0,9155,239848
2020-11-19,23:00:00,20:59:00,191,Liechtenstein,38170,1072,21.0,8,0.0,865,24.0,199,11.0,28085,210.0,9155,239848
2020-11-20,23:00:00,20:59:00,191,Liechtenstein,38170,1094,22.0,8,0.0,883,18.0,203,11.0,28661,210.0,9155,239848
2020-11-21,23:00:00,20:58:00,191,Liechtenstein,38171,1109,15.0,8,0.0,883,0.0,218,11.0,29053,210.0,9155,239842
2020-11-22,23:00:00,20:59:00,191,Liechtenstein,38171,1112,3.0,8,0.0,883,0.0,221,11.0,29132,210.0,9155,239842
2020-11-23,23:00:00,20:58:00,191,Liechtenstein,38171,1156,44.0,12,4.0,952,69.0,192,13.0,30285,314.0,9155,239842
2020-11-24,23:00:00,20:57:00,191,Liechtenstein,38172,1158,2.0,13,1.0,952,0.0,193,13.0,30336,341.0,13811,361810
2020-11-25,23:00:00,20:58:00,191,Liechtenstein,38172,1183,25.0,14,1.0,985,33.0,184,12.0,30991,367.0,14040,367809
2020-11-26,23:00:00,20:47:00,191,Liechtenstein,38172,1208,25.0,14,0.0,1010,25.0,184,12.0,31646,367.0,14040,367809
2020-11-27,23:00:00,20:59:00,191,Liechtenstein,38173,1231,23.0,15,1.0,1024,14.0,192,12.0,32248,393.0,14040,367799
2020-11-28,23:00:00,20:46:00,191,Liechtenstein,38173,1253,22.0,15,0.0,1024,0.0,214,12.0,32824,393.0,14040,367799
2020-11-29,23:00:00,20:51:00,191,Liechtenstein,38173,1253,0.0,15,0.0,1024,0.0,214,12.0,32824,393.0,14040,367799
2020-11-30,23:00:00,20:57:00,191,Liechtenstein,38173,1270,17.0,16,1.0,1088,64.0,166,11.0,33270,419.0,14040,367799
2020-12-01,23:00:00,20:55:00,191,Liechtenstein,38174,1286,16.0,16,0.0,1110,22.0,160,11.0,33688,419.0,14040,367790
2020-12-02,23:00:00,20:58:00,191,Liechtenstein,38174,1318,32.0,16,0.0,1149,39.0,153,11.0,34526,419.0,14040,367790
2020-12-03,23:00:00,20:59:00,191,Liechtenstein,38174,1339,21.0,17,1.0,1169,20.0,153,15.0,35076,445.0,14040,367790
2020-12-04,23:00:00,20:57:00,191,Liechtenstein,38175,1351,12.0,17,0.0,1183,14.0,151,16.0,35390,445.0,14040,367780
2020-12-05,23:00:00,20:58:00,191,Liechtenstein,38175,1378,27.0,17,0.0,1183,0.0,178,16.0,36097,445.0,15235,399083
2020-12-06,23:00:00,20:51:00,191,Liechtenstein,38175,1396,18.0,17,0.0,1183,0.0,196,16.0,36568,445.0,15235,399083
2020-12-07,23:00:00,20:57:00,191,Liechtenstein,38176,1397,1.0,19,2.0,1235,52.0,143,21.0,36594,498.0,15235,399073
2020-12-08,23:00:00,20:59:00,191,Liechtenstein,38176,1404,7.0,19,0.0,1235,0.0,150,21.0,36777,498.0,15544,407167
2020-12-09,23:00:00,20:59:00,191,Liechtenstein,38176,1432,28.0,19,0.0,1270,35.0,143,20.0,37510,498.0,15735,412170
2020-12-10,23:00:00,20:59:00,191,Liechtenstein,38176,1441,9.0,19,0.0,1282,12.0,140,20.0,37746,498.0,15808,414082
2020-12-11,23:00:00,20:59:00,191,Liechtenstein,38177,1466,25.0,20,1.0,1296,14.0,150,21.0,38400,524.0,15808,414071
2020-12-12,23:00:00,20:58:00,191,Liechtenstein,38177,1482,16.0,20,0.0,1296,0.0,166,21.0,38819,524.0,15808,414071
2020-12-13,23:00:00,20:59:00,191,Liechtenstein,38177,1514,32.0,20,0.0,1296,0.0,198,21.0,39657,524.0,15808,414071
2020-12-14,23:35:00,21:34:00,191,Liechtenstein,38178,1566,52.0,20,0.0,1351,55.0,195,16.0,41018,524.0,16453,430955
2020-12-15,23:00:00,20:59:00,191,Liechtenstein,38178,1579,13.0,21,1.0,1366,15.0,192,17.0,41359,550.0,16453,430955
2020-12-16,23:00:00,20:58:00,191,Liechtenstein,38178,1600,21.0,21,0.0,1377,11.0,202,16.0,41909,550.0,16453,430955
2020-12-17,23:00:00,20:56:00,191,Liechtenstein,38179,1635,35.0,21,0.0,1395,18.0,219,16.0,42825,550.0,16453,430944
2020-12-18,23:00:00,20:57:00,191,Liechtenstein,38179,1676,41.0,23,2.0,1424,29.0,229,16.0,43898,602.0,16453,430944
2020-12-19,23:59:00,22:11:00,191,Liechtenstein,38179,1711,35.0,25,2.0,1424,0.0,262,16.0,44815,655.0,16453,430944
2020-12-20,23:00:00,20:54:00,191,Liechtenstein,38179,1758,47.0,25,0.0,1424,0.0,309,16.0,46046,655.0,16453,430944
2020-12-21,23:00:00,20:59:00,191,Liechtenstein,38180,1784,26.0,27,2.0,1507,83.0,250,15.0,46726,707.0,17794,466056
2020-12-22,23:00:00,20:59:00,191,Liechtenstein,38180,1826,42.0,28,1.0,1542,35.0,256,17.0,47826,733.0,17794,466056
2020-12-23,23:00:00,20:58:00,191,Liechtenstein,38180,1858,32.0,30,2.0,1591,49.0,237,19.0,48664,786.0,17794,466056
2020-12-24,23:00:00,20:55:00,191,Liechtenstein,38181,1920,62.0,30,0.0,1591,0.0,299,19.0,50287,786.0,17794,466043
2020-12-25,23:00:00,20:59:00,191,Liechtenstein,38181,1980,60.0,30,0.0,1591,0.0,359,19.0,51858,786.0,17794,466043
2020-12-26,23:00:00,20:59:00,191,Liechtenstein,38181,2000,20.0,31,1.0,1591,0.0,378,19.0,52382,812.0,17794,466043
2020-12-27,23:00:00,20:56:00,191,Liechtenstein,38182,2018,18.0,31,0.0,1591,0.0,396,19.0,52852,812.0,17794,466031
2020-12-28,23:00:00,20:58:00,191,Liechtenstein,38182,2038,20.0,35,4.0,1734,143.0,269,24.0,53376,917.0,17794,466031
2020-12-29,23:00:00,20:54:00,191,Liechtenstein,38182,2069,31.0,38,3.0,1764,30.0,267,21.0,54188,995.0,17794,466031
2020-12-30,23:00:00,20:54:00,191,Liechtenstein,38182,2104,35.0,39,1.0,1810,46.0,255,16.0,55104,1021.0,17794,466031
2020-12-31,23:00:00,20:44:00,191,Liechtenstein,38183,2136,32.0,39,0.0,1810,0.0,287,16.0,55941,1021.0,17794,466019
2021-01-01,23:00:00,20:54:00,191,Liechtenstein,38183,2175,39.0,39,0.0,1810,0.0,326,16.0,56963,1021.0,20649,540790
2021-01-02,23:00:00,20:56:00,191,Liechtenstein,38183,2202,27.0,39,0.0,1810,0.0,353,16.0,57670,1021.0,20649,540790
2021-01-03,23:00:00,20:59:00,191,Liechtenstein,38184,2222,20.0,39,0.0,1810,0.0,373,16.0,58192,1021.0,20649,540776
2021-01-04,23:00:00,20:57:00,191,Liechtenstein,38184,2224,2.0,41,2.0,1979,169.0,204,13.0,58244,1074.0,20649,540776
2021-01-05,23:00:00,20:51:00,191,Liechtenstein,38184,2246,22.0,45,4.0,2005,26.0,196,16.0,58820,1179.0,20649,540776
