scrap_date,scrap_time,update date,update time-GMT,Country_id,Country,Population,TotalCases,NewCases,TotalDeaths,NewDeaths,TotalRecovered,NewRecovered,ActiveCases,"Serious,Critical",Tot_Cases_1M_pop,Deaths/1M pop,TotalTests,Tests_1M_pop,Continent_id
2020-08-02,20:00:00,2020-08-02,,191,Liechtenstein,38138,88,,1,,85,,2,,2307,26.0,900,23599,4
2020-08-08,20:00:00,2020-08-08,,191,Liechtenstein,38139,89,,1,,85,,3,,2334,26.0,900,23598,4
2020-08-12,20:00:00,2020-08-12,,191,Liechtenstein,38141,89,,1,,87,,1,,2333,26.0,900,23597,4
2020-08-16,20:00:00,2020-08-16,,191,Liechtenstein,38142,91,,1,,87,,3,,2386,26.0,900,23596,4
2020-08-17,20:00:00,2020-08-17,,191,Liechtenstein,38142,94,3.0,1,,87,,6,,2464,26.0,900,23596,4
2020-08-18,20:00:00,2020-08-18,,191,Liechtenstein,38142,97,3.0,1,,88,1.0,8,,2543,26.0,900,23596,4
2020-08-19,20:00:00,2020-08-19,,191,Liechtenstein,38143,98,1.0,1,,88,,9,,2569,26.0,900,23595,4
2020-08-20,17:53:00,2020-08-20,,191,Liechtenstein,38143,99,1.0,1,,88,,10,,2595,26.0,900,23595,4
2020-08-23,21:09:00,2020-08-23,,191,Liechtenstein,38144,99,,1,,88,,10,,2595,26.0,900,23595,4
2020-08-24,17:10:00,2020-08-24,,191,Liechtenstein,38144,100,1.0,1,,90,2.0,9,,2622,26.0,900,23595,4
2020-08-25,23:00:00,2020-08-25,,191,Liechtenstein,38145,102,2.0,1,,94,4.0,7,,2674,26.0,900,23594,4
2020-08-26,22:59:00,2020-08-26,,191,Liechtenstein,38145,102,,1,,94,,7,,2674,26.0,900,23594,4
2020-08-27,23:00:00,2020-08-27,,191,Liechtenstein,38145,105,3.0,1,,96,2.0,8,,2753,26.0,900,23594,4
2020-08-28,23:01:00,2020-08-28,,191,Liechtenstein,38145,106,1.0,1,,96,,9,,2779,26.0,900,23594,4
2020-08-29,12:29:00,2020-08-29,,191,Liechtenstein,38146,106,,1,,96,,9,,2779,26.0,900,23594,4
2020-08-30,23:00:00,2020-08-30,,191,Liechtenstein,38146,107,,1,,97,,9,,2805,26.0,900,23594,4
2020-08-31,18:58:00,2020-08-31,,191,Liechtenstein,38146,107,,1,,97,,9,,2805,26.0,900,23594,4
2020-09-01,23:00:00,2020-09-01,,191,Liechtenstein,38147,107,,1,,97,,9,,2805,26.0,900,23593,4
2020-09-02,23:01:00,2020-09-02,,191,Liechtenstein,38147,107,,1,,97,,9,,2805,26.0,900,23593,4
2020-09-03,23:01:00,2020-09-03,,191,Liechtenstein,38147,107,,1,,97,,9,,2805,26.0,900,23593,4
2020-09-04,07:01:00,2020-09-04,,191,Liechtenstein,38148,107,,1,,97,,9,,2805,26.0,900,23592,4
2020-09-05,23:31:00,2020-09-05,,191,Liechtenstein,38148,107,,1,,97,,9,,2805,26.0,900,23592,4
2020-09-06,18:30:00,2020-09-06,,191,Liechtenstein,38148,107,,1,,97,,9,,2805,26.0,900,23592,4
2020-09-07,23:39:00,2020-09-07,,191,Liechtenstein,38148,107,,1,,97,,9,,2805,26.0,900,23592,4
2020-09-08,22:10:00,2020-09-08,,191,Liechtenstein,38149,107,,1,,97,,9,,2805,26.0,900,23592,4
2020-09-10,22:01:00,2020-09-10,,191,Liechtenstein,38149,109,1.0,1,,105,,3,,2857,26.0,900,23592,4
2020-09-11,22:00:00,2020-09-11,,191,Liechtenstein,38150,109,,1,,105,,3,,2857,26.0,900,23591,4
2020-09-12,22:22:00,2020-09-12,,191,Liechtenstein,38150,111,2.0,1,,105,,5,,2910,26.0,900,23591,4
2020-09-13,22:01:00,2020-09-13,,191,Liechtenstein,38150,111,,1,,105,,5,,2910,26.0,900,23591,4
2020-09-14,22:04:00,2020-09-14,,191,Liechtenstein,38151,111,,1,,105,,5,,2909,26.0,900,23590,4
2020-09-15,21:00:00,2020-09-15,,191,Liechtenstein,38151,111,,1,,105,,5,,2909,26.0,900,23590,4
2020-09-16,21:01:00,2020-09-16,,191,Liechtenstein,38151,111,,1,,105,,5,,2909,26.0,900,23590,4
2020-09-18,20:01:00,2020-09-18,,191,Liechtenstein,38152,112,,1,,108,,3,,2936,26.0,900,23590,4
2020-09-19,21:00:00,2020-09-19,,191,Liechtenstein,38152,113,1.0,1,,109,1.0,3,,2962,26.0,900,23590,4
2020-09-20,22:31:00,2020-09-20,,191,Liechtenstein,38152,113,,1,,109,,3,,2962,26.0,900,23590,4
2020-09-21,21:01:00,2020-09-21,,191,Liechtenstein,38153,114,1.0,1,,110,1.0,3,,2988,26.0,900,23589,4
2020-09-22,21:01:00,2020-09-22,,191,Liechtenstein,38153,115,1.0,1,,110,,4,,3014,26.0,900,23589,4
2020-09-23,19:58:00,2020-09-23,,191,Liechtenstein,38153,116,1.0,1,,110,,5,,3040,26.0,900,23589,4
2020-09-24,21:00:00,2020-09-24,,191,Liechtenstein,38153,116,,1,,110,,5,,3040,26.0,900,23589,4
2020-09-25,21:00:00,2020-09-25,,191,Liechtenstein,38154,116,,1,,110,,5,,3040,26.0,900,23589,4
2020-09-26,21:00:00,2020-09-26,,191,Liechtenstein,38154,117,,1,,110,,6,,3067,26.0,900,23589,4
2020-09-27,22:45:00,2020-09-27,,191,Liechtenstein,38154,117,,1,,110,,6,,3067,26.0,900,23589,4
2020-09-28,22:00:00,2020-09-28,,191,Liechtenstein,38155,117,,1,,110,,6,,3066,26.0,900,23588,4
2020-09-29,21:35:00,2020-09-29,,191,Liechtenstein,38155,118,1.0,1,,113,3.0,4,,3093,26.0,900,23588,4
2020-09-30,22:00:00,2020-09-30,,191,Liechtenstein,38155,118,,1,,113,,4,,3093,26.0,900,23588,4
2020-10-01,21:31:00,2020-10-01,,191,Liechtenstein,38156,119,1.0,1,,114,1.0,4,,3119,26.0,900,23587,4
2020-10-02,22:36:00,2020-10-02,,191,Liechtenstein,38156,120,1.0,1,,116,2.0,3,,3145,26.0,900,23587,4
2020-10-03,22:24:00,2020-10-03,,191,Liechtenstein,38156,123,3.0,1,,116,,6,,3224,26.0,900,23587,4
2020-10-04,21:01:00,2020-10-04,,191,Liechtenstein,38156,126,3.0,1,,116,,9,,3302,26.0,900,23587,4
2020-10-05,22:13:00,2020-10-05,,191,Liechtenstein,38157,127,1.0,1,,116,,10,,3328,26.0,900,23587,4
2020-10-06,23:01:00,2020-10-06,,191,Liechtenstein,38157,130,3.0,1,,116,,13,,3407,26.0,900,23587,4
2020-10-07,23:01:00,2020-10-07,,191,Liechtenstein,38157,131,1.0,1,,116,,14,,3433,26.0,900,23587,4
2020-10-08,23:59:00,2020-10-08,,191,Liechtenstein,38158,135,4.0,1,,117,1.0,17,,3538,26.0,900,23586,4
2020-10-09,23:00:00,2020-10-09,,191,Liechtenstein,38158,137,2.0,1,,117,,19,,3590,26.0,900,23586,4
2020-10-10,23:00:00,2020-10-10,,191,Liechtenstein,38158,142,3.0,1,,117,,24,,3721,26.0,900,23586,4
2020-10-12,23:10:00,2020-10-12,,191,Liechtenstein,38159,148,,1,,124,,23,,3879,26.0,900,23586,4
2020-10-13,23:01:00,2020-10-13,,191,Liechtenstein,38159,163,15.0,1,,128,4.0,34,,4272,26.0,900,23586,4
2020-10-14,23:01:00,2020-10-14,,191,Liechtenstein,38159,174,11.0,1,,131,3.0,42,,4560,26.0,2200,57654,4
2020-10-15,14:09:00,2020-10-15,11:06:00,191,Liechtenstein,38160,174,,1,,131,,42,,4560,26.0,2200,57652,4
2020-10-16,22:08:00,2020-10-16,19:06:00,191,Liechtenstein,38160,192,9.0,1,,132,1.0,59,3.0,5031,26.0,2200,57652,4
2020-10-17,23:01:00,2020-10-17,19:58:00,191,Liechtenstein,38160,217,25.0,1,,132,,84,3.0,5687,26.0,2200,57652,4
2020-10-18,14:32:00,2020-10-18,11:25:00,191,Liechtenstein,38161,217,,1,,132,,84,3.0,5686,26.0,2200,57650,4
