Date,Scrap_time,Update_time_GMT,Country_id,Country,Population,TotalCases,NewCases,TotalDeaths,NewDeaths,TotalRecovered,NewRecovered,ActiveCases,SeriousCritical,Tot_Cases_1Mpop,Deaths_1Mpop,TotalTests,Tests_1Mpop
2020-08-02,20:00:00,,125,Lithuania,2718636,2110,,80,,1644,,386,6.0,776,29.0,526339,193604
2020-08-08,20:00:00,,125,Lithuania,2718018,2231,121.0,81,1.0,1668,24.0,482,6.0,821,30.0,550176,202418
2020-08-12,20:00:00,,125,Lithuania,2717606,2309,78.0,81,0.0,1683,15.0,545,6.0,850,30.0,561555,206636
2020-08-16,20:00:00,,125,Lithuania,2717194,2416,107.0,81,0.0,1704,21.0,631,6.0,889,30.0,578700,212977
2020-08-17,20:00:00,,125,Lithuania,2717091,2436,20.0,81,0.0,1705,1.0,650,6.0,897,30.0,580453,213630
2020-08-18,20:00:00,,125,Lithuania,2716988,2474,38.0,81,0.0,1733,28.0,660,6.0,911,30.0,584641,215180
2020-08-19,20:00:00,,125,Lithuania,2716885,2496,22.0,81,0.0,1739,6.0,676,6.0,919,30.0,589505,216978
2020-08-20,17:53:00,,125,Lithuania,2716782,2528,32.0,82,1.0,1747,8.0,699,6.0,931,30.0,594478,218817
2020-08-23,21:09:00,,125,Lithuania,2716473,2635,107.0,84,2.0,1766,19.0,785,6.0,970,31.0,607132,223500
2020-08-24,17:10:00,,125,Lithuania,2716370,2673,38.0,85,1.0,1766,0.0,822,6.0,984,31.0,608767,224110
2020-08-25,23:00:00,,125,Lithuania,2716267,2694,21.0,85,0.0,1785,19.0,824,5.0,992,31.0,613324,225797
2020-08-26,22:59:00,,125,Lithuania,2716164,2726,32.0,85,0.0,1794,9.0,847,5.0,1004,31.0,618405,227676
2020-08-27,23:00:00,,125,Lithuania,2716061,2762,36.0,85,0.0,1802,8.0,875,5.0,1017,31.0,623841,229686
2020-08-28,23:01:00,,125,Lithuania,2715958,2810,48.0,86,1.0,1816,14.0,908,5.0,1035,32.0,629443,231757
2020-08-29,12:29:00,,125,Lithuania,2715855,2839,29.0,86,0.0,1833,17.0,920,5.0,1045,32.0,634751,233721
2020-08-30,23:00:00,,125,Lithuania,2715752,2874,35.0,86,0.0,1837,4.0,951,5.0,1058,32.0,637509,234745
2020-08-31,18:58:00,,125,Lithuania,2715649,2906,32.0,86,0.0,1840,3.0,980,5.0,1070,32.0,639044,235319
2020-09-01,23:00:00,,125,Lithuania,2715546,2929,23.0,86,0.0,1857,17.0,986,5.0,1079,32.0,643704,237044
2020-09-02,23:01:00,,125,Lithuania,2715443,2958,29.0,86,0.0,1874,17.0,998,5.0,1089,32.0,648863,238953
2020-09-03,23:01:00,,125,Lithuania,2715340,2978,20.0,86,0.0,1901,27.0,991,,1097,32.0,653744,240760
2020-09-04,07:01:00,,125,Lithuania,2715237,2978,0.0,86,0.0,1901,0.0,991,,1097,32.0,653744,240769
2020-09-05,23:31:00,,125,Lithuania,2715134,3040,62.0,86,0.0,1952,51.0,1002,,1120,32.0,663899,244518
2020-09-06,18:30:00,,125,Lithuania,2715031,3083,43.0,86,0.0,1954,2.0,1043,,1136,32.0,663899,244527
2020-09-07,23:39:00,,125,Lithuania,2714928,3100,17.0,86,0.0,1955,1.0,1059,,1142,32.0,666930,245653
2020-09-08,22:10:00,,125,Lithuania,2714825,3131,31.0,86,0.0,1994,39.0,1051,,1153,32.0,666930,245662
2020-09-10,22:01:00,,125,Lithuania,2714619,3199,68.0,86,0.0,2030,36.0,1083,,1178,32.0,682097,251268
2020-09-11,22:00:00,,125,Lithuania,2714516,3243,44.0,86,0.0,2049,19.0,1108,,1195,32.0,687118,253127
2020-09-12,22:22:00,,125,Lithuania,2714413,3296,53.0,86,0.0,2070,21.0,1140,,1214,32.0,692223,255018
2020-09-13,22:01:00,,125,Lithuania,2714310,3335,39.0,87,1.0,2070,0.0,1178,,1229,32.0,694139,255733
2020-09-14,22:04:00,,125,Lithuania,2714207,3386,51.0,87,0.0,2071,1.0,1228,,1248,32.0,695521,256252
2020-09-15,21:00:00,,125,Lithuania,2714104,3397,11.0,87,0.0,2094,23.0,1216,,1252,32.0,700140,257964
2020-09-16,21:01:00,,125,Lithuania,2714001,3442,45.0,87,0.0,2125,31.0,1230,,1268,32.0,706219,260213
2020-09-18,20:01:00,,125,Lithuania,2713795,3565,123.0,87,0.0,2181,56.0,1297,,1314,32.0,716972,264195
2020-09-19,21:00:00,,125,Lithuania,2713692,3664,99.0,87,0.0,2197,16.0,1380,,1350,32.0,722897,266389
2020-09-20,22:31:00,,125,Lithuania,2713589,3744,80.0,87,0.0,2198,1.0,1459,,1380,32.0,725127,267221
2020-09-21,21:01:00,,125,Lithuania,2713486,3814,70.0,87,0.0,2199,1.0,1528,,1406,32.0,726496,267735
2020-09-22,21:01:00,,125,Lithuania,2713383,3859,45.0,87,0.0,2225,26.0,1547,,1422,32.0,731912,269741
2020-09-23,19:58:00,,125,Lithuania,2713280,3932,73.0,87,0.0,2246,21.0,1599,,1449,32.0,737561,271834
2020-09-24,21:00:00,,125,Lithuania,2713177,4070,138.0,89,2.0,2253,7.0,1728,,1500,33.0,744174,274281
2020-09-25,21:00:00,,125,Lithuania,2713074,4184,114.0,89,0.0,2298,45.0,1797,,1542,33.0,750202,276514
2020-09-26,21:00:00,,125,Lithuania,2712971,4295,111.0,89,0.0,2319,21.0,1887,,1583,33.0,757201,279104
2020-09-27,22:45:00,,125,Lithuania,2712868,4385,90.0,91,2.0,2327,8.0,1967,,1616,34.0,760251,280239
2020-09-28,22:00:00,,125,Lithuania,2712765,4490,105.0,92,1.0,2327,0.0,2071,,1655,34.0,761616,280753
2020-09-29,21:35:00,,125,Lithuania,2712663,4587,97.0,92,0.0,2349,22.0,2146,,1691,34.0,767994,283114
2020-09-30,22:00:00,,125,Lithuania,2712560,4693,106.0,92,0.0,2365,16.0,2236,,1730,34.0,774987,285703
2020-10-01,21:31:00,,125,Lithuania,2712457,4784,91.0,92,0.0,2424,59.0,2268,,1764,34.0,781960,288285
2020-10-02,22:36:00,,125,Lithuania,2712354,4956,172.0,93,1.0,2466,42.0,2397,,1827,34.0,788384,290664
2020-10-03,22:24:00,,125,Lithuania,2712251,5081,125.0,94,1.0,2494,28.0,2493,,1873,35.0,796027,293493
2020-10-04,21:01:00,,125,Lithuania,2712148,5185,104.0,94,0.0,2495,1.0,2596,,1912,35.0,799446,294765
2020-10-05,22:13:00,,125,Lithuania,2712045,5285,100.0,94,0.0,2497,2.0,2694,,1949,35.0,801362,295483
2020-10-06,23:01:00,,125,Lithuania,2711942,5366,81.0,99,5.0,2546,49.0,2721,,1979,37.0,807983,297935
2020-10-07,23:01:00,,125,Lithuania,2711839,5483,117.0,101,2.0,2600,54.0,2782,,2022,37.0,815260,300630
2020-10-08,23:59:00,,125,Lithuania,2711736,5625,142.0,102,1.0,2660,60.0,2863,,2074,38.0,815260,300641
2020-10-09,23:00:00,,125,Lithuania,2711633,5758,133.0,103,1.0,2722,62.0,2933,8.0,2123,38.0,830674,306337
2020-10-10,23:00:00,,125,Lithuania,2711530,5963,205.0,103,0.0,2751,29.0,3109,8.0,2199,38.0,838501,309235
2020-10-12,23:10:00,,125,Lithuania,2711324,6248,285.0,103,0.0,2793,42.0,3352,15.0,2304,38.0,844742,311561
2020-10-13,23:01:00,,125,Lithuania,2711221,6366,118.0,106,3.0,2842,49.0,3418,15.0,2348,39.0,852008,314253
2020-10-14,23:01:00,,125,Lithuania,2711118,6505,139.0,109,3.0,2903,61.0,3493,15.0,2399,40.0,860147,317267
2020-10-15,14:09:00,11:06:00,125,Lithuania,2711015,6760,255.0,110,1.0,2983,80.0,3667,15.0,2494,41.0,867970,320164
2020-10-16,22:08:00,19:06:00,125,Lithuania,2710912,7041,281.0,112,2.0,3035,52.0,3894,15.0,2597,41.0,876598,323359
2020-10-17,23:01:00,19:58:00,125,Lithuania,2710809,7269,228.0,113,1.0,3097,62.0,4059,15.0,2681,42.0,876598,323371
2020-10-18,22:05:00,19:03:00,125,Lithuania,2710706,7521,252.0,113,0.0,3097,0.0,4311,15.0,2775,42.0,880441,324801
2020-10-19,22:05:00,18:59:00,125,Lithuania,2710603,7726,205.0,113,0.0,3110,13.0,4503,20.0,2850,42.0,893014,329452
2020-10-20,22:05:00,19:04:00,125,Lithuania,2710500,7928,202.0,118,5.0,3276,166.0,4534,23.0,2925,44.0,905929,334229
2020-10-21,22:05:00,19:03:00,125,Lithuania,2710397,8239,311.0,120,2.0,3599,323.0,4520,21.0,3040,44.0,915546,337790
2020-10-22,22:05:00,19:04:00,125,Lithuania,2710294,8663,424.0,125,5.0,3773,174.0,4765,18.0,3196,46.0,925758,341571
2020-10-23,22:05:00,19:02:00,125,Lithuania,2710191,9104,441.0,126,1.0,3978,205.0,5000,26.0,3359,46.0,935997,345362
2020-10-24,23:41:00,20:40:00,125,Lithuania,2710088,9578,474.0,129,3.0,4015,37.0,5434,26.0,3534,48.0,946435,349227
2020-10-25,23:00:00,20:58:00,125,Lithuania,2709985,10184,606.0,134,5.0,4073,58.0,5977,26.0,3758,49.0,951701,351183
2020-10-26,23:00:00,20:56:00,125,Lithuania,2709882,10949,765.0,136,2.0,4166,93.0,6647,26.0,4040,50.0,954962,352400
2020-10-27,23:00:00,20:58:00,125,Lithuania,2709779,11362,413.0,141,5.0,4329,163.0,6892,32.0,4193,52.0,964352,355878
2020-10-28,23:00:00,20:58:00,125,Lithuania,2709676,12138,776.0,144,3.0,4502,173.0,7492,36.0,4480,53.0,975158,359880
2020-10-29,23:00:00,20:57:00,125,Lithuania,2709573,13088,950.0,150,6.0,4582,80.0,8356,34.0,4830,55.0,997860,368272
2020-10-30,23:00:00,20:58:00,125,Lithuania,2709470,13823,735.0,157,7.0,4691,109.0,8975,34.0,5102,58.0,1010596,372987
2020-10-31,23:00:00,20:59:00,125,Lithuania,2709367,14824,1001.0,165,8.0,4872,181.0,9787,35.0,5471,61.0,1020964,376828
2020-11-01,23:00:00,20:59:00,125,Lithuania,2709264,15719,895.0,166,1.0,4883,11.0,10670,35.0,5802,61.0,1027761,379351
2020-11-02,23:00:00,20:57:00,125,Lithuania,2709161,16556,837.0,170,4.0,4891,8.0,11495,35.0,6111,63.0,1033171,381362
2020-11-03,23:00:00,20:59:00,125,Lithuania,2709058,17453,897.0,175,5.0,4934,43.0,12344,35.0,6442,65.0,1038164,383220
2020-11-04,23:00:00,20:57:00,125,Lithuania,2708955,18092,639.0,182,7.0,5082,148.0,12828,51.0,6679,67.0,1050223,387686
2020-11-05,23:00:00,20:59:00,125,Lithuania,2708852,19091,999.0,186,4.0,5285,203.0,13620,57.0,7048,69.0,1064817,393088
2020-11-06,23:00:00,20:58:00,125,Lithuania,2708749,20747,1656.0,192,6.0,5454,169.0,15101,64.0,7659,71.0,1080306,398821
2020-11-07,23:00:00,20:57:00,125,Lithuania,2708646,22719,1972.0,203,11.0,5615,161.0,16901,64.0,8388,75.0,1095001,404261
2020-11-08,23:00:00,20:49:00,125,Lithuania,2708543,24699,1980.0,207,4.0,5700,85.0,18792,64.0,9119,76.0,1102171,406924
2020-11-09,23:00:00,20:59:00,125,Lithuania,2708440,25755,1056.0,210,3.0,5813,113.0,19732,64.0,9509,78.0,1106660,408597
2020-11-10,23:00:00,20:59:00,125,Lithuania,2708337,26841,1086.0,221,11.0,5962,149.0,20658,75.0,9911,82.0,1119422,413324
2020-11-11,23:00:00,20:56:00,125,Lithuania,2708234,28262,1421.0,235,14.0,6608,646.0,21419,72.0,10436,87.0,1132514,418174
2020-11-12,23:00:00,20:59:00,125,Lithuania,2708131,29812,1550.0,244,9.0,7096,488.0,22472,83.0,11008,90.0,1146969,423528
2020-11-13,23:00:00,20:58:00,125,Lithuania,2708028,31878,2066.0,253,9.0,7247,151.0,24378,87.0,11772,93.0,1162033,429107
2020-11-14,23:00:00,20:57:00,125,Lithuania,2707925,33387,1509.0,266,13.0,7697,450.0,25424,87.0,12329,98.0,1176612,434507
2020-11-15,23:00:00,20:53:00,125,Lithuania,2707822,34758,1371.0,277,11.0,7753,56.0,26728,87.0,12836,102.0,1183216,436962
2020-11-16,23:00:00,20:59:00,125,Lithuania,2707719,35911,1153.0,285,8.0,7882,129.0,27744,87.0,13262,105.0,1187674,438625
2020-11-17,23:00:00,20:58:00,125,Lithuania,2707616,36876,965.0,299,14.0,8566,684.0,28011,107.0,13619,110.0,1200154,443251
2020-11-18,23:00:00,20:57:00,125,Lithuania,2707513,38810,1934.0,323,24.0,9362,796.0,29125,107.0,14334,119.0,1212239,447732
2020-11-19,23:00:00,20:59:00,125,Lithuania,2707410,40492,1682.0,341,18.0,10008,646.0,30143,109.0,14956,126.0,1226342,452958
2020-11-20,23:00:00,20:59:00,125,Lithuania,2707307,42757,2265.0,357,16.0,10498,490.0,31902,117.0,15793,132.0,1241490,458570
2020-11-21,23:00:00,20:58:00,125,Lithuania,2707204,44740,1983.0,374,17.0,10869,371.0,33497,117.0,16526,138.0,1255623,463808
2020-11-22,23:00:00,20:59:00,125,Lithuania,2707101,47047,2307.0,386,12.0,10945,76.0,35716,117.0,17379,143.0,1263273,466652
2020-11-23,23:00:00,20:58:00,125,Lithuania,2706998,48226,1179.0,392,6.0,11032,87.0,36802,117.0,17815,145.0,1267700,468305
2020-11-24,23:00:00,20:57:00,125,Lithuania,2706895,49393,1167.0,409,17.0,11595,563.0,37389,117.0,18247,151.0,1279884,472824
2020-11-25,23:00:00,20:58:00,125,Lithuania,2706792,51655,2262.0,432,23.0,12282,687.0,38941,117.0,19083,160.0,1292581,477532
2020-11-26,23:00:00,20:47:00,125,Lithuania,2706689,53757,2102.0,449,17.0,12655,373.0,40653,117.0,19861,166.0,1303893,481730
2020-11-27,23:00:00,20:59:00,125,Lithuania,2706586,56095,2338.0,471,22.0,13514,859.0,42110,117.0,20725,174.0,1315947,486202
2020-11-28,23:00:00,20:46:00,125,Lithuania,2706483,58212,2117.0,482,11.0,14056,542.0,43674,132.0,21508,178.0,1328795,490967
2020-11-29,23:00:00,20:51:00,125,Lithuania,2706380,60193,1981.0,493,11.0,14120,64.0,45580,132.0,22241,182.0,1251462,462412
2020-11-30,23:00:00,20:57:00,125,Lithuania,2706277,61325,1132.0,506,13.0,14211,91.0,46608,132.0,22660,187.0,1256380,464247
2020-12-01,23:00:00,20:55:00,125,Lithuania,2706174,62515,1190.0,519,13.0,15077,866.0,46919,132.0,23101,192.0,1264577,467293
2020-12-02,23:00:00,20:58:00,125,Lithuania,2706071,64621,2106.0,547,28.0,25278,10201.0,38796,132.0,23880,202.0,1277043,471918
2020-12-03,23:00:00,20:59:00,125,Lithuania,2705968,67066,2445.0,564,17.0,26836,1558.0,39666,132.0,24784,208.0,1290467,476897
2020-12-04,23:00:00,20:57:00,125,Lithuania,2705865,69582,2516.0,590,26.0,27760,924.0,41232,132.0,25715,218.0,1304400,482064
2020-12-05,23:00:00,20:58:00,125,Lithuania,2705762,72430,2848.0,611,21.0,30277,2517.0,41542,132.0,26769,226.0,1317637,486974
2020-12-06,23:00:00,20:51:00,125,Lithuania,2705659,74649,2219.0,626,15.0,30390,113.0,43633,132.0,27590,231.0,1327648,490693
2020-12-07,23:00:00,20:57:00,125,Lithuania,2705556,76036,1387.0,637,11.0,30449,59.0,44950,132.0,28104,235.0,1334308,493173
2020-12-08,23:00:00,20:59:00,125,Lithuania,2705453,77426,1390.0,673,36.0,32399,1950.0,44354,161.0,28618,249.0,1343964,496761
2020-12-09,23:00:00,20:59:00,125,Lithuania,2705350,80556,3130.0,704,31.0,33708,1309.0,46144,161.0,29777,260.0,1357723,501866
2020-12-10,23:00:00,20:59:00,125,Lithuania,2705247,83883,3327.0,735,31.0,34975,1267.0,48173,173.0,31008,272.0,1372990,507529
2020-12-11,23:00:00,20:59:00,125,Lithuania,2705144,86949,3066.0,764,29.0,36168,1193.0,50017,178.0,32142,282.0,1387528,512922
2020-12-12,23:00:00,20:58:00,125,Lithuania,2705041,90252,3303.0,791,27.0,38768,2600.0,50693,178.0,33364,292.0,1403151,518717
2020-12-13,23:00:00,20:59:00,125,Lithuania,2704938,93101,2849.0,815,24.0,38893,125.0,53393,191.0,34419,301.0,1414224,522830
2020-12-14,23:35:00,21:34:00,125,Lithuania,2704835,95021,1920.0,825,10.0,38957,64.0,55239,191.0,35130,305.0,1421759,525636
2020-12-15,23:00:00,20:59:00,125,Lithuania,2704732,96452,1431.0,863,38.0,41665,2708.0,53924,180.0,35660,319.0,1430715,528967
2020-12-16,23:00:00,20:58:00,125,Lithuania,2704629,99869,3417.0,907,44.0,43379,1714.0,55583,184.0,36925,335.0,1448398,535526
2020-12-17,23:00:00,20:56:00,125,Lithuania,2704526,103028,3159.0,933,26.0,45113,1734.0,56982,184.0,38095,345.0,1461923,540547
2020-12-18,23:00:00,20:57:00,125,Lithuania,2704423,106210,3182.0,972,39.0,46560,1447.0,58678,197.0,39273,359.0,1476643,546010
2020-12-19,23:59:00,22:11:00,125,Lithuania,2704320,109429,3219.0,1005,33.0,50587,4027.0,57837,198.0,40465,372.0,1493171,552143
2020-12-20,23:00:00,20:54:00,125,Lithuania,2704217,112359,2930.0,1019,14.0,50721,134.0,60619,198.0,41550,377.0,1504085,556200
2020-12-21,23:00:00,20:59:00,125,Lithuania,2704114,114487,2128.0,1039,20.0,50863,142.0,62585,198.0,42338,384.0,1564194,578450
2020-12-22,23:00:00,20:59:00,125,Lithuania,2704011,116358,1871.0,1093,54.0,54197,3334.0,61068,198.0,43032,404.0,1572571,581570
2020-12-23,23:00:00,20:58:00,125,Lithuania,2703908,120094,3736.0,1143,50.0,55926,1729.0,63025,198.0,44415,423.0,1541668,570163
2020-12-24,23:00:00,20:55:00,125,Lithuania,2703805,123889,3795.0,1186,43.0,60559,4633.0,62144,198.0,45820,439.0,1559023,576603
2020-12-25,23:00:00,20:59:00,125,Lithuania,2703702,126581,2692.0,1205,19.0,60946,387.0,64430,193.0,46818,446.0,1570101,580723
2020-12-26,23:00:00,20:59:00,125,Lithuania,2703599,128931,2350.0,1228,23.0,61345,399.0,66358,194.0,47689,454.0,1576012,582931
2020-12-27,23:00:00,20:56:00,125,Lithuania,2703496,130598,1667.0,1254,26.0,61751,406.0,67593,199.0,48307,464.0,1582050,585187
2020-12-28,23:00:00,20:58:00,125,Lithuania,2703393,132369,1771.0,1269,15.0,62098,347.0,69002,198.0,48964,469.0,1587999,587410
2020-12-29,23:00:00,20:54:00,125,Lithuania,2703290,134285,1916.0,1347,78.0,66485,4387.0,66453,198.0,49675,498.0,1598754,591410
2020-12-30,23:00:00,20:54:00,125,Lithuania,2703187,138219,3934.0,1422,75.0,66485,0.0,70312,210.0,51132,526.0,1598754,591433
2020-12-31,23:00:00,20:44:00,125,Lithuania,2703084,140579,2360.0,1458,36.0,71028,4543.0,68093,216.0,52007,539.0,1626256,601630
2021-01-01,23:00:00,20:54:00,125,Lithuania,2702981,143903,3324.0,1589,131.0,71028,0.0,71286,216.0,53239,588.0,1639941,606716
2021-01-02,23:00:00,20:56:00,125,Lithuania,2702878,145399,1496.0,1614,25.0,76703,5675.0,67082,216.0,53794,597.0,1645018,608617
2021-01-03,23:00:00,20:59:00,125,Lithuania,2702775,146637,1238.0,1643,29.0,77362,659.0,67632,185.0,54254,608.0,1651623,611084
2021-01-04,23:00:00,20:57:00,125,Lithuania,2702672,147997,1360.0,1950,307.0,77832,470.0,68215,189.0,54760,722.0,1657248,613189
2021-01-05,23:00:00,20:51:00,125,Lithuania,2702569,149497,1500.0,1996,46.0,81630,3798.0,65871,189.0,55317,739.0,1667965,617178
2021-01-06,23:00:00,20:59:00,125,Lithuania,2702466,152215,2718.0,2036,40.0,83837,2207.0,66342,206.0,56324,753.0,1685772,623790
2021-01-07,23:00:00,20:59:00,125,Lithuania,2702363,154550,2335.0,2076,40.0,86109,2272.0,66365,199.0,57191,768.0,1700842,629391
2021-01-08,23:00:00,20:59:00,125,Lithuania,2702260,156539,1989.0,2119,43.0,87963,1854.0,66457,195.0,57929,784.0,1715301,634765
2021-01-09,23:00:00,20:55:00,125,Lithuania,2702157,158180,1641.0,2171,52.0,92212,4249.0,63797,195.0,58538,803.0,1728603,639712
2021-01-10,23:32:00,21:29:00,125,Lithuania,2702054,159672,1492.0,2197,26.0,92453,241.0,65022,180.0,59093,813.0,1738399,643362
2021-01-11,23:40:00,21:37:00,125,Lithuania,2701951,160446,774.0,2232,35.0,92608,155.0,65606,176.0,59382,826.0,1742958,645074
2021-01-12,23:52:00,21:48:00,125,Lithuania,2701848,161348,902.0,2272,40.0,95627,3019.0,63449,177.0,59718,841.0,1751038,648089
2021-01-13,23:58:00,21:57:00,125,Lithuania,2701745,163042,1694.0,2314,42.0,97336,1709.0,63392,156.0,60347,856.0,1764946,653262
2021-01-14,21:18:00,19:10:00,125,Lithuania,2701642,164414,1372.0,2346,32.0,97511,175.0,64557,156.0,60857,868.0,1777327,657869
2021-01-14,23:55:00,21:54:00,125,Lithuania,2701642,164414,0.0,2346,0.0,97511,0.0,64557,156.0,60857,868.0,1777327,657869
