Date,Scrap_time,Update_time_GMT,Country_id,Country,Population,TotalCases,NewCases,TotalDeaths,NewDeaths,TotalRecovered,NewRecovered,ActiveCases,SeriousCritical,Tot_Cases_1Mpop,Deaths_1Mpop,TotalTests,Tests_1Mpop
2020-08-02,20:00:00,,98,Luxembourg,626813,6793,,116,,5192.0,,1485.0,7.0,10837,185.0,588965,939618
2020-08-08,20:00:00,,98,Luxembourg,626980,7113,320.0,119,3.0,5848.0,656.0,1146.0,6.0,11345,190.0,631466,1007155
2020-08-12,20:00:00,,98,Luxembourg,627091,7242,129.0,122,3.0,6222.0,374.0,898.0,4.0,11549,195.0,653707,1042444
2020-08-16,20:00:00,,98,Luxembourg,627203,7439,197.0,123,1.0,6500.0,278.0,816.0,3.0,11861,196.0,682119,1087557
2020-08-17,20:00:00,,98,Luxembourg,627231,7458,19.0,123,0.0,6500.0,0.0,835.0,3.0,11890,196.0,685126,1092303
2020-08-18,20:00:00,,98,Luxembourg,627258,7469,11.0,124,1.0,6739.0,239.0,606.0,3.0,11907,198.0,685935,1093545
2020-08-19,20:00:00,,98,Luxembourg,627286,7499,30.0,124,0.0,6753.0,14.0,622.0,4.0,11955,198.0,689916,1099843
2020-08-20,17:53:00,,98,Luxembourg,627314,7566,67.0,124,0.0,6813.0,60.0,629.0,3.0,12061,198.0,696415,1110154
2020-08-23,21:09:00,,98,Luxembourg,627398,7762,196.0,124,0.0,6969.0,156.0,669.0,3.0,12372,198.0,722246,1151177
2020-08-24,17:10:00,,98,Luxembourg,627426,7775,13.0,124,0.0,6969.0,0.0,682.0,3.0,12392,198.0,724452,1154641
2020-08-25,23:00:00,,98,Luxembourg,627453,7794,19.0,124,0.0,7106.0,137.0,564.0,1.0,12422,198.0,730208,1163765
2020-08-26,22:59:00,,98,Luxembourg,627481,7838,44.0,124,0.0,7114.0,8.0,600.0,1.0,12491,198.0,733651,1169200
2020-08-27,23:00:00,,98,Luxembourg,627509,7928,90.0,124,0.0,7140.0,26.0,664.0,2.0,12634,198.0,741807,1182146
2020-08-28,23:01:00,,98,Luxembourg,627537,7928,0.0,124,0.0,7140.0,0.0,664.0,2.0,12634,198.0,741807,1182093
2020-08-29,12:29:00,,98,Luxembourg,627565,6580,-1348.0,124,0.0,7140.0,0.0,-684.0,2.0,10485,198.0,626926,998982
2020-08-30,23:00:00,,98,Luxembourg,627593,6625,45.0,124,0.0,,,,2.0,10556,198.0,633773,1009847
2020-08-31,18:58:00,,98,Luxembourg,627621,6673,48.0,124,0.0,,,,2.0,10632,198.0,640388,1020342
2020-09-01,23:00:00,,98,Luxembourg,627648,6677,4.0,124,0.0,,,,2.0,10638,198.0,641144,1021502
2020-09-02,23:01:00,,98,Luxembourg,627676,6702,25.0,124,0.0,,,,2.0,10677,198.0,646620,1030181
2020-09-03,23:01:00,,98,Luxembourg,627704,6745,43.0,124,0.0,,,,1.0,10746,198.0,655169,1043755
2020-09-04,07:01:00,,98,Luxembourg,627732,6811,66.0,124,0.0,,,,2.0,10850,198.0,664199,1058093
2020-09-05,23:31:00,,98,Luxembourg,627760,6854,43.0,124,0.0,6126.0,,604.0,,10918,198.0,671599,1069834
2020-09-06,18:30:00,,98,Luxembourg,627788,6896,42.0,124,0.0,6126.0,0.0,646.0,,10985,198.0,680797,1084438
2020-09-07,23:39:00,,98,Luxembourg,627815,6950,54.0,124,0.0,6126.0,0.0,700.0,,11070,198.0,688148,1096100
2020-09-08,22:10:00,,98,Luxembourg,627843,6960,10.0,124,0.0,6256.0,130.0,580.0,,11086,198.0,689354,1097972
2020-09-09,22:01:00,,98,Luxembourg,627871,6974,14.0,124,0.0,6256.0,0.0,594.0,,11107,197.0,694495,1106111
2020-09-10,22:01:00,,98,Luxembourg,627899,7088,114.0,124,0.0,6397.0,141.0,567.0,,11288,197.0,712262,1134358
2020-09-11,22:00:00,,98,Luxembourg,627927,7159,71.0,124,0.0,6397.0,0.0,638.0,1.0,11401,197.0,721126,1148423
2020-09-12,22:22:00,,98,Luxembourg,627955,7159,0.0,124,0.0,6397.0,0.0,638.0,1.0,11400,197.0,721126,1148372
2020-09-13,22:01:00,,98,Luxembourg,627983,7194,35.0,124,0.0,6397.0,0.0,673.0,1.0,11456,197.0,730737,1163625
2020-09-14,22:04:00,,98,Luxembourg,628010,7238,44.0,124,0.0,6397.0,0.0,717.0,1.0,11525,197.0,738549,1176015
2020-09-15,21:00:00,,98,Luxembourg,628038,7244,6.0,124,0.0,6555.0,158.0,565.0,1.0,11534,197.0,739752,1177878
2020-09-16,21:01:00,,98,Luxembourg,628066,7284,40.0,124,0.0,6561.0,6.0,599.0,1.0,11598,197.0,748149,1191195
2020-09-18,20:01:00,,98,Luxembourg,628122,7541,257.0,124,0.0,6641.0,80.0,776.0,1.0,12006,197.0,767693,1222204
2020-09-19,21:00:00,,98,Luxembourg,628150,7718,177.0,124,0.0,6703.0,62.0,891.0,1.0,12287,197.0,771950,1228926
2020-09-20,22:31:00,,98,Luxembourg,628177,7804,86.0,124,0.0,6703.0,0.0,977.0,1.0,12423,197.0,776619,1236306
2020-09-21,21:01:00,,98,Luxembourg,628205,7916,112.0,124,0.0,6839.0,136.0,953.0,1.0,12601,197.0,781263,1243643
2020-09-22,21:01:00,,98,Luxembourg,628233,7916,0.0,124,0.0,6839.0,0.0,953.0,1.0,12600,197.0,781263,1243588
2020-09-23,19:58:00,,98,Luxembourg,628261,8016,100.0,124,0.0,6848.0,9.0,1044.0,1.0,12759,197.0,787746,1253852
2020-09-24,21:00:00,,98,Luxembourg,628289,8158,142.0,124,0.0,6910.0,62.0,1124.0,3.0,12984,197.0,800045,1273371
2020-09-25,21:00:00,,98,Luxembourg,628317,8233,75.0,124,0.0,6976.0,66.0,1133.0,1.0,13103,197.0,806163,1283051
2020-09-26,21:00:00,,98,Luxembourg,628345,8311,78.0,124,0.0,6976.0,0.0,1211.0,1.0,13227,197.0,812220,1292634
2020-09-27,22:45:00,,98,Luxembourg,628372,8357,46.0,124,0.0,6976.0,0.0,1257.0,1.0,13299,197.0,817514,1301003
2020-09-28,22:00:00,,98,Luxembourg,628400,8376,19.0,124,0.0,7128.0,152.0,1124.0,3.0,13329,197.0,818380,1302323
2020-09-29,21:35:00,,98,Luxembourg,628428,8431,55.0,124,0.0,7136.0,8.0,1171.0,4.0,13416,197.0,823852,1310973
2020-09-30,22:00:00,,98,Luxembourg,628456,8509,78.0,124,0.0,7174.0,38.0,1211.0,4.0,13540,197.0,830958,1322221
2020-10-01,21:31:00,,98,Luxembourg,628484,8509,0.0,124,0.0,7174.0,0.0,1211.0,4.0,13539,197.0,830958,1322163
2020-10-02,22:36:00,,98,Luxembourg,628512,8709,200.0,125,1.0,7428.0,254.0,1156.0,5.0,13857,199.0,843559,1342153
2020-10-03,22:24:00,,98,Luxembourg,628540,8797,88.0,125,0.0,7428.0,0.0,1244.0,5.0,13996,199.0,849977,1352304
2020-10-04,21:01:00,,98,Luxembourg,628567,8890,93.0,126,1.0,7428.0,0.0,1336.0,5.0,14143,200.0,856485,1362599
2020-10-05,22:13:00,,98,Luxembourg,628595,8925,35.0,127,1.0,7793.0,365.0,1005.0,2.0,14198,202.0,856798,1363037
2020-10-06,23:01:00,,98,Luxembourg,628623,8979,54.0,128,1.0,7793.0,0.0,1058.0,1.0,14284,204.0,862757,1372455
2020-10-07,23:01:00,,98,Luxembourg,628651,9119,140.0,128,0.0,7900.0,107.0,1091.0,2.0,14506,204.0,869412,1382980
2020-10-08,23:59:00,,98,Luxembourg,628679,9119,0.0,128,0.0,7900.0,0.0,1091.0,2.0,14505,204.0,869412,1382919
2020-10-09,23:00:00,,98,Luxembourg,628707,9360,241.0,130,2.0,8038.0,138.0,1192.0,1.0,14888,207.0,883804,1405749
2020-10-10,23:00:00,,98,Luxembourg,628734,9360,0.0,130,0.0,8038.0,0.0,1192.0,1.0,14887,207.0,883804,1405688
2020-10-12,23:10:00,,98,Luxembourg,628790,9731,371.0,133,3.0,8234.0,196.0,1364.0,1.0,15476,212.0,897152,1426791
2020-10-13,23:01:00,,98,Luxembourg,628818,9840,109.0,133,0.0,8248.0,14.0,1459.0,3.0,15648,212.0,903862,1437398
2020-10-14,23:01:00,,98,Luxembourg,628846,10030,190.0,133,0.0,8306.0,58.0,1591.0,3.0,15950,211.0,911546,1449554
2020-10-15,14:09:00,11:06:00,98,Luxembourg,628874,10030,0.0,133,0.0,8306.0,0.0,1591.0,3.0,15949,211.0,911546,1449489
2020-10-16,22:08:00,19:06:00,98,Luxembourg,628902,10471,441.0,133,0.0,8468.0,162.0,1870.0,4.0,16650,211.0,927726,1475152
2020-10-17,23:01:00,19:58:00,98,Luxembourg,628929,10646,175.0,133,0.0,8468.0,0.0,2045.0,4.0,16927,211.0,935918,1488114
2020-10-18,22:05:00,19:03:00,98,Luxembourg,628957,10888,242.0,133,0.0,8468.0,0.0,2287.0,4.0,17311,211.0,944536,1501750
2020-10-19,22:05:00,18:59:00,98,Luxembourg,628985,11010,122.0,135,2.0,8471.0,3.0,2404.0,4.0,17504,215.0,945919,1503882
2020-10-20,22:05:00,19:04:00,98,Luxembourg,629013,11241,231.0,136,1.0,8471.0,0.0,2634.0,5.0,17871,216.0,951944,1513393
2020-10-21,22:05:00,19:03:00,98,Luxembourg,629041,11671,430.0,138,2.0,8473.0,2.0,3060.0,6.0,18554,219.0,960009,1526147
2020-10-22,22:05:00,19:04:00,98,Luxembourg,629069,12333,662.0,140,2.0,8474.0,1.0,3719.0,8.0,19605,223.0,972457,1545867
2020-10-23,22:05:00,19:02:00,98,Luxembourg,629096,12851,518.0,141,1.0,9085.0,611.0,3625.0,8.0,20428,224.0,983307,1563048
2020-10-24,23:41:00,20:40:00,98,Luxembourg,629124,13713,862.0,144,3.0,9085.0,0.0,4484.0,10.0,21797,229.0,995255,1581970
2020-10-25,23:00:00,20:58:00,98,Luxembourg,629152,14204,491.0,145,1.0,9085.0,0.0,4974.0,10.0,22576,230.0,1005621,1598375
2020-10-26,23:00:00,20:56:00,98,Luxembourg,629180,14399,195.0,147,2.0,9570.0,485.0,4682.0,12.0,22885,234.0,1008089,1602227
2020-10-27,23:00:00,20:58:00,98,Luxembourg,629208,14884,485.0,147,0.0,9579.0,9.0,5158.0,16.0,23655,234.0,1017308,1616807
2020-10-28,23:00:00,20:58:00,98,Luxembourg,629236,15659,775.0,147,0.0,9681.0,102.0,5831.0,16.0,24886,234.0,1030089,1637047
2020-10-29,23:00:00,20:57:00,98,Luxembourg,629264,16356,697.0,150,3.0,9865.0,184.0,6341.0,21.0,25992,238.0,1039049,1651213
2020-10-30,23:00:00,20:58:00,98,Luxembourg,629291,17134,778.0,152,2.0,10081.0,216.0,6901.0,24.0,27227,242.0,1051725,1671286
2020-10-31,23:00:00,20:59:00,98,Luxembourg,629319,17933,799.0,157,5.0,10081.0,0.0,7695.0,24.0,28496,249.0,1065644,1693329
2020-11-01,23:00:00,20:59:00,98,Luxembourg,629347,18782,849.0,160,3.0,10081.0,0.0,8541.0,24.0,29844,254.0,1079159,1714728
2020-11-02,23:00:00,20:57:00,98,Luxembourg,629375,19101,319.0,160,0.0,10717.0,636.0,8224.0,29.0,30349,254.0,1087076,1727231
2020-11-03,23:00:00,20:59:00,98,Luxembourg,629403,19634,533.0,167,7.0,10825.0,108.0,8642.0,29.0,31195,265.0,1095526,1740580
2020-11-04,23:00:00,20:57:00,98,Luxembourg,629431,20344,710.0,171,4.0,11063.0,238.0,9110.0,30.0,32321,272.0,1106739,1758317
2020-11-05,23:00:00,20:59:00,98,Luxembourg,629459,21147,803.0,177,6.0,11519.0,456.0,9451.0,36.0,33596,281.0,1119084,1777851
2020-11-06,23:00:00,20:58:00,98,Luxembourg,629486,21806,659.0,180,3.0,12094.0,575.0,9532.0,37.0,34641,286.0,1131669,1797767
2020-11-07,23:00:00,20:57:00,98,Luxembourg,629514,22481,675.0,185,5.0,12094.0,0.0,10202.0,41.0,35712,294.0,1144420,1817942
2020-11-08,23:00:00,20:49:00,98,Luxembourg,629542,23051,570.0,188,3.0,12094.0,0.0,10769.0,36.0,36616,299.0,1154898,1834505
2020-11-09,23:00:00,20:59:00,98,Luxembourg,629570,23227,176.0,193,5.0,13913.0,1819.0,9121.0,40.0,36893,307.0,1157119,1837951
2020-11-10,23:00:00,20:59:00,98,Luxembourg,629598,23710,483.0,198,5.0,14094.0,181.0,9418.0,42.0,37659,314.0,1168160,1855406
2020-11-11,23:00:00,20:56:00,98,Luxembourg,629626,24505,795.0,206,8.0,14094.0,0.0,10205.0,38.0,38920,327.0,1179931,1874019
2020-11-12,23:00:00,20:59:00,98,Luxembourg,629653,25218,713.0,211,5.0,14798.0,704.0,10209.0,39.0,40051,335.0,1192911,1894553
2020-11-13,23:00:00,20:58:00,98,Luxembourg,629681,25931,713.0,219,8.0,15428.0,630.0,10284.0,41.0,41181,348.0,1206031,1915305
2020-11-14,23:00:00,20:57:00,98,Luxembourg,629709,26544,613.0,222,3.0,15428.0,0.0,10894.0,43.0,42153,353.0,1216886,1932458
2020-11-15,23:00:00,20:53:00,98,Luxembourg,629737,27092,548.0,226,4.0,15428.0,0.0,11438.0,46.0,43021,359.0,1226544,1947708
2020-11-16,23:00:00,20:59:00,98,Luxembourg,629765,27256,164.0,236,10.0,17734.0,2306.0,9286.0,46.0,43280,375.0,1228102,1950096
2020-11-17,23:00:00,20:58:00,98,Luxembourg,629793,27681,425.0,240,4.0,18024.0,290.0,9417.0,48.0,43953,381.0,1237169,1964406
2020-11-18,23:00:00,20:57:00,98,Luxembourg,629821,27681,0.0,240,0.0,18024.0,0.0,9417.0,48.0,43951,381.0,1237169,1964318
2020-11-19,23:00:00,20:59:00,98,Luxembourg,629848,29243,1562.0,254,14.0,19231.0,1207.0,9758.0,44.0,46429,403.0,1262569,2004561
2020-11-20,23:00:00,20:59:00,98,Luxembourg,629876,29762,519.0,260,6.0,20014.0,783.0,9488.0,43.0,47251,413.0,1274382,2023227
2020-11-21,23:00:00,20:58:00,98,Luxembourg,629904,30333,571.0,262,2.0,20014.0,0.0,10057.0,43.0,48155,416.0,1284620,2039390
2020-11-22,23:00:00,20:59:00,98,Luxembourg,629932,30935,602.0,266,4.0,20014.0,0.0,10655.0,45.0,49108,422.0,1296335,2057897
2020-11-23,23:00:00,20:58:00,98,Luxembourg,629960,31111,176.0,273,7.0,22004.0,1990.0,8834.0,47.0,49386,433.0,1300901,2065053
2020-11-24,23:00:00,20:57:00,98,Luxembourg,629988,31484,373.0,283,10.0,22189.0,185.0,9012.0,46.0,49976,449.0,1311349,2081546
2020-11-25,23:00:00,20:58:00,98,Luxembourg,630016,32100,616.0,288,5.0,22630.0,441.0,9182.0,43.0,50951,457.0,1325017,2103148
2020-11-26,23:00:00,20:47:00,98,Luxembourg,630043,32873,773.0,294,6.0,23404.0,774.0,9175.0,44.0,52176,467.0,1338559,2124552
2020-11-27,23:00:00,20:59:00,98,Luxembourg,630071,33409,536.0,300,6.0,24073.0,669.0,9036.0,43.0,53024,476.0,1350343,2143160
2020-11-28,23:00:00,20:46:00,98,Luxembourg,630099,33974,565.0,306,6.0,24073.0,0.0,9595.0,41.0,53919,486.0,1361939,2161468
2020-11-29,23:00:00,20:51:00,98,Luxembourg,630127,34539,565.0,312,6.0,24073.0,0.0,10154.0,42.0,54813,495.0,1372396,2177967
2020-11-30,23:00:00,20:57:00,98,Luxembourg,630155,34678,139.0,321,9.0,26086.0,2013.0,8271.0,42.0,55031,509.0,1374203,2180738
2020-12-01,23:00:00,20:55:00,98,Luxembourg,630183,35129,451.0,330,9.0,26156.0,70.0,8643.0,42.0,55744,524.0,1383631,2195602
2020-12-02,23:00:00,20:58:00,98,Luxembourg,630210,35802,673.0,334,4.0,26497.0,341.0,8971.0,41.0,56810,530.0,1395562,2214440
2020-12-03,23:00:00,20:59:00,98,Luxembourg,630238,36429,627.0,339,5.0,27356.0,859.0,8734.0,41.0,57802,538.0,1407284,2232941
2020-12-04,23:00:00,20:57:00,98,Luxembourg,630266,37017,588.0,345,6.0,28029.0,673.0,8643.0,41.0,58732,547.0,1418680,2250923
2020-12-05,23:00:00,20:58:00,98,Luxembourg,630294,37684,667.0,350,5.0,28029.0,0.0,9305.0,40.0,59788,555.0,1418680,2250823
2020-12-06,23:00:00,20:51:00,98,Luxembourg,630322,38215,531.0,353,3.0,28029.0,0.0,9833.0,40.0,60628,560.0,1418680,2250723
2020-12-07,23:00:00,20:57:00,98,Luxembourg,630350,38476,261.0,360,7.0,29792.0,1763.0,8324.0,39.0,61039,571.0,1446528,2294801
2020-12-08,23:00:00,20:59:00,98,Luxembourg,630378,38476,0.0,360,0.0,29792.0,0.0,8324.0,39.0,61036,571.0,1446528,2294699
2020-12-09,23:00:00,20:59:00,98,Luxembourg,630405,38864,388.0,369,9.0,29792.0,0.0,8703.0,43.0,61649,585.0,1446528,2294601
2020-12-10,23:00:00,20:59:00,98,Luxembourg,630433,38864,0.0,369,0.0,29792.0,0.0,8703.0,43.0,61647,585.0,1446528,2294499
2020-12-11,23:00:00,20:59:00,98,Luxembourg,630461,40755,1891.0,392,23.0,31678.0,1886.0,8685.0,47.0,64643,622.0,1495056,2371370
2020-12-12,23:00:00,20:58:00,98,Luxembourg,630489,41272,517.0,396,4.0,31678.0,0.0,9198.0,47.0,65460,628.0,1507746,2391391
2020-12-13,23:00:00,20:59:00,98,Luxembourg,630517,41718,446.0,402,6.0,31678.0,0.0,9638.0,46.0,66165,638.0,1507746,2391285
2020-12-14,23:35:00,21:34:00,98,Luxembourg,630545,41900,182.0,410,8.0,33367.0,1689.0,8123.0,50.0,66450,650.0,1519424,2409700
2020-12-15,23:00:00,20:59:00,98,Luxembourg,630572,42250,350.0,418,8.0,33486.0,119.0,8346.0,48.0,67003,663.0,1530785,2427613
2020-12-16,23:00:00,20:58:00,98,Luxembourg,630600,42845,595.0,421,3.0,33920.0,434.0,8504.0,48.0,67943,668.0,1545073,2450163
2020-12-17,23:00:00,20:56:00,98,Luxembourg,630628,43279,434.0,428,7.0,34609.0,689.0,8242.0,47.0,68628,679.0,1558159,2470805
2020-12-18,23:00:00,20:57:00,98,Luxembourg,630656,43728,449.0,434,6.0,35237.0,628.0,8057.0,43.0,69337,688.0,1571661,2492105
2020-12-19,23:59:00,22:11:00,98,Luxembourg,630684,44067,339.0,440,6.0,35237.0,0.0,8390.0,43.0,69872,698.0,1585510,2513953
2020-12-20,23:00:00,20:54:00,98,Luxembourg,630712,44491,424.0,444,4.0,35237.0,0.0,8810.0,38.0,70541,704.0,1598011,2533662
2020-12-21,23:00:00,20:59:00,98,Luxembourg,630740,44582,91.0,450,6.0,37106.0,1869.0,7026.0,38.0,70682,713.0,1599613,2536089
2020-12-22,23:00:00,20:59:00,98,Luxembourg,630767,44809,227.0,453,3.0,37221.0,115.0,7135.0,39.0,71039,718.0,1610217,2552792
2020-12-23,23:00:00,20:58:00,98,Luxembourg,630795,45209,400.0,458,5.0,37574.0,353.0,7177.0,40.0,71670,726.0,1625769,2577333
2020-12-24,23:00:00,20:55:00,98,Luxembourg,630823,45209,0.0,458,0.0,37574.0,0.0,7177.0,40.0,71667,726.0,1625769,2577219
2020-12-25,23:00:00,20:59:00,98,Luxembourg,630851,45471,262.0,461,3.0,37574.0,0.0,7436.0,39.0,72079,731.0,1638122,2596686
