Date,Scrap_time,Update_time_GMT,Country_id,Country,Population,TotalCases,NewCases,TotalDeaths,NewDeaths,TotalRecovered,NewRecovered,ActiveCases,SeriousCritical,Tot_Cases_1Mpop,Deaths_1Mpop,TotalTests,Tests_1Mpop
2020-08-02,20:00:00,,103,Malawi,19168063,4186,,120,,1914,,2152,4,218,6.0,29599,1544
2020-08-08,20:00:00,,103,Malawi,19176194,4575,389.0,137,17.0,2184,270.0,2254,4,239,7.0,34051,1776
2020-08-12,20:00:00,,103,Malawi,19181614,4714,139.0,152,15.0,2477,293.0,2085,4,246,8.0,35337,1842
2020-08-16,20:00:00,,103,Malawi,19187034,5026,312.0,157,5.0,2623,146.0,2246,4,262,8.0,38798,2022
2020-08-17,20:00:00,,103,Malawi,19188389,5072,46.0,161,4.0,2626,3.0,2285,4,264,8.0,39214,2044
2020-08-18,20:00:00,,103,Malawi,19189744,5125,53.0,162,1.0,2690,64.0,2273,4,267,8.0,39764,2072
2020-08-19,20:00:00,,103,Malawi,19191099,5193,68.0,163,1.0,2716,26.0,2314,4,271,8.0,40106,2090
2020-08-20,17:53:00,,103,Malawi,19192454,5240,47.0,164,1.0,2857,141.0,2219,4,273,9.0,40640,2117
2020-08-23,21:09:00,,103,Malawi,19196520,5382,142.0,168,4.0,2998,141.0,2216,4,280,9.0,42015,2189
2020-08-24,17:10:00,,103,Malawi,19197875,5414,32.0,168,0.0,3012,14.0,2234,4,282,9.0,42607,2219
2020-08-25,23:00:00,,103,Malawi,19199230,5419,5.0,169,1.0,3059,47.0,2191,4,282,9.0,42821,2230
2020-08-26,22:59:00,,103,Malawi,19200585,5423,4.0,170,1.0,3066,7.0,2187,4,282,9.0,42902,2234
2020-08-27,23:00:00,,103,Malawi,19201940,5474,51.0,173,3.0,3085,19.0,2216,4,285,9.0,43503,2266
2020-08-28,23:01:00,,103,Malawi,19203295,5496,22.0,173,0.0,3121,36.0,2202,4,286,9.0,43798,2281
2020-08-29,12:29:00,,103,Malawi,19204650,5523,27.0,174,1.0,3143,22.0,2206,4,288,9.0,44219,2303
2020-08-30,23:00:00,,103,Malawi,19206005,5536,13.0,174,0.0,3147,4.0,2215,4,288,9.0,44296,2306
2020-08-31,18:58:00,,103,Malawi,19207360,5536,0.0,174,0.0,3147,0.0,2215,4,288,9.0,44296,2306
2020-09-01,23:00:00,,103,Malawi,19208715,5566,30.0,175,1.0,3160,13.0,2231,4,290,9.0,45505,2369
2020-09-02,23:01:00,,103,Malawi,19210070,5576,10.0,175,0.0,3420,260.0,1981,4,290,9.0,45622,2375
2020-09-03,23:01:00,,103,Malawi,19211425,5579,3.0,175,0.0,3500,80.0,1904,4,290,9.0,45789,2383
2020-09-04,07:01:00,,103,Malawi,19212780,5593,14.0,175,0.0,3516,16.0,1902,4,291,9.0,46036,2396
2020-09-05,23:31:00,,103,Malawi,19214136,5608,15.0,175,0.0,3533,17.0,1900,4,292,9.0,46411,2415
2020-09-06,18:30:00,,103,Malawi,19215491,5611,3.0,175,0.0,3551,18.0,1885,4,292,9.0,46484,2419
2020-09-07,23:39:00,,103,Malawi,19216846,5614,3.0,175,0.0,3551,0.0,1888,4,292,9.0,46484,2419
2020-09-08,22:10:00,,103,Malawi,19218201,5621,7.0,176,1.0,3590,39.0,1855,4,292,9.0,46750,2433
2020-09-09,22:01:00,,103,Malawi,19219556,5653,32.0,176,0.0,3630,40.0,1847,4,294,9.0,47351,2464
2020-09-10,22:01:00,,103,Malawi,19220911,5653,0.0,176,0.0,3630,0.0,1847,4,294,9.0,47351,2464
2020-09-11,22:00:00,,103,Malawi,19222266,5655,2.0,176,0.0,3683,53.0,1796,4,294,9.0,47351,2463
2020-09-12,22:22:00,,103,Malawi,19223621,5678,23.0,177,1.0,3724,41.0,1777,4,295,9.0,48113,2503
2020-09-13,22:01:00,,103,Malawi,19224976,5678,0.0,177,0.0,3724,0.0,1777,4,295,9.0,48113,2503
2020-09-14,22:04:00,,103,Malawi,19226331,5690,12.0,177,0.0,3731,7.0,1782,4,296,9.0,48556,2525
2020-09-15,21:00:00,,103,Malawi,19227686,5697,7.0,178,1.0,3742,11.0,1777,4,296,9.0,48556,2525
2020-09-16,21:01:00,,103,Malawi,19229041,5701,4.0,178,0.0,3762,20.0,1761,4,296,9.0,48816,2539
2020-09-18,20:01:00,,103,Malawi,19231751,5711,10.0,179,1.0,4000,238.0,1532,4,297,9.0,49341,2566
2020-09-19,21:00:00,,103,Malawi,19233106,5718,7.0,179,0.0,4030,30.0,1509,4,297,9.0,50051,2602
2020-09-20,22:31:00,,103,Malawi,19234462,5731,13.0,179,0.0,4040,10.0,1512,4,298,9.0,50583,2630
2020-09-21,21:01:00,,103,Malawi,19235817,5733,2.0,179,0.0,4053,13.0,1501,4,298,9.0,50620,2632
2020-09-22,21:01:00,,103,Malawi,19237172,5739,6.0,179,0.0,4065,12.0,1495,4,298,9.0,50989,2651
2020-09-23,19:58:00,,103,Malawi,19238527,5739,0.0,179,0.0,4065,0.0,1495,4,298,9.0,50989,2650
2020-09-24,21:00:00,,103,Malawi,19239882,5747,8.0,179,0.0,4163,98.0,1405,4,299,9.0,51773,2691
2020-09-25,21:00:00,,103,Malawi,19241237,5747,0.0,179,0.0,4163,0.0,1405,4,299,9.0,51773,2691
2020-09-26,21:00:00,,103,Malawi,19242592,5764,17.0,179,0.0,4178,15.0,1407,4,300,9.0,52121,2709
2020-09-27,22:45:00,,103,Malawi,19243947,5768,4.0,179,0.0,4206,28.0,1383,4,300,9.0,52730,2740
2020-09-28,22:00:00,,103,Malawi,19245302,5768,0.0,179,0.0,4206,0.0,1383,4,300,9.0,52730,2740
2020-09-29,21:35:00,,103,Malawi,19246657,5772,4.0,179,0.0,4245,39.0,1348,4,300,9.0,52852,2746
2020-09-30,22:00:00,,103,Malawi,19248012,5773,1.0,179,0.0,4263,18.0,1331,4,300,9.0,53057,2756
2020-10-01,21:31:00,,103,Malawi,19249367,5779,6.0,179,0.0,4514,251.0,1086,4,300,9.0,53343,2771
2020-10-02,22:36:00,,103,Malawi,19250722,5779,0.0,179,0.0,4514,0.0,1086,4,300,9.0,53343,2771
2020-10-03,22:24:00,,103,Malawi,19252077,5783,4.0,179,0.0,4535,21.0,1069,4,300,9.0,54015,2806
2020-10-04,21:01:00,,103,Malawi,19253432,5786,3.0,179,0.0,4541,6.0,1066,4,301,9.0,54351,2823
2020-10-05,22:13:00,,103,Malawi,19254787,5786,0.0,179,0.0,4541,0.0,1066,4,300,9.0,54351,2823
2020-10-06,23:01:00,,103,Malawi,19256143,5794,8.0,180,1.0,4541,0.0,1073,4,301,9.0,54472,2829
2020-10-07,23:01:00,,103,Malawi,19257498,5796,2.0,180,0.0,4549,8.0,1067,4,301,9.0,54566,2833
2020-10-08,23:59:00,,103,Malawi,19258853,5809,13.0,180,0.0,4626,77.0,1003,4,302,9.0,55488,2881
2020-10-09,23:00:00,,103,Malawi,19260208,5813,4.0,180,0.0,4631,5.0,1002,4,302,9.0,55758,2895
2020-10-10,23:00:00,,103,Malawi,19261563,5821,8.0,180,0.0,4644,13.0,997,4,302,9.0,56034,2909
2020-10-12,23:10:00,,103,Malawi,19264273,5824,3.0,180,0.0,4659,15.0,985,4,302,9.0,56034,2909
2020-10-13,23:01:00,,103,Malawi,19265628,5827,3.0,181,1.0,4688,29.0,958,4,302,9.0,56034,2908
2020-10-14,23:01:00,,103,Malawi,19266983,5829,2.0,181,0.0,4723,35.0,925,4,303,9.0,56709,2943
2020-10-15,14:09:00,11:06:00,103,Malawi,19268338,5829,0.0,181,0.0,4723,0.0,925,4,303,9.0,56709,2943
2020-10-16,22:08:00,19:06:00,103,Malawi,19269693,5836,7.0,181,0.0,4728,5.0,927,4,303,9.0,56957,2956
2020-10-17,23:01:00,19:58:00,103,Malawi,19271048,5852,16.0,181,0.0,4740,12.0,931,4,304,9.0,57671,2993
2020-10-18,22:05:00,19:03:00,103,Malawi,19272403,5857,5.0,181,0.0,4742,2.0,934,4,304,9.0,57905,3005
2020-10-19,22:05:00,18:59:00,103,Malawi,19273758,5860,3.0,181,0.0,4757,15.0,922,4,304,9.0,58002,3009
2020-10-20,22:05:00,19:04:00,103,Malawi,19275113,5861,1.0,182,1.0,4757,0.0,922,4,304,9.0,58225,3021
2020-10-21,22:05:00,19:03:00,103,Malawi,19276469,5864,3.0,183,1.0,4762,5.0,919,4,304,9.0,58498,3035
2020-10-22,22:05:00,19:04:00,103,Malawi,19277824,5874,10.0,183,0.0,4764,2.0,927,4,305,9.0,59052,3063
2020-10-23,22:05:00,19:02:00,103,Malawi,19279179,5885,11.0,183,0.0,5287,523.0,415,4,305,9.0,59402,3081
2020-10-24,23:41:00,20:40:00,103,Malawi,19280534,5887,2.0,183,0.0,5288,1.0,416,4,305,9.0,59601,3091
2020-10-25,23:00:00,20:58:00,103,Malawi,19281889,5890,3.0,183,0.0,5291,3.0,416,4,305,9.0,60115,3118
2020-10-26,23:00:00,20:56:00,103,Malawi,19283244,5894,4.0,183,0.0,5294,3.0,417,4,306,9.0,60308,3127
2020-10-27,23:00:00,20:58:00,103,Malawi,19284599,5897,3.0,183,0.0,5299,5.0,415,4,306,9.0,60613,3143
2020-10-28,23:00:00,20:58:00,103,Malawi,19285954,5904,7.0,184,1.0,5300,1.0,420,4,306,10.0,60907,3158
2020-10-29,23:00:00,20:57:00,103,Malawi,19287309,5916,12.0,184,0.0,5303,3.0,429,4,307,10.0,60907,3158
2020-10-30,23:00:00,20:58:00,103,Malawi,19288664,5923,7.0,184,0.0,5323,20.0,416,4,307,10.0,62171,3223
2020-10-31,23:00:00,20:59:00,103,Malawi,19290019,5930,7.0,184,0.0,5323,0.0,423,4,307,10.0,62600,3245
2020-11-01,23:00:00,20:59:00,103,Malawi,19291374,5932,2.0,184,0.0,5323,0.0,425,4,307,10.0,62689,3250
2020-11-02,23:00:00,20:57:00,103,Malawi,19292729,5933,1.0,184,0.0,5323,0.0,426,4,308,10.0,63043,3268
2020-11-03,23:00:00,20:59:00,103,Malawi,19294084,5934,1.0,184,0.0,5333,10.0,417,4,308,10.0,63505,3291
2020-11-04,23:00:00,20:57:00,103,Malawi,19295439,5934,0.0,184,0.0,5336,3.0,414,4,308,10.0,63664,3299
2020-11-05,23:00:00,20:59:00,103,Malawi,19296795,5940,6.0,184,0.0,5338,2.0,418,4,308,10.0,64707,3353
2020-11-06,23:00:00,20:58:00,103,Malawi,19298150,5942,2.0,184,0.0,5346,8.0,412,4,308,10.0,65355,3387
2020-11-07,23:00:00,20:57:00,103,Malawi,19299505,5948,6.0,184,0.0,5346,0.0,418,4,308,10.0,65901,3415
2020-11-08,23:00:00,20:49:00,103,Malawi,19300860,5951,3.0,184,0.0,5348,2.0,419,4,308,10.0,66287,3434
2020-11-09,23:00:00,20:59:00,103,Malawi,19302215,5953,2.0,185,1.0,5359,11.0,409,4,308,10.0,66516,3446
2020-11-10,23:00:00,20:59:00,103,Malawi,19303570,5953,0.0,185,0.0,5361,2.0,407,4,308,10.0,66819,3461
2020-11-11,23:00:00,20:56:00,103,Malawi,19304925,5955,2.0,185,0.0,5366,5.0,404,4,308,10.0,67281,3485
2020-11-12,23:00:00,20:59:00,103,Malawi,19306280,5958,3.0,185,0.0,5369,3.0,404,4,309,10.0,67527,3498
2020-11-13,23:00:00,20:58:00,103,Malawi,19307635,5962,4.0,185,0.0,5372,3.0,405,4,309,10.0,67803,3512
2020-11-14,23:00:00,20:57:00,103,Malawi,19308990,5964,2.0,185,0.0,5399,27.0,380,4,309,10.0,68261,3535
2020-11-15,23:00:00,20:53:00,103,Malawi,19310345,5965,1.0,185,0.0,5399,0.0,381,4,309,10.0,68555,3550
2020-11-16,23:00:00,20:59:00,103,Malawi,19311700,5971,6.0,185,0.0,5402,3.0,384,4,309,10.0,68885,3567
2020-11-17,23:00:00,20:58:00,103,Malawi,19313055,5971,0.0,185,0.0,5402,0.0,384,4,309,10.0,68885,3567
2020-11-18,23:00:00,20:57:00,103,Malawi,19314410,5971,0.0,185,0.0,5402,0.0,384,4,309,10.0,68885,3567
2020-11-19,23:00:00,20:59:00,103,Malawi,19315765,5999,28.0,185,0.0,5434,32.0,380,4,311,10.0,69621,3604
2020-11-20,23:00:00,20:59:00,103,Malawi,19317121,6003,4.0,185,0.0,5439,5.0,379,4,311,10.0,70356,3642
2020-11-21,23:00:00,20:58:00,103,Malawi,19318476,6003,0.0,185,0.0,5439,0.0,379,4,311,10.0,70356,3642
2020-11-22,23:00:00,20:59:00,103,Malawi,19319831,6003,0.0,185,0.0,5441,2.0,377,4,311,10.0,70683,3659
2020-11-23,23:00:00,20:58:00,103,Malawi,19321186,6009,6.0,185,0.0,5443,2.0,381,4,311,10.0,71970,3725
2020-11-24,23:00:00,20:57:00,103,Malawi,19322541,6017,8.0,185,0.0,5445,2.0,387,4,311,10.0,72281,3741
2020-11-25,23:00:00,20:58:00,103,Malawi,19323896,6018,1.0,185,0.0,5450,5.0,383,4,311,10.0,72581,3756
2020-11-26,23:00:00,20:47:00,103,Malawi,19325251,6020,2.0,185,0.0,5450,0.0,385,4,312,10.0,72845,3769
2020-11-27,23:00:00,20:59:00,103,Malawi,19326606,6024,4.0,185,0.0,5453,3.0,386,4,312,10.0,73203,3788
2020-11-28,23:00:00,20:46:00,103,Malawi,19327961,6025,1.0,185,0.0,5453,0.0,387,4,312,10.0,73576,3807
2020-11-29,23:00:00,20:51:00,103,Malawi,19329316,6025,0.0,185,0.0,5453,0.0,387,4,312,10.0,73576,3806
2020-11-30,23:00:00,20:57:00,103,Malawi,19330671,6028,3.0,185,0.0,5455,2.0,388,4,312,10.0,74010,3829
2020-12-01,23:00:00,20:55:00,103,Malawi,19332026,6028,0.0,185,0.0,5465,10.0,378,4,312,10.0,74032,3830
2020-12-02,23:00:00,20:58:00,103,Malawi,19333381,6040,12.0,185,0.0,5471,6.0,384,4,312,10.0,74996,3879
2020-12-03,23:00:00,20:59:00,103,Malawi,19334736,6040,0.0,185,0.0,5471,0.0,384,4,312,10.0,74996,3879
2020-12-04,23:00:00,20:57:00,103,Malawi,19336091,6043,3.0,185,0.0,5472,1.0,386,4,313,10.0,75150,3887
2020-12-05,23:00:00,20:58:00,103,Malawi,19337447,6049,6.0,185,0.0,5476,4.0,388,4,313,10.0,75984,3929
2020-12-06,23:00:00,20:51:00,103,Malawi,19338802,6051,2.0,185,0.0,5476,0.0,390,4,313,10.0,76148,3938
2020-12-07,23:00:00,20:57:00,103,Malawi,19340157,6051,0.0,185,0.0,5476,0.0,390,4,313,10.0,76148,3937
2020-12-08,23:00:00,20:59:00,103,Malawi,19341512,6051,0.0,186,1.0,5482,6.0,383,4,313,10.0,76759,3969
2020-12-09,23:00:00,20:59:00,103,Malawi,19342867,6051,0.0,186,0.0,5482,0.0,383,4,313,10.0,76759,3968
2020-12-10,23:00:00,20:59:00,103,Malawi,19344222,6051,0.0,186,0.0,5487,5.0,378,4,313,10.0,77323,3997
2020-12-11,23:00:00,20:59:00,103,Malawi,19345577,6055,4.0,186,0.0,5490,3.0,379,4,313,10.0,78389,4052
2020-12-12,23:00:00,20:58:00,103,Malawi,19346932,6063,8.0,186,0.0,5491,1.0,386,4,313,10.0,78863,4076
2020-12-13,23:00:00,20:59:00,103,Malawi,19348287,6066,3.0,187,1.0,5491,0.0,388,4,314,10.0,78962,4081
2020-12-14,23:35:00,21:34:00,103,Malawi,19349642,6070,4.0,187,0.0,5491,0.0,392,4,314,10.0,79223,4094
2020-12-15,23:00:00,20:59:00,103,Malawi,19350997,6080,10.0,187,0.0,5659,168.0,234,4,314,10.0,79632,4115
2020-12-16,23:00:00,20:58:00,103,Malawi,19352352,6091,11.0,187,0.0,5661,2.0,243,4,315,10.0,80103,4139
2020-12-17,23:00:00,20:56:00,103,Malawi,19353707,6138,47.0,187,0.0,5661,0.0,290,4,317,10.0,80778,4174
2020-12-18,23:00:00,20:57:00,103,Malawi,19355062,6138,0.0,187,0.0,5661,0.0,290,4,317,10.0,80778,4173
2020-12-19,23:59:00,22:11:00,103,Malawi,19356417,6153,15.0,187,0.0,5662,1.0,304,4,318,10.0,81471,4209
2020-12-20,23:00:00,20:54:00,103,Malawi,19357773,6161,8.0,187,0.0,5663,1.0,311,4,318,10.0,81943,4233
2020-12-21,23:00:00,20:59:00,103,Malawi,19359128,6202,41.0,187,0.0,5664,1.0,351,4,320,10.0,82460,4259
2020-12-22,23:00:00,20:59:00,103,Malawi,19360483,6248,46.0,187,0.0,5668,4.0,393,4,323,10.0,82849,4279
2020-12-23,23:00:00,20:58:00,103,Malawi,19361838,6261,13.0,187,0.0,5675,7.0,399,4,323,10.0,83076,4291
2020-12-24,23:00:00,20:55:00,103,Malawi,19363193,6277,16.0,187,0.0,5676,1.0,414,4,324,10.0,83451,4310
2020-12-25,23:00:00,20:59:00,103,Malawi,19364548,6277,0.0,187,0.0,5676,0.0,414,4,324,10.0,83451,4309
2020-12-26,23:00:00,20:59:00,103,Malawi,19365903,6339,62.0,187,0.0,5676,0.0,476,4,327,10.0,83849,4330
