scrap_date,scrap_time,update_time_GMT,Country_id,Country,Population,TotalCases,NewCases,TotalDeaths,NewDeaths,TotalRecovered,NewRecovered,ActiveCases,SeriousCritical,Tot_Cases_1Mpop,Deaths_1Mpop,TotalTests,Tests_1Mpop
2020-08-02,20:00:00,,88,Malaysia,32400707,8999,,125,,8664,,210,2,278,4.0,979178,30221
2020-08-08,20:00:00,,88,Malaysia,32407505,9070,71.0,125,0.0,8775,111.0,170,2,280,4.0,1036339,31978
2020-08-12,20:00:00,,88,Malaysia,32412037,9114,44.0,125,0.0,8817,42.0,172,1,281,4.0,1074020,33136
2020-08-16,20:00:00,,88,Malaysia,32416569,9200,86.0,125,0.0,8859,42.0,216,7,284,4.0,1114246,34373
2020-08-17,20:00:00,,88,Malaysia,32417702,9212,12.0,125,0.0,8876,17.0,211,8,284,4.0,1114246,34372
2020-08-18,20:00:00,,88,Malaysia,32418835,9219,7.0,125,0.0,8902,26.0,192,8,284,4.0,1114246,34370
2020-08-19,20:00:00,,88,Malaysia,32419968,9235,16.0,125,0.0,8925,23.0,185,7,285,4.0,1114246,34369
2020-08-20,17:53:00,,88,Malaysia,32421101,9240,5.0,125,0.0,8932,7.0,183,7,285,4.0,1152140,35537
2020-08-23,21:09:00,,88,Malaysia,32424500,9267,27.0,125,0.0,8959,27.0,183,9,286,4.0,1176416,36282
2020-08-24,17:10:00,,88,Malaysia,32425633,9274,7.0,125,0.0,8965,6.0,184,8,286,4.0,1182845,36479
2020-08-25,23:00:00,,88,Malaysia,32426766,9285,11.0,125,0.0,8971,6.0,189,8,286,4.0,1182845,36477
2020-08-26,22:59:00,,88,Malaysia,32427899,9291,6.0,125,0.0,8978,7.0,188,9,287,4.0,1191500,36743
2020-08-27,23:00:00,,88,Malaysia,32429032,9296,5.0,125,0.0,8994,16.0,177,8,287,4.0,1191500,36742
2020-08-28,23:01:00,,88,Malaysia,32430165,9306,10.0,125,0.0,9030,36.0,151,8,287,4.0,1222854,37707
2020-08-29,12:29:00,,88,Malaysia,32431298,9317,11.0,125,0.0,9038,8.0,154,8,287,4.0,1232927,38017
2020-08-30,23:00:00,,88,Malaysia,32432431,9334,17.0,126,1.0,9048,10.0,160,7,288,4.0,1243540,38342
2020-08-31,18:58:00,,88,Malaysia,32433564,9340,6.0,127,1.0,9054,6.0,159,6,288,4.0,1253855,38659
2020-09-01,23:00:00,,88,Malaysia,32434697,9354,14.0,128,1.0,9075,21.0,151,5,288,4.0,1253855,38658
2020-09-02,23:01:00,,88,Malaysia,32435830,9360,6.0,128,0.0,9079,4.0,153,4,289,4.0,1270229,39161
2020-09-03,23:01:00,,88,Malaysia,32436963,9374,14.0,128,0.0,9083,4.0,163,4,289,4.0,1280878,39488
2020-09-04,07:01:00,,88,Malaysia,32438096,9374,0.0,128,0.0,9083,0.0,163,4,289,4.0,1280878,39487
2020-09-05,23:31:00,,88,Malaysia,32439229,9391,17.0,128,0.0,9113,30.0,150,5,289,4.0,1299724,40066
2020-09-06,18:30:00,,88,Malaysia,32440362,9397,6.0,128,0.0,9115,2.0,154,6,290,4.0,1307454,40303
2020-09-07,23:39:00,,88,Malaysia,32441495,9459,62.0,128,0.0,9124,9.0,207,6,292,4.0,1307454,40302
2020-09-08,22:10:00,,88,Malaysia,32442628,9559,100.0,128,0.0,9136,12.0,295,7,295,4.0,1307454,40300
2020-09-09,22:01:00,,88,Malaysia,32443761,9583,24.0,128,0.0,9143,7.0,312,7,295,4.0,1332917,41084
2020-09-10,22:01:00,,88,Malaysia,32444894,9628,45.0,128,0.0,9167,24.0,333,9,297,4.0,1332917,41082
2020-09-11,22:00:00,,88,Malaysia,32446027,9810,182.0,128,0.0,9181,14.0,501,9,302,4.0,1353826,41725
2020-09-12,22:22:00,,88,Malaysia,32447160,9868,58.0,128,0.0,9189,8.0,551,9,304,4.0,1353826,41724
2020-09-13,22:01:00,,88,Malaysia,32448293,9915,47.0,128,0.0,9196,7.0,591,9,306,4.0,1372154,42287
2020-09-14,22:04:00,,88,Malaysia,32449426,9946,31.0,128,0.0,9203,7.0,615,11,307,4.0,1372154,42286
2020-09-15,21:00:00,,88,Malaysia,32450559,9969,23.0,128,0.0,9209,6.0,632,14,307,4.0,1372154,42284
2020-09-16,21:01:00,,88,Malaysia,32451692,10031,62.0,128,0.0,9235,26.0,668,15,309,4.0,1407259,43365
2020-09-18,20:01:00,,88,Malaysia,32453958,10147,116.0,129,1.0,9264,29.0,754,11,313,4.0,1417154,43667
2020-09-19,21:00:00,,88,Malaysia,32455091,10167,20.0,130,1.0,9315,51.0,722,12,313,4.0,1417154,43665
2020-09-20,22:31:00,,88,Malaysia,32456224,10219,52.0,130,0.0,9355,40.0,734,10,315,4.0,1417154,43664
2020-09-21,21:01:00,,88,Malaysia,32457357,10276,57.0,130,0.0,9395,40.0,751,9,317,4.0,1451697,44726
2020-09-22,21:01:00,,88,Malaysia,32458490,10358,82.0,130,0.0,9563,168.0,665,9,319,4.0,1451697,44725
2020-09-23,19:58:00,,88,Malaysia,32459623,10505,147.0,133,3.0,9602,39.0,770,8,324,4.0,1451697,44723
2020-09-24,21:00:00,,88,Malaysia,32460756,10576,71.0,133,0.0,9666,64.0,777,6,326,4.0,1451697,44722
2020-09-25,21:00:00,,88,Malaysia,32461889,10687,111.0,133,0.0,9696,30.0,858,4,329,4.0,1451697,44720
2020-09-26,21:00:00,,88,Malaysia,32463022,10769,82.0,133,0.0,9785,89.0,851,8,332,4.0,1451697,44718
2020-09-27,22:45:00,,88,Malaysia,32464155,10919,150.0,134,1.0,9835,50.0,950,6,336,4.0,1451697,44717
2020-09-28,22:00:00,,88,Malaysia,32465288,11034,115.0,134,0.0,9889,54.0,1011,8,340,4.0,1451697,44715
2020-09-29,21:35:00,,88,Malaysia,32466421,11135,101.0,134,0.0,9939,50.0,1062,13,343,4.0,1451697,44714
2020-09-30,22:00:00,,88,Malaysia,32467554,11224,89.0,136,2.0,9967,28.0,1121,16,346,4.0,1451697,44712
2020-10-01,21:31:00,,88,Malaysia,32468687,11484,260.0,136,0.0,10014,47.0,1334,20,354,4.0,1451697,44711
2020-10-02,22:36:00,,88,Malaysia,32469820,11771,287.0,136,0.0,10095,81.0,1540,22,363,4.0,1581208,48698
2020-10-03,22:24:00,,88,Malaysia,32470953,12088,317.0,137,1.0,10216,121.0,1735,33,372,4.0,1581208,48696
2020-10-04,21:01:00,,88,Malaysia,32472086,12381,293.0,137,0.0,10283,67.0,1961,28,381,4.0,1581208,48694
2020-10-05,22:13:00,,88,Malaysia,32473219,12813,432.0,137,0.0,10340,57.0,2336,32,395,4.0,1581208,48693
2020-10-06,23:01:00,,88,Malaysia,32474352,13504,691.0,141,4.0,10427,87.0,2936,31,416,4.0,1627612,50120
2020-10-07,23:01:00,,88,Malaysia,32475485,13993,489.0,141,0.0,10501,74.0,3351,40,431,4.0,1627612,50118
2020-10-08,23:59:00,,88,Malaysia,32476618,14368,375.0,146,5.0,10519,18.0,3703,60,442,4.0,1627612,50116
2020-10-09,23:00:00,,88,Malaysia,32477751,14722,354.0,152,6.0,10707,188.0,3863,68,453,5.0,1627612,50115
2020-10-10,23:00:00,,88,Malaysia,32478884,15096,374.0,155,3.0,10780,73.0,4161,73,465,5.0,1627612,50113
2020-10-12,23:10:00,,88,Malaysia,32481150,16220,1124.0,159,4.0,11022,242.0,5039,98,499,5.0,1627612,50109
2020-10-13,23:01:00,,88,Malaysia,32482283,16880,660.0,163,4.0,11372,350.0,5345,101,520,5.0,1627612,50108
2020-10-14,23:01:00,,88,Malaysia,32483415,17540,660.0,167,4.0,11605,233.0,5768,108,540,5.0,1786829,55007
2020-10-15,14:09:00,11:06:00,88,Malaysia,32484548,18129,589.0,170,3.0,12014,409.0,5945,103,558,5.0,1810777,55743
2020-10-16,22:08:00,19:06:00,88,Malaysia,32485681,18758,629.0,176,6.0,12259,245.0,6323,99,577,5.0,1839700,56631
2020-10-17,23:01:00,19:58:00,88,Malaysia,32486814,19627,869.0,180,4.0,12561,302.0,6886,91,604,6.0,1863037,57347
2020-10-18,22:05:00,19:03:00,88,Malaysia,32487947,20498,871.0,187,7.0,13262,701.0,7049,86,631,6.0,1885847,58048
2020-10-19,22:05:00,18:59:00,88,Malaysia,32489080,21363,865.0,190,3.0,13717,455.0,7456,99,658,6.0,1903515,58589
2020-10-20,22:05:00,19:04:00,88,Malaysia,32490213,22225,862.0,193,3.0,14351,634.0,7681,95,684,6.0,1921435,59139
2020-10-21,22:05:00,19:03:00,88,Malaysia,32491346,22957,732.0,199,6.0,14931,580.0,7827,102,707,6.0,1940261,59716
2020-10-22,22:05:00,19:04:00,88,Malaysia,32492479,23804,847.0,204,5.0,15417,486.0,8183,90,733,6.0,1956010,60199
2020-10-23,22:05:00,19:02:00,88,Malaysia,32493612,24514,710.0,214,10.0,15884,467.0,8416,90,754,7.0,1973780,60744
2020-10-24,23:41:00,20:40:00,88,Malaysia,32494745,25742,1228.0,221,7.0,16555,671.0,8966,92,792,7.0,1989231,61217
2020-10-25,23:00:00,20:58:00,88,Malaysia,32495878,26565,823.0,229,8.0,17134,579.0,9202,99,817,7.0,2006716,61753
2020-10-26,23:00:00,20:56:00,88,Malaysia,32497011,27805,1240.0,236,7.0,17825,691.0,9744,94,856,7.0,2025727,62336
2020-10-27,23:00:00,20:58:00,88,Malaysia,32498144,28640,835.0,238,2.0,18499,674.0,9903,89,881,7.0,2044398,62908
2020-10-28,23:00:00,20:58:00,88,Malaysia,32499277,29441,801.0,246,8.0,19072,573.0,10123,94,906,8.0,2064016,63510
2020-10-29,23:00:00,20:57:00,88,Malaysia,32500410,30090,649.0,246,0.0,19757,685.0,10087,106,926,8.0,2083700,64113
2020-10-30,23:00:00,20:58:00,88,Malaysia,32501543,30889,799.0,249,3.0,20248,491.0,10392,90,950,8.0,2101890,64670
2020-10-31,23:00:00,20:59:00,88,Malaysia,32502676,31548,659.0,249,0.0,21248,1000.0,10051,83,971,8.0,2118966,65194
2020-11-01,23:00:00,20:59:00,88,Malaysia,32503809,32505,957.0,249,0.0,22220,972.0,10036,97,1000,8.0,2137657,65766
2020-11-02,23:00:00,20:57:00,88,Malaysia,32504942,33339,834.0,251,2.0,23120,900.0,9968,91,1026,8.0,2156958,66358
2020-11-03,23:00:00,20:59:00,88,Malaysia,32506075,34393,1054.0,263,12.0,23995,875.0,10135,94,1058,8.0,2176725,66964
2020-11-04,23:00:00,20:57:00,88,Malaysia,32507208,35425,1032.0,271,8.0,24815,820.0,10339,82,1090,8.0,2198172,67621
2020-11-05,23:00:00,20:59:00,88,Malaysia,32508341,36434,1009.0,277,6.0,25654,839.0,10503,78,1121,9.0,2215701,68158
2020-11-06,23:00:00,20:58:00,88,Malaysia,32509474,38189,1755.0,279,2.0,26380,726.0,11530,83,1175,9.0,2238559,68859
2020-11-07,23:00:00,20:57:00,88,Malaysia,32510607,39357,1168.0,282,3.0,27409,1029.0,11666,87,1211,9.0,2258128,69458
2020-11-08,23:00:00,20:49:00,88,Malaysia,32511740,40209,852.0,286,4.0,28234,825.0,11689,94,1237,9.0,2275234,69982
2020-11-09,23:00:00,20:59:00,88,Malaysia,32512873,41181,972.0,294,8.0,29579,1345.0,11308,86,1267,9.0,2291344,70475
2020-11-10,23:00:00,20:59:00,88,Malaysia,32514006,42050,869.0,300,6.0,30304,725.0,11446,82,1293,9.0,2309836,71041
2020-11-11,23:00:00,20:56:00,88,Malaysia,32515139,42872,822.0,302,2.0,31073,769.0,11497,86,1319,9.0,2329033,71629
2020-11-12,23:00:00,20:59:00,88,Malaysia,32516272,43791,919.0,303,1.0,32069,996.0,11419,92,1347,9.0,2349211,72247
2020-11-13,23:00:00,20:58:00,88,Malaysia,32517405,45095,1304.0,304,1.0,32969,900.0,11822,96,1387,9.0,2366985,72791
2020-11-14,23:00:00,20:57:00,88,Malaysia,32518538,46209,1114.0,306,2.0,33772,803.0,12131,103,1421,9.0,2385504,73358
2020-11-15,23:00:00,20:53:00,88,Malaysia,32519671,47417,1208.0,309,3.0,34785,1013.0,12323,104,1458,10.0,2401043,73834
2020-11-16,23:00:00,20:59:00,88,Malaysia,32520804,48520,1103.0,313,4.0,35606,821.0,12601,102,1492,10.0,2401043,73831
