Date,Scrap_time,Update_time_GMT,Country_id,Country,Population,TotalCases,NewCases,TotalDeaths,NewDeaths,TotalRecovered,NewRecovered,ActiveCases,SeriousCritical,Tot_Cases_1Mpop,Deaths_1Mpop,TotalTests,Tests_1Mpop
2020-08-02,20:00:00,,100,Maldives,541318,3949,,17,,2613,,1319,12,7295,31.0,79817,147449
2020-08-08,20:00:00,,100,Maldives,541474,4769,820.0,19,2.0,2754,141.0,1996,12,8807,35.0,85587,158063
2020-08-12,20:00:00,,100,Maldives,541578,5223,454.0,20,1.0,2849,95.0,2354,12,9644,37.0,90704,167481
2020-08-16,20:00:00,,100,Maldives,541683,5679,456.0,22,2.0,3208,359.0,2449,12,10484,41.0,94865,175130
2020-08-17,20:00:00,,100,Maldives,541709,5785,106.0,22,0.0,3349,141.0,2414,12,10679,41.0,96175,177540
2020-08-18,20:00:00,,100,Maldives,541735,5909,124.0,23,1.0,3488,139.0,2398,12,10908,42.0,97211,179444
2020-08-19,20:00:00,,100,Maldives,541761,6079,170.0,24,1.0,3648,160.0,2407,12,11221,44.0,98175,181215
2020-08-20,17:53:00,,100,Maldives,541787,6225,146.0,24,0.0,3788,140.0,2413,12,11490,44.0,99300,183282
2020-08-23,21:09:00,,100,Maldives,541865,6660,435.0,26,2.0,4113,325.0,2521,12,12291,48.0,102682,189497
2020-08-24,17:10:00,,100,Maldives,541891,6779,119.0,26,0.0,4222,109.0,2531,12,12510,48.0,103654,191282
2020-08-25,23:00:00,,100,Maldives,541917,7047,268.0,28,2.0,4439,217.0,2580,12,13004,52.0,105855,195334
2020-08-26,22:59:00,,100,Maldives,541943,7225,178.0,28,0.0,4561,122.0,2636,12,13332,52.0,106909,197270
2020-08-27,23:00:00,,100,Maldives,541969,7329,104.0,28,0.0,4691,130.0,2610,12,13523,52.0,108099,199456
2020-08-28,23:01:00,,100,Maldives,541995,7469,140.0,28,0.0,4873,182.0,2568,12,13781,52.0,109120,201330
2020-08-29,12:29:00,,100,Maldives,542021,7469,0.0,28,0.0,4873,0.0,2568,12,13780,52.0,109120,201321
2020-08-30,23:00:00,,100,Maldives,542047,7667,198.0,28,0.0,5036,163.0,2603,12,14145,52.0,111738,206141
2020-08-31,18:58:00,,100,Maldives,542073,7667,0.0,28,0.0,5036,0.0,2603,12,14144,52.0,111738,206131
2020-09-01,23:00:00,,100,Maldives,542099,8003,336.0,29,1.0,5265,229.0,2709,12,14763,53.0,113885,210082
2020-09-02,23:01:00,,100,Maldives,542125,8140,137.0,29,0.0,5338,73.0,2773,12,15015,53.0,115727,213469
2020-09-03,23:01:00,,100,Maldives,542151,8281,141.0,29,0.0,5483,145.0,2769,12,15274,53.0,115727,213459
2020-09-04,07:01:00,,100,Maldives,542177,8281,0.0,29,0.0,5483,0.0,2769,12,15274,53.0,115727,213449
2020-09-05,23:31:00,,100,Maldives,542204,8486,205.0,29,0.0,5822,339.0,2635,12,15651,53.0,119460,220323
2020-09-06,18:30:00,,100,Maldives,542230,8486,0.0,29,0.0,5822,0.0,2635,12,15650,53.0,119460,220312
2020-09-07,23:39:00,,100,Maldives,542256,8667,181.0,29,0.0,6052,230.0,2586,12,15983,53.0,122148,225259
2020-09-08,22:10:00,,100,Maldives,542282,8741,74.0,29,0.0,6157,105.0,2555,12,16119,53.0,123472,227690
2020-09-09,22:01:00,,100,Maldives,542308,8834,93.0,31,2.0,6288,131.0,2515,12,16290,57.0,124966,230434
2020-09-10,22:01:00,,100,Maldives,542334,8900,66.0,31,0.0,6559,271.0,2310,12,16411,57.0,126675,233574
2020-09-11,22:00:00,,100,Maldives,542360,8990,90.0,31,0.0,6846,287.0,2113,12,16576,57.0,127961,235934
2020-09-12,22:22:00,,100,Maldives,542386,9052,62.0,31,0.0,7055,209.0,1966,12,16689,57.0,129055,237939
2020-09-13,22:01:00,,100,Maldives,542412,9052,0.0,32,1.0,7055,0.0,1965,12,16688,59.0,129055,237928
2020-09-14,22:04:00,,100,Maldives,542438,9173,121.0,32,0.0,7326,271.0,1815,12,16911,59.0,130356,240315
2020-09-15,21:00:00,,100,Maldives,542464,9328,155.0,33,1.0,7729,403.0,1566,12,17196,61.0,132880,244956
2020-09-16,21:01:00,,100,Maldives,542490,9427,99.0,33,0.0,7903,174.0,1491,12,17377,61.0,134520,247968
2020-09-18,20:01:00,,100,Maldives,542542,9494,67.0,33,0.0,8033,130.0,1428,12,17499,61.0,135958,250594
2020-09-19,21:00:00,,100,Maldives,542568,9649,155.0,33,0.0,8188,155.0,1428,12,17784,61.0,138608,255467
2020-09-20,22:31:00,,100,Maldives,542594,9724,75.0,33,0.0,8261,73.0,1430,12,17921,61.0,139812,257673
2020-09-21,21:01:00,,100,Maldives,542620,9770,46.0,34,1.0,8390,129.0,1346,12,18005,63.0,141184,260189
2020-09-22,21:01:00,,100,Maldives,542646,9770,0.0,34,0.0,8390,0.0,1346,12,18004,63.0,141184,260177
2020-09-23,19:58:00,,100,Maldives,542672,9818,48.0,34,0.0,8438,48.0,1346,12,18092,63.0,142374,262357
2020-09-24,21:00:00,,100,Maldives,542698,9885,67.0,34,0.0,8530,92.0,1321,12,18215,63.0,142374,262345
2020-09-25,21:00:00,,100,Maldives,542724,9939,54.0,34,0.0,8597,67.0,1308,12,18313,63.0,144928,267038
2020-09-26,21:00:00,,100,Maldives,542750,10014,75.0,34,0.0,8673,76.0,1307,12,18450,63.0,146417,269769
2020-09-27,22:45:00,,100,Maldives,542776,10098,84.0,34,0.0,8847,174.0,1217,12,18604,63.0,149135,274763
2020-09-28,22:00:00,,100,Maldives,542802,10157,59.0,34,0.0,8950,103.0,1173,12,18712,63.0,149135,274750
2020-09-29,21:35:00,,100,Maldives,542829,10194,37.0,34,0.0,9037,87.0,1123,12,18779,63.0,149135,274737
2020-09-30,22:00:00,,100,Maldives,542855,10291,97.0,34,0.0,9108,71.0,1149,12,18957,63.0,149135,274723
2020-10-01,21:31:00,,100,Maldives,542881,10291,0.0,34,0.0,9108,0.0,1149,12,18956,63.0,149135,274710
2020-10-02,22:36:00,,100,Maldives,542907,10354,63.0,34,0.0,9187,79.0,1133,12,19071,63.0,149135,274697
2020-10-03,22:24:00,,100,Maldives,542933,10465,111.0,34,0.0,9310,123.0,1121,12,19275,63.0,149135,274684
2020-10-04,21:01:00,,100,Maldives,542959,10530,65.0,34,0.0,9364,54.0,1132,12,19394,63.0,149135,274671
2020-10-05,22:13:00,,100,Maldives,542985,10530,0.0,34,0.0,9364,0.0,1132,12,19393,63.0,149135,274658
2020-10-06,23:01:00,,100,Maldives,543011,10621,91.0,34,0.0,9466,102.0,1121,12,19559,63.0,150743,277606
2020-10-07,23:01:00,,100,Maldives,543037,10621,0.0,34,0.0,9466,0.0,1121,12,19559,63.0,150743,277593
2020-10-08,23:59:00,,100,Maldives,543063,10742,121.0,34,0.0,9589,123.0,1119,12,19780,63.0,150743,277579
2020-10-09,23:00:00,,100,Maldives,543089,10808,66.0,34,0.0,9654,65.0,1120,12,19901,63.0,150743,277566
2020-10-10,23:00:00,,100,Maldives,543115,10808,0.0,34,0.0,9654,0.0,1120,12,19900,63.0,150743,277553
2020-10-12,23:10:00,,100,Maldives,543167,10894,86.0,35,1.0,9742,88.0,1117,12,20056,64.0,150743,277526
2020-10-13,23:01:00,,100,Maldives,543193,10993,99.0,35,0.0,9833,91.0,1125,12,20238,64.0,150743,277513
2020-10-14,23:01:00,,100,Maldives,543219,11062,69.0,35,0.0,9880,47.0,1147,12,20364,64.0,150743,277499
2020-10-15,14:09:00,11:06:00,100,Maldives,543245,11062,0.0,35,0.0,9880,0.0,1147,12,20363,64.0,150743,277486
2020-10-16,22:08:00,19:06:00,100,Maldives,543271,11154,92.0,35,0.0,9995,115.0,1124,12,20531,64.0,150743,277473
2020-10-17,23:01:00,19:58:00,100,Maldives,543297,11178,24.0,36,1.0,10097,102.0,1045,12,20574,66.0,150743,277460
2020-10-18,22:05:00,19:03:00,100,Maldives,543323,11210,32.0,37,1.0,10164,67.0,1009,12,20632,68.0,150743,277446
2020-10-19,22:05:00,18:59:00,100,Maldives,543349,11232,22.0,37,0.0,10201,37.0,994,12,20672,68.0,150743,277433
2020-10-20,22:05:00,19:04:00,100,Maldives,543375,11232,0.0,37,0.0,10201,0.0,994,12,20671,68.0,150743,277420
2020-10-21,22:05:00,19:03:00,100,Maldives,543401,11316,84.0,37,0.0,10284,83.0,995,12,20824,68.0,150743,277407
2020-10-22,22:05:00,19:04:00,100,Maldives,543428,11358,42.0,37,0.0,10383,99.0,938,12,20901,68.0,150743,277393
2020-10-23,22:05:00,19:02:00,100,Maldives,543454,11358,0.0,37,0.0,10383,0.0,938,12,20900,68.0,150743,277380
2020-10-24,23:41:00,20:40:00,100,Maldives,543480,11421,63.0,37,0.0,10472,89.0,912,12,21015,68.0,150743,277366
2020-10-25,23:00:00,20:58:00,100,Maldives,543506,11505,84.0,37,0.0,10524,52.0,944,12,21168,68.0,150743,277353
2020-10-26,23:00:00,20:56:00,100,Maldives,543532,11532,27.0,37,0.0,10563,39.0,932,12,21217,68.0,150743,277340
2020-10-27,23:00:00,20:58:00,100,Maldives,543558,11567,35.0,37,0.0,10652,89.0,878,12,21280,68.0,150743,277326
2020-10-28,23:00:00,20:58:00,100,Maldives,543584,11591,24.0,37,0.0,10685,33.0,869,12,21323,68.0,150743,277313
2020-10-29,23:00:00,20:57:00,100,Maldives,543610,11616,25.0,37,0.0,10733,48.0,846,12,21368,68.0,150743,277300
2020-10-30,23:00:00,20:58:00,100,Maldives,543636,11643,27.0,37,0.0,10779,46.0,827,12,21417,68.0,150743,277287
2020-10-31,23:00:00,20:59:00,100,Maldives,543662,11659,16.0,38,1.0,10814,35.0,807,12,21445,70.0,150743,277273
2020-11-01,23:00:00,20:59:00,100,Maldives,543688,11701,42.0,38,0.0,10883,69.0,780,12,21522,70.0,150743,277260
2020-11-02,23:00:00,20:57:00,100,Maldives,543714,11701,0.0,38,0.0,10883,0.0,780,12,21521,70.0,150743,277247
2020-11-03,23:00:00,20:59:00,100,Maldives,543740,11737,36.0,38,0.0,10916,33.0,783,12,21586,70.0,150743,277234
2020-11-04,23:00:00,20:57:00,100,Maldives,543766,11822,85.0,38,0.0,10991,75.0,793,12,21741,70.0,150743,277220
2020-11-05,23:00:00,20:59:00,100,Maldives,543792,11893,71.0,38,0.0,11010,19.0,845,12,21870,70.0,150743,277207
2020-11-06,23:00:00,20:58:00,100,Maldives,543818,11932,39.0,39,1.0,11041,31.0,852,12,21941,72.0,150743,277194
2020-11-07,23:00:00,20:57:00,100,Maldives,543844,11962,30.0,39,0.0,11066,25.0,857,12,21995,72.0,150743,277181
2020-11-08,23:00:00,20:49:00,100,Maldives,543870,11986,24.0,39,0.0,11092,26.0,855,12,22038,72.0,150743,277167
2020-11-09,23:00:00,20:59:00,100,Maldives,543896,12009,23.0,40,1.0,11132,40.0,837,12,22080,74.0,150743,277154
2020-11-10,23:00:00,20:59:00,100,Maldives,543922,12030,21.0,41,1.0,11182,50.0,807,12,22117,75.0,150743,277141
2020-11-11,23:00:00,20:56:00,100,Maldives,543948,12059,29.0,41,0.0,11199,17.0,819,12,22169,75.0,150743,277128
2020-11-12,23:00:00,20:59:00,100,Maldives,543974,12059,0.0,41,0.0,11199,0.0,819,12,22168,75.0,150743,277114
2020-11-13,23:00:00,20:58:00,100,Maldives,544000,12085,26.0,41,0.0,11225,26.0,819,12,22215,75.0,150743,277101
2020-11-14,23:00:00,20:57:00,100,Maldives,544027,12154,69.0,42,1.0,11262,37.0,850,12,22341,77.0,150743,277087
2020-11-15,23:00:00,20:53:00,100,Maldives,544053,12204,50.0,43,1.0,11289,27.0,872,12,22432,79.0,150743,277074
2020-11-16,23:00:00,20:59:00,100,Maldives,544079,12314,110.0,44,1.0,11316,27.0,954,12,22633,81.0,150743,277061
2020-11-17,23:00:00,20:58:00,100,Maldives,544105,12355,41.0,45,1.0,11388,72.0,922,12,22707,83.0,150743,277048
2020-11-18,23:00:00,20:57:00,100,Maldives,544131,12384,29.0,45,0.0,11406,18.0,933,12,22759,83.0,150743,277034
2020-11-19,23:00:00,20:59:00,100,Maldives,544157,12452,68.0,45,0.0,11475,69.0,932,12,22883,83.0,150743,277021
2020-11-20,23:00:00,20:59:00,100,Maldives,544183,12546,94.0,45,0.0,11497,22.0,1004,12,23055,83.0,150743,277008
2020-11-21,23:00:00,20:58:00,100,Maldives,544209,12578,32.0,45,0.0,11559,62.0,974,12,23112,83.0,150743,276995
2020-11-22,23:00:00,20:59:00,100,Maldives,544235,12608,30.0,46,1.0,11599,40.0,963,12,23166,85.0,150743,276981
2020-11-23,23:00:00,20:58:00,100,Maldives,544261,12758,150.0,46,0.0,11615,16.0,1097,12,23441,85.0,150743,276968
2020-11-24,23:00:00,20:57:00,100,Maldives,544287,12810,52.0,46,0.0,11660,45.0,1104,12,23535,85.0,150743,276955
2020-11-25,23:00:00,20:58:00,100,Maldives,544313,12854,44.0,46,0.0,11681,21.0,1127,12,23615,85.0,150743,276942
2020-11-26,23:00:00,20:47:00,100,Maldives,544339,12889,35.0,46,0.0,11717,36.0,1126,12,23678,85.0,150743,276929
2020-11-27,23:00:00,20:59:00,100,Maldives,544365,12933,44.0,46,0.0,11749,32.0,1138,12,23758,85.0,150743,276915
2020-11-28,23:00:00,20:46:00,100,Maldives,544391,12947,14.0,46,0.0,11781,32.0,1120,12,23783,84.0,150743,276902
2020-11-29,23:00:00,20:51:00,100,Maldives,544417,12994,47.0,46,0.0,11902,121.0,1046,12,23868,84.0,150743,276889
2020-11-30,23:00:00,20:57:00,100,Maldives,544443,13011,17.0,46,0.0,11939,37.0,1026,12,23898,84.0,248889,457144
2020-12-01,23:00:00,20:55:00,100,Maldives,544469,13049,38.0,47,1.0,11968,29.0,1034,12,23966,86.0,248889,457122
2020-12-02,23:00:00,20:58:00,100,Maldives,544495,13070,21.0,47,0.0,12001,33.0,1022,12,24004,86.0,248889,457101
2020-12-03,23:00:00,20:59:00,100,Maldives,544521,13106,36.0,47,0.0,12154,153.0,905,12,24069,86.0,248889,457079
2020-12-04,23:00:00,20:57:00,100,Maldives,544547,13143,37.0,47,0.0,12199,45.0,897,12,24136,86.0,248889,457057
2020-12-05,23:00:00,20:58:00,100,Maldives,544573,13143,0.0,47,0.0,12199,0.0,897,12,24135,86.0,248889,457035
2020-12-06,23:00:00,20:51:00,100,Maldives,544599,13159,16.0,47,0.0,12264,65.0,848,12,24163,86.0,248889,457013
2020-12-07,23:00:00,20:57:00,100,Maldives,544625,13213,54.0,47,0.0,12437,173.0,729,12,24261,86.0,251156,461154
2020-12-08,23:00:00,20:59:00,100,Maldives,544652,13248,35.0,47,0.0,12487,50.0,714,12,24324,86.0,251156,461131
2020-12-09,23:00:00,20:59:00,100,Maldives,544678,13274,26.0,47,0.0,12591,104.0,636,12,24370,86.0,261047,479268
2020-12-10,23:00:00,20:59:00,100,Maldives,544704,13308,34.0,47,0.0,12621,30.0,640,12,24432,86.0,263107,483027
2020-12-11,23:00:00,20:59:00,100,Maldives,544730,13326,18.0,48,1.0,12640,19.0,638,12,24463,88.0,265469,487341
2020-12-12,23:00:00,20:58:00,100,Maldives,544756,13348,22.0,48,0.0,12659,19.0,641,12,24503,88.0,267308,490693
2020-12-13,23:00:00,20:59:00,100,Maldives,544782,13368,20.0,48,0.0,12706,47.0,614,12,24538,88.0,269425,494556
2020-12-14,23:35:00,21:34:00,100,Maldives,544808,13379,11.0,48,0.0,12731,25.0,600,12,24557,88.0,271346,498058
2020-12-15,23:00:00,20:59:00,100,Maldives,544834,13392,13.0,48,0.0,12760,29.0,584,12,24580,88.0,274076,503045
2020-12-16,23:00:00,20:58:00,100,Maldives,544860,13402,10.0,48,0.0,12786,26.0,568,12,24597,88.0,276944,508285
2020-12-17,23:00:00,20:56:00,100,Maldives,544886,13402,0.0,48,0.0,12786,0.0,568,12,24596,88.0,276944,508260
2020-12-18,23:00:00,20:57:00,100,Maldives,544912,13444,42.0,48,0.0,12836,50.0,560,12,24672,88.0,283243,519796
2020-12-19,23:59:00,22:11:00,100,Maldives,544938,13474,30.0,48,0.0,12878,42.0,548,47,24726,88.0,286354,525480
2020-12-20,23:00:00,20:54:00,100,Maldives,544964,13493,19.0,48,0.0,12895,17.0,550,47,24759,88.0,289322,530901
2020-12-21,23:00:00,20:59:00,100,Maldives,544990,13501,8.0,48,0.0,12929,34.0,524,47,24773,88.0,291924,535650
2020-12-22,23:00:00,20:59:00,100,Maldives,545016,13524,23.0,48,0.0,12960,31.0,516,47,24814,88.0,294401,540169
2020-12-23,23:00:00,20:58:00,100,Maldives,545042,13537,13.0,48,0.0,12983,23.0,506,39,24837,88.0,296732,544420
2020-12-24,23:00:00,20:55:00,100,Maldives,545068,13558,21.0,48,0.0,13011,28.0,499,39,24874,88.0,299468,549414
2020-12-25,23:00:00,20:59:00,100,Maldives,545094,13583,25.0,48,0.0,13026,15.0,509,39,24919,88.0,301481,553081
2020-12-26,23:00:00,20:59:00,100,Maldives,545120,13618,35.0,48,0.0,13050,24.0,520,39,24982,88.0,303585,556914
2020-12-27,23:00:00,20:56:00,100,Maldives,545146,13644,26.0,48,0.0,13072,22.0,524,39,25028,88.0,306361,561980
2020-12-28,23:00:00,20:58:00,100,Maldives,545172,13660,16.0,48,0.0,13082,10.0,530,39,25056,88.0,308873,566561
2020-12-29,23:00:00,20:54:00,100,Maldives,545198,13691,31.0,48,0.0,13109,27.0,534,39,25112,88.0,311514,571378
2020-12-30,23:00:00,20:54:00,100,Maldives,545224,13738,47.0,48,0.0,13125,16.0,565,29,25197,88.0,314249,576367
