Date,Scrap_time,Update_time_GMT,Country_id,Country,Population,TotalCases,NewCases,TotalDeaths,NewDeaths,TotalRecovered,NewRecovered,ActiveCases,SeriousCritical,Tot_Cases_1Mpop,Deaths_1Mpop,TotalTests,Tests_1Mpop
2020-08-02,20:00:00,,140,Malta,441647,860,,9,,666,,185,,1947,20.0,130165,294726
2020-08-08,20:00:00,,140,Malta,441666,1035,175.0,9,0.0,675,9.0,351,,2343,20.0,138430,313427
2020-08-12,20:00:00,,140,Malta,441679,1141,106.0,9,0.0,692,17.0,440,,2583,20.0,145267,328897
2020-08-16,20:00:00,,140,Malta,441692,1348,207.0,9,0.0,782,90.0,557,3.0,3052,20.0,154522,349841
2020-08-17,20:00:00,,140,Malta,441695,1375,27.0,9,0.0,759,-23.0,607,3.0,3113,20.0,158933,359825
2020-08-18,20:00:00,,140,Malta,441698,1423,48.0,9,0.0,766,7.0,648,,3222,20.0,161057,364631
2020-08-19,20:00:00,,140,Malta,441702,1470,47.0,9,0.0,784,18.0,677,,3328,20.0,163318,369747
2020-08-20,17:53:00,,140,Malta,441705,1510,40.0,9,0.0,802,18.0,699,,3419,20.0,166348,376604
2020-08-23,21:09:00,,140,Malta,441714,1612,102.0,10,1.0,934,132.0,668,,3649,23.0,173276,392281
2020-08-24,17:10:00,,140,Malta,441718,1667,55.0,10,0.0,977,43.0,680,,3774,23.0,175470,397244
2020-08-25,23:00:00,,140,Malta,441721,1705,38.0,10,0.0,1029,52.0,666,,3860,23.0,177518,401878
2020-08-26,22:59:00,,140,Malta,441724,1751,46.0,10,0.0,1077,48.0,664,,3964,23.0,179703,406822
2020-08-27,23:00:00,,140,Malta,441727,1788,37.0,10,0.0,1121,44.0,657,,4048,23.0,182245,412574
2020-08-28,23:01:00,,140,Malta,441730,1820,32.0,10,0.0,1186,65.0,624,,4120,23.0,184354,417345
2020-08-29,12:29:00,,140,Malta,441734,1820,0.0,10,0.0,1186,0.0,624,3.0,4120,23.0,184354,417342
2020-08-30,23:00:00,,140,Malta,441737,1862,42.0,12,2.0,1313,127.0,537,,4215,27.0,188553,426844
2020-08-31,18:58:00,,140,Malta,441740,1883,21.0,12,0.0,1400,87.0,471,,4263,27.0,190593,431460
2020-09-01,23:00:00,,140,Malta,441743,1909,26.0,12,0.0,1453,53.0,444,,4322,27.0,192509,435794
2020-09-02,23:01:00,,140,Malta,441747,1931,22.0,13,1.0,1490,37.0,428,,4371,29.0,194576,440469
2020-09-03,23:01:00,,140,Malta,441750,1965,34.0,13,0.0,1528,38.0,424,,4448,29.0,197014,445985
2020-09-04,07:01:00,,140,Malta,441753,1965,0.0,13,0.0,1528,0.0,424,,4448,29.0,197014,445982
2020-09-05,23:31:00,,140,Malta,441756,2014,49.0,14,1.0,1601,73.0,399,2.0,4559,32.0,200586,454065
2020-09-06,18:30:00,,140,Malta,441759,2039,25.0,14,0.0,1627,26.0,398,2.0,4616,32.0,202137,457573
2020-09-07,23:39:00,,140,Malta,441763,2076,37.0,14,0.0,1690,63.0,372,2.0,4699,32.0,203777,461281
2020-09-08,22:10:00,,140,Malta,441766,2099,23.0,14,0.0,1729,39.0,356,2.0,4751,32.0,205141,464366
2020-09-10,22:01:00,,140,Malta,441772,2204,105.0,14,0.0,1803,74.0,387,2.0,4989,32.0,209142,473416
2020-09-11,22:00:00,,140,Malta,441775,2247,43.0,15,1.0,1833,30.0,399,,5086,34.0,211236,478153
2020-09-12,22:22:00,,140,Malta,441779,2274,27.0,15,0.0,1850,17.0,409,,5147,34.0,212883,481877
2020-09-13,22:01:00,,140,Malta,441782,2352,78.0,15,0.0,1872,22.0,465,2.0,5324,34.0,215290,487322
2020-09-14,22:04:00,,140,Malta,441785,2405,53.0,16,1.0,1890,18.0,499,2.0,5444,36.0,217026,491248
2020-09-15,21:00:00,,140,Malta,441788,2454,49.0,16,0.0,1931,41.0,507,2.0,5555,36.0,218692,495016
2020-09-16,21:01:00,,140,Malta,441791,2560,106.0,16,0.0,1953,22.0,591,2.0,5795,36.0,221162,500603
2020-09-18,20:01:00,,140,Malta,441798,2634,74.0,17,1.0,1996,43.0,621,2.0,5962,38.0,226330,512293
2020-09-19,21:00:00,,140,Malta,441801,2699,65.0,19,2.0,2017,21.0,663,2.0,6109,43.0,229252,518903
2020-09-20,22:31:00,,140,Malta,441804,2731,32.0,20,1.0,2047,30.0,664,2.0,6181,45.0,231448,523870
2020-09-21,21:01:00,,140,Malta,441807,2776,45.0,23,3.0,2079,32.0,674,2.0,6283,52.0,233231,527902
2020-09-22,21:01:00,,140,Malta,441811,2814,38.0,23,0.0,2113,34.0,678,,6369,52.0,235640,533350
2020-09-23,19:58:00,,140,Malta,441814,2856,42.0,25,2.0,2173,60.0,658,,6464,57.0,238084,538878
2020-09-24,21:00:00,,140,Malta,441817,2898,42.0,27,2.0,2191,18.0,680,,6559,61.0,240387,544087
2020-09-25,21:00:00,,140,Malta,441820,2929,31.0,29,2.0,2261,70.0,639,,6629,66.0,242932,549844
2020-09-26,21:00:00,,140,Malta,441823,2958,29.0,31,2.0,2304,43.0,623,,6695,70.0,245028,554584
2020-09-27,22:45:00,,140,Malta,441827,2979,21.0,31,0.0,2358,54.0,590,,6742,70.0,247354,559844
2020-09-28,22:00:00,,140,Malta,441830,3006,27.0,32,1.0,2399,41.0,575,,6804,72.0,249656,565050
2020-09-29,21:35:00,,140,Malta,441833,3035,29.0,34,2.0,2484,85.0,517,,6869,77.0,251772,569835
2020-09-30,22:00:00,,140,Malta,441836,3058,23.0,35,1.0,2562,78.0,461,,6921,79.0,253983,574835
2020-10-01,21:31:00,,140,Malta,441839,3095,37.0,35,0.0,2605,43.0,455,,7005,79.0,256557,580657
2020-10-02,22:36:00,,140,Malta,441843,3139,44.0,37,2.0,2668,63.0,434,,7104,84.0,258809,585749
2020-10-03,22:24:00,,140,Malta,441846,3204,65.0,38,1.0,2711,43.0,455,,7251,86.0,260917,590516
2020-10-04,21:01:00,,140,Malta,441849,3270,66.0,39,1.0,2758,47.0,473,,7401,88.0,263454,596253
2020-10-05,22:13:00,,140,Malta,441852,3327,57.0,39,0.0,2770,12.0,518,,7530,88.0,265630,601174
2020-10-06,23:01:00,,140,Malta,441855,3374,47.0,40,1.0,2812,42.0,522,,7636,91.0,267591,605608
2020-10-07,23:01:00,,140,Malta,441859,3442,68.0,41,1.0,2865,53.0,536,,7790,93.0,270088,611254
2020-10-08,23:59:00,,140,Malta,441862,3506,64.0,41,0.0,2884,19.0,581,,7935,93.0,272579,616887
2020-10-09,23:00:00,,140,Malta,441865,3581,75.0,41,0.0,2915,31.0,625,,8104,93.0,275311,623066
2020-10-10,23:00:00,,140,Malta,441868,3681,100.0,41,0.0,2937,22.0,703,9.0,8331,93.0,277626,628301
2020-10-12,23:10:00,,140,Malta,441875,3844,163.0,43,2.0,2981,44.0,820,9.0,8699,97.0,282095,638405
2020-10-13,23:01:00,,140,Malta,441878,3937,93.0,44,1.0,3012,31.0,881,9.0,8910,100.0,284352,643508
2020-10-14,23:01:00,,140,Malta,441881,4048,111.0,44,0.0,3064,52.0,940,9.0,9161,100.0,287113,649752
2020-10-15,14:09:00,11:06:00,140,Malta,441884,4160,112.0,45,1.0,3106,42.0,1009,9.0,9414,102.0,289594,655362
2020-10-16,22:08:00,19:06:00,140,Malta,441887,4282,122.0,45,0.0,3142,36.0,1095,6.0,9690,102.0,292476,661880
2020-10-17,23:01:00,19:58:00,140,Malta,441891,4486,204.0,45,0.0,3184,42.0,1257,6.0,10152,102.0,295361,668402
2020-10-18,22:05:00,19:03:00,140,Malta,441894,4628,142.0,45,0.0,3236,52.0,1347,6.0,10473,102.0,297765,673838
2020-10-19,22:05:00,18:59:00,140,Malta,441897,4737,109.0,45,0.0,3242,6.0,1450,6.0,10720,102.0,300326,679629
2020-10-20,22:05:00,19:04:00,140,Malta,441900,4871,134.0,46,1.0,3282,40.0,1543,6.0,11023,104.0,303016,685712
2020-10-21,22:05:00,19:03:00,140,Malta,441903,5026,155.0,46,0.0,3331,49.0,1649,6.0,11374,104.0,305839,692095
2020-10-22,22:05:00,19:04:00,140,Malta,441907,5137,111.0,49,3.0,3384,53.0,1704,6.0,11625,111.0,308790,698767
2020-10-23,22:05:00,19:02:00,140,Malta,441910,5258,121.0,49,0.0,3439,55.0,1770,6.0,11898,111.0,311475,704838
2020-10-24,23:41:00,20:40:00,140,Malta,441913,5373,115.0,50,1.0,3478,39.0,1845,6.0,12159,113.0,314619,711948
2020-10-25,23:00:00,20:58:00,140,Malta,441916,5498,125.0,51,1.0,3567,89.0,1880,6.0,12441,115.0,317904,719377
2020-10-26,23:00:00,20:56:00,140,Malta,441920,5578,80.0,53,2.0,3630,63.0,1895,,12622,120.0,320715,725731
2020-10-27,23:00:00,20:58:00,140,Malta,441923,5685,107.0,55,2.0,3715,85.0,1915,,12864,124.0,323634,732331
2020-10-28,23:00:00,20:58:00,140,Malta,441926,5760,75.0,56,1.0,3789,74.0,1915,,13034,127.0,326580,738993
2020-10-29,23:00:00,20:57:00,140,Malta,441929,5866,106.0,59,3.0,3880,91.0,1927,15.0,13274,134.0,329546,745699
2020-10-30,23:00:00,20:58:00,140,Malta,441932,5942,76.0,61,2.0,3990,110.0,1891,15.0,13446,138.0,332621,752652
2020-10-31,23:00:00,20:59:00,140,Malta,441936,6042,100.0,62,1.0,4155,165.0,1825,15.0,13672,140.0,336319,761013
2020-11-01,23:00:00,20:59:00,140,Malta,441939,6182,140.0,64,2.0,4286,131.0,1832,15.0,13988,145.0,339733,768733
2020-11-02,23:00:00,20:57:00,140,Malta,441942,6400,218.0,66,2.0,4397,111.0,1937,15.0,14482,149.0,343290,776776
2020-11-03,23:00:00,20:59:00,140,Malta,441945,6506,106.0,64,-2.0,4505,108.0,1937,15.0,14721,145.0,346106,783143
2020-11-04,23:00:00,20:57:00,140,Malta,441948,6590,84.0,65,1.0,4672,167.0,1853,15.0,14911,147.0,349150,790025
2020-11-05,23:00:00,20:59:00,140,Malta,441952,6764,174.0,70,5.0,4765,93.0,1929,15.0,15305,158.0,351992,796448
2020-11-06,23:00:00,20:58:00,140,Malta,441955,6893,129.0,73,3.0,4832,67.0,1988,15.0,15597,165.0,355515,804414
2020-11-07,23:00:00,20:57:00,140,Malta,441958,7039,146.0,74,1.0,5000,168.0,1965,15.0,15927,167.0,358456,811063
2020-11-08,23:00:00,20:49:00,140,Malta,441961,7141,102.0,76,2.0,5103,103.0,1962,15.0,16158,172.0,361398,817715
2020-11-09,23:00:00,20:59:00,140,Malta,441964,7243,102.0,78,2.0,5185,82.0,1980,15.0,16388,176.0,364249,824160
2020-11-10,23:00:00,20:59:00,140,Malta,441968,7396,153.0,81,3.0,5274,89.0,2041,15.0,16734,183.0,367545,831610
2020-11-11,23:00:00,20:56:00,140,Malta,441971,7537,141.0,88,7.0,5371,97.0,2078,15.0,17053,199.0,370559,838424
2020-11-12,23:00:00,20:59:00,140,Malta,441974,7646,109.0,88,0.0,5479,108.0,2079,15.0,17300,199.0,374019,846247
2020-11-13,23:00:00,20:58:00,140,Malta,441977,7796,150.0,92,4.0,5580,101.0,2124,15.0,17639,208.0,377054,853108
2020-11-14,23:00:00,20:57:00,140,Malta,441980,7917,121.0,95,3.0,5702,122.0,2120,13.0,17913,215.0,380009,859788
2020-11-15,23:00:00,20:53:00,140,Malta,441984,8034,117.0,97,2.0,5765,63.0,2172,13.0,18177,219.0,383129,866839
2020-11-16,23:00:00,20:59:00,140,Malta,441987,8137,103.0,98,1.0,5888,123.0,2151,13.0,18410,222.0,386318,874048
2020-11-17,23:00:00,20:58:00,140,Malta,441990,8247,110.0,101,3.0,6049,161.0,2097,13.0,18659,229.0,388663,879348
2020-11-18,23:00:00,20:57:00,140,Malta,441993,8420,173.0,103,2.0,6184,135.0,2133,13.0,19050,233.0,392043,886989
2020-11-19,23:00:00,20:59:00,140,Malta,441996,8560,140.0,104,1.0,6301,117.0,2155,13.0,19367,235.0,395136,893981
2020-11-20,23:00:00,20:59:00,140,Malta,442000,8681,121.0,108,4.0,6406,105.0,2167,13.0,19640,244.0,398513,901613
2020-11-21,23:00:00,20:58:00,140,Malta,442003,8822,141.0,111,3.0,6565,159.0,2146,13.0,19959,251.0,401904,909279
2020-11-22,23:00:00,20:59:00,140,Malta,442006,8924,102.0,111,0.0,6654,89.0,2159,13.0,20190,251.0,405125,916560
2020-11-23,23:00:00,20:58:00,140,Malta,442009,9004,80.0,113,2.0,6831,177.0,2060,13.0,20371,256.0,407317,921513
2020-11-24,23:00:00,20:57:00,140,Malta,442012,9137,133.0,117,4.0,6938,107.0,2082,13.0,20671,265.0,409981,927534
2020-11-25,23:00:00,20:58:00,140,Malta,442016,9253,116.0,122,5.0,7062,124.0,2069,18.0,20934,276.0,413011,934380
2020-11-26,23:00:00,20:47:00,140,Malta,442019,9405,152.0,125,3.0,7165,103.0,2115,18.0,21277,283.0,415971,941070
2020-11-27,23:00:00,20:59:00,140,Malta,442022,9501,96.0,128,3.0,7297,132.0,2076,18.0,21494,290.0,419020,947962
2020-11-28,23:00:00,20:46:00,140,Malta,442025,9609,108.0,132,4.0,7418,121.0,2059,18.0,21739,299.0,421890,954448
2020-11-29,23:00:00,20:51:00,140,Malta,442028,9752,143.0,133,1.0,7557,139.0,2062,18.0,22062,301.0,424923,961303
2020-11-30,23:00:00,20:57:00,140,Malta,442032,9873,121.0,137,4.0,7665,108.0,2071,18.0,22335,310.0,428014,968287
2020-12-01,23:00:00,20:55:00,140,Malta,442035,9975,102.0,141,4.0,7748,83.0,2086,18.0,22566,319.0,430782,974543
2020-12-02,23:00:00,20:58:00,140,Malta,442038,10101,126.0,146,5.0,7887,139.0,2068,18.0,22851,330.0,433468,980613
2020-12-03,23:00:00,20:59:00,140,Malta,442041,10197,96.0,148,2.0,8015,128.0,2034,18.0,23068,335.0,436377,987187
2020-12-04,23:00:00,20:57:00,140,Malta,442044,10320,123.0,149,1.0,8120,105.0,2051,18.0,23346,337.0,439477,994193
2020-12-05,23:00:00,20:58:00,140,Malta,442048,10423,103.0,149,0.0,8289,169.0,1985,18.0,23579,337.0,442487,1000993
2020-12-06,23:00:00,20:51:00,140,Malta,442051,10520,97.0,151,2.0,8396,107.0,1973,18.0,23798,342.0,445394,1007562
2020-12-07,23:00:00,20:57:00,140,Malta,442054,10659,139.0,155,4.0,8497,101.0,2007,18.0,24112,351.0,448586,1014776
2020-12-08,23:00:00,20:59:00,140,Malta,442057,10699,40.0,157,2.0,8641,144.0,1901,18.0,24203,355.0,450362,1018787
2020-12-09,23:00:00,20:59:00,140,Malta,442060,10778,79.0,160,3.0,8720,79.0,1898,18.0,24381,362.0,453271,1025361
2020-12-10,23:00:00,20:59:00,140,Malta,442064,10884,106.0,164,4.0,8848,128.0,1872,18.0,24621,371.0,455897,1031292
2020-12-11,23:00:00,20:59:00,140,Malta,442067,10980,96.0,166,2.0,8935,87.0,1879,18.0,24838,376.0,458737,1037709
2020-12-12,23:00:00,20:58:00,140,Malta,442070,11101,121.0,166,0.0,9079,144.0,1856,18.0,25111,376.0,461770,1044563
2020-12-13,23:00:00,20:59:00,140,Malta,442073,11153,52.0,169,3.0,9169,90.0,1815,18.0,25229,382.0,464429,1050571
2020-12-14,23:35:00,21:34:00,140,Malta,442077,11254,101.0,174,5.0,9319,150.0,1761,18.0,25457,394.0,467407,1057298
2020-12-15,23:00:00,20:59:00,140,Malta,442080,11303,49.0,177,3.0,9420,101.0,1706,18.0,25568,400.0,469853,1062823
2020-12-16,23:00:00,20:58:00,140,Malta,442083,11415,112.0,180,3.0,9516,96.0,1719,18.0,25821,407.0,472902,1069713
2020-12-17,23:00:00,20:56:00,140,Malta,442086,11475,60.0,182,2.0,9670,154.0,1623,18.0,25956,412.0,475539,1075671
2020-12-18,23:00:00,20:57:00,140,Malta,442089,11569,94.0,183,1.0,9780,110.0,1606,18.0,26169,414.0,479097,1083712
2020-12-19,23:59:00,22:11:00,140,Malta,442093,11621,52.0,187,4.0,9881,101.0,1553,18.0,26286,423.0,481709,1089610
2020-12-20,23:00:00,20:54:00,140,Malta,442096,11714,93.0,190,3.0,9978,97.0,1546,18.0,26497,430.0,485650,1098517
2020-12-21,23:00:00,20:59:00,140,Malta,442099,11802,88.0,194,4.0,10115,137.0,1493,18.0,26695,439.0,488518,1104997
2020-12-22,23:00:00,20:59:00,140,Malta,442102,11910,108.0,196,2.0,10161,46.0,1553,18.0,26939,443.0,491306,1111296
2020-12-23,23:00:00,20:58:00,140,Malta,442105,11992,82.0,201,5.0,10293,132.0,1498,18.0,27125,455.0,493915,1117189
2020-12-24,23:00:00,20:55:00,140,Malta,442109,12062,70.0,203,2.0,10423,130.0,1436,18.0,27283,459.0,496843,1123802
2020-12-25,23:00:00,20:59:00,140,Malta,442112,12112,50.0,203,0.0,10547,124.0,1362,18.0,27396,459.0,499340,1129442
2020-12-26,23:00:00,20:59:00,140,Malta,442115,12241,129.0,206,3.0,10550,3.0,1485,18.0,27687,466.0,501411,1134119
2020-12-27,23:00:00,20:56:00,140,Malta,442118,12325,84.0,210,4.0,10668,118.0,1447,18.0,27877,475.0,503660,1139198
2020-12-28,23:00:00,20:58:00,140,Malta,442121,12426,101.0,215,5.0,10791,123.0,1420,18.0,28105,486.0,506059,1144617
2020-12-29,23:00:00,20:54:00,140,Malta,442125,12541,115.0,215,0.0,10919,128.0,1407,18.0,28365,486.0,508856,1150932
2020-12-30,23:00:00,20:54:00,140,Malta,442128,12665,124.0,216,1.0,11057,138.0,1392,18.0,28646,489.0,511899,1157807
2020-12-31,23:00:00,20:44:00,140,Malta,442131,12774,109.0,219,3.0,11121,64.0,1434,18.0,28892,495.0,514757,1164264
2021-01-01,23:00:00,20:54:00,140,Malta,442134,12909,135.0,219,0.0,11178,57.0,1512,18.0,29197,495.0,517536,1170541
2021-01-02,23:00:00,20:56:00,140,Malta,442137,12997,88.0,220,1.0,11211,33.0,1566,18.0,29396,498.0,519346,1174627
2021-01-03,23:00:00,20:59:00,140,Malta,442141,13082,85.0,220,0.0,11275,64.0,1587,18.0,29588,498.0,521341,1179128
2021-01-04,23:00:00,20:57:00,140,Malta,442144,13230,148.0,222,2.0,11386,111.0,1622,18.0,29922,502.0,524256,1185713
2021-01-05,23:00:00,20:51:00,140,Malta,442147,13388,158.0,226,4.0,11460,74.0,1702,18.0,30280,511.0,526858,1191590
2021-01-06,23:00:00,20:59:00,140,Malta,442150,13612,224.0,227,1.0,11540,80.0,1845,18.0,30786,513.0,530223,1199193
2021-01-07,23:00:00,20:59:00,140,Malta,442153,13776,164.0,228,1.0,11613,73.0,1935,18.0,31157,516.0,533029,1205531
2021-01-08,23:00:00,20:59:00,140,Malta,442157,13967,191.0,230,2.0,11690,77.0,2047,18.0,31588,520.0,536668,1213750
2021-01-09,23:00:00,20:55:00,140,Malta,442160,14212,245.0,232,2.0,11759,69.0,2221,18.0,32142,525.0,540260,1221865
2021-01-10,23:32:00,21:29:00,140,Malta,442163,14396,184.0,233,1.0,11841,82.0,2322,18.0,32558,527.0,543558,1229316
2021-01-11,12:22:00,10:21:00,140,Malta,442166,14396,0.0,233,0.0,11841,0.0,2322,18.0,32558,527.0,543558,1229308
