scrap_date,scrap_time,update date,update time-GMT,Country_id,Country,Population,TotalCases,NewCases,TotalDeaths,NewDeaths,TotalRecovered,NewRecovered,ActiveCases,"Serious,Critical",Tot_Cases_1M_pop,Deaths/1M pop,TotalTests,Tests_1M_pop,Continent_id
2020-08-02,20:00:00,2020-08-02,,140,Malta,441647,860,15.0,9,,666,1.0,185,,1947,20.0,130165,294726,4
2020-08-08,20:00:00,2020-08-08,,140,Malta,441666,1035,40.0,9,,675,,351,,2343,20.0,138430,313427,4
2020-08-12,20:00:00,2020-08-12,,140,Malta,441679,1141,,9,,692,,440,,2583,20.0,145267,328897,4
2020-08-16,20:00:00,2020-08-16,,140,Malta,441692,1348,,9,,782,,557,3.0,3052,20.0,154522,349841,4
2020-08-17,20:00:00,2020-08-17,,140,Malta,441695,1375,69.0,9,,759,10.0,607,3.0,3113,20.0,158933,359825,4
2020-08-18,20:00:00,2020-08-18,,140,Malta,441698,1423,48.0,9,,766,7.0,648,,3222,20.0,161057,364631,4
2020-08-19,20:00:00,2020-08-19,,140,Malta,441702,1470,47.0,9,,784,18.0,677,,3328,20.0,163318,369747,4
2020-08-20,17:53:00,2020-08-20,,140,Malta,441705,1510,40.0,9,,802,18.0,699,,3419,20.0,166348,376604,4
2020-08-23,21:09:00,2020-08-23,,140,Malta,441714,1612,35.0,10,,934,33.0,668,,3649,23.0,173276,392281,4
2020-08-24,17:10:00,2020-08-24,,140,Malta,441718,1667,55.0,10,,977,43.0,680,,3774,23.0,175470,397244,4
2020-08-25,23:00:00,2020-08-25,,140,Malta,441721,1705,38.0,10,,1029,52.0,666,,3860,23.0,177518,401878,4
2020-08-26,22:59:00,2020-08-26,,140,Malta,441724,1751,46.0,10,,1077,48.0,664,,3964,23.0,179703,406822,4
2020-08-27,23:00:00,2020-08-27,,140,Malta,441727,1788,37.0,10,,1121,44.0,657,,4048,23.0,182245,412574,4
2020-08-28,23:01:00,2020-08-28,,140,Malta,441730,1820,32.0,10,,1186,65.0,624,,4120,23.0,184354,417345,4
2020-08-29,12:29:00,2020-08-29,,140,Malta,441734,1820,,10,,1186,,624,3.0,4120,23.0,184354,417342,4
2020-08-30,23:00:00,2020-08-30,,140,Malta,441737,1862,15.0,12,1.0,1313,69.0,537,,4215,27.0,188553,426844,4
2020-08-31,18:58:00,2020-08-31,,140,Malta,441740,1883,21.0,12,,1400,87.0,471,,4263,27.0,190593,431460,4
2020-09-01,23:00:00,2020-09-01,,140,Malta,441743,1909,26.0,12,,1453,53.0,444,,4322,27.0,192509,435794,4
2020-09-02,23:01:00,2020-09-02,,140,Malta,441747,1931,22.0,13,1.0,1490,37.0,428,,4371,29.0,194576,440469,4
2020-09-03,23:01:00,2020-09-03,,140,Malta,441750,1965,34.0,13,,1528,38.0,424,,4448,29.0,197014,445985,4
2020-09-04,07:01:00,2020-09-04,,140,Malta,441753,1965,,13,,1528,,424,,4448,29.0,197014,445982,4
2020-09-05,23:31:00,2020-09-05,,140,Malta,441756,2014,30.0,14,1.0,1601,36.0,399,2.0,4559,32.0,200586,454065,4
2020-09-06,18:30:00,2020-09-06,,140,Malta,441759,2039,25.0,14,,1627,26.0,398,2.0,4616,32.0,202137,457573,4
2020-09-07,23:39:00,2020-09-07,,140,Malta,441763,2076,37.0,14,,1690,63.0,372,2.0,4699,32.0,203777,461281,4
2020-09-08,22:10:00,2020-09-08,,140,Malta,441766,2099,23.0,14,,1729,39.0,356,2.0,4751,32.0,205141,464366,4
2020-09-10,22:01:00,2020-09-10,,140,Malta,441772,2204,42.0,14,,1803,43.0,387,2.0,4989,32.0,209142,473416,4
2020-09-11,22:00:00,2020-09-11,,140,Malta,441775,2247,43.0,15,1.0,1833,30.0,399,,5086,34.0,211236,478153,4
2020-09-12,22:22:00,2020-09-12,,140,Malta,441779,2274,27.0,15,,1850,17.0,409,,5147,34.0,212883,481877,4
2020-09-13,22:01:00,2020-09-13,,140,Malta,441782,2352,78.0,15,,1872,22.0,465,2.0,5324,34.0,215290,487322,4
2020-09-14,22:04:00,2020-09-14,,140,Malta,441785,2405,53.0,16,1.0,1890,18.0,499,2.0,5444,36.0,217026,491248,4
2020-09-15,21:00:00,2020-09-15,,140,Malta,441788,2454,49.0,16,,1931,41.0,507,2.0,5555,36.0,218692,495016,4
2020-09-16,21:01:00,2020-09-16,,140,Malta,441791,2560,106.0,16,,1953,22.0,591,2.0,5795,36.0,221162,500603,4
2020-09-18,20:01:00,2020-09-18,,140,Malta,441798,2634,39.0,17,1.0,1996,18.0,621,2.0,5962,38.0,226330,512293,4
2020-09-19,21:00:00,2020-09-19,,140,Malta,441801,2699,65.0,19,2.0,2017,21.0,663,2.0,6109,43.0,229252,518903,4
2020-09-20,22:31:00,2020-09-20,,140,Malta,441804,2731,32.0,20,1.0,2047,30.0,664,2.0,6181,45.0,231448,523870,4
2020-09-21,21:01:00,2020-09-21,,140,Malta,441807,2776,45.0,23,3.0,2079,32.0,674,2.0,6283,52.0,233231,527902,4
2020-09-22,21:01:00,2020-09-22,,140,Malta,441811,2814,38.0,23,,2113,34.0,678,,6369,52.0,235640,533350,4
2020-09-23,19:58:00,2020-09-23,,140,Malta,441814,2856,42.0,25,2.0,2173,60.0,658,,6464,57.0,238084,538878,4
2020-09-24,21:00:00,2020-09-24,,140,Malta,441817,2898,42.0,27,2.0,2191,18.0,680,,6559,61.0,240387,544087,4
2020-09-25,21:00:00,2020-09-25,,140,Malta,441820,2929,31.0,29,2.0,2261,70.0,639,,6629,66.0,242932,549844,4
2020-09-26,21:00:00,2020-09-26,,140,Malta,441823,2958,29.0,31,2.0,2304,43.0,623,,6695,70.0,245028,554584,4
2020-09-27,22:45:00,2020-09-27,,140,Malta,441827,2979,21.0,31,,2358,54.0,590,,6742,70.0,247354,559844,4
2020-09-28,22:00:00,2020-09-28,,140,Malta,441830,3006,27.0,32,1.0,2399,41.0,575,,6804,72.0,249656,565050,4
2020-09-29,21:35:00,2020-09-29,,140,Malta,441833,3035,29.0,34,2.0,2484,85.0,517,,6869,77.0,251772,569835,4
2020-09-30,22:00:00,2020-09-30,,140,Malta,441836,3058,23.0,35,1.0,2562,78.0,461,,6921,79.0,253983,574835,4
2020-10-01,21:31:00,2020-10-01,,140,Malta,441839,3095,37.0,35,,2605,43.0,455,,7005,79.0,256557,580657,4
2020-10-02,22:36:00,2020-10-02,,140,Malta,441843,3139,44.0,37,2.0,2668,63.0,434,,7104,84.0,258809,585749,4
2020-10-03,22:24:00,2020-10-03,,140,Malta,441846,3204,65.0,38,1.0,2711,43.0,455,,7251,86.0,260917,590516,4
2020-10-04,21:01:00,2020-10-04,,140,Malta,441849,3270,66.0,39,1.0,2758,47.0,473,,7401,88.0,263454,596253,4
2020-10-05,22:13:00,2020-10-05,,140,Malta,441852,3327,57.0,39,,2770,12.0,518,,7530,88.0,265630,601174,4
2020-10-06,23:01:00,2020-10-06,,140,Malta,441855,3374,47.0,40,1.0,2812,42.0,522,,7636,91.0,267591,605608,4
2020-10-07,23:01:00,2020-10-07,,140,Malta,441859,3442,68.0,41,1.0,2865,53.0,536,,7790,93.0,270088,611254,4
2020-10-08,23:59:00,2020-10-08,,140,Malta,441862,3506,64.0,41,,2884,19.0,581,,7935,93.0,272579,616887,4
2020-10-09,23:00:00,2020-10-09,,140,Malta,441865,3581,75.0,41,,2915,31.0,625,,8104,93.0,275311,623066,4
2020-10-10,23:00:00,2020-10-10,,140,Malta,441868,3681,100.0,41,,2937,22.0,703,9.0,8331,93.0,277626,628301,4
2020-10-12,23:10:00,2020-10-12,,140,Malta,441875,3844,68.0,43,2.0,2981,14.0,820,9.0,8699,97.0,282095,638405,4
2020-10-13,23:01:00,2020-10-13,,140,Malta,441878,3937,93.0,44,1.0,3012,31.0,881,9.0,8910,100.0,284352,643508,4
2020-10-14,23:01:00,2020-10-14,,140,Malta,441881,4048,111.0,44,,3064,52.0,940,9.0,9161,100.0,287113,649752,4
2020-10-15,14:09:00,2020-10-15,11:06:00,140,Malta,441884,4160,112.0,45,1.0,3106,42.0,1009,9.0,9414,102.0,289594,655362,4
2020-10-16,22:08:00,2020-10-16,19:06:00,140,Malta,441887,4282,122.0,45,,3142,36.0,1095,6.0,9690,102.0,292476,661880,4
2020-10-17,23:01:00,2020-10-17,19:58:00,140,Malta,441891,4486,204.0,45,,3184,42.0,1257,6.0,10152,102.0,295361,668402,4
2020-10-18,14:32:00,2020-10-18,11:25:00,140,Malta,441894,4628,142.0,45,,3236,52.0,1347,6.0,10473,102.0,297765,673838,4
