Date,Scrap_time,Update_time_GMT,Country_id,Country,Population,TotalCases,NewCases,TotalDeaths,NewDeaths,TotalRecovered,NewRecovered,ActiveCases,SeriousCritical,Tot_Cases_1Mpop,Deaths_1Mpop,TotalTests,Tests_1Mpop
2020-08-02,20:00:00,,175,Mauritius,1271956,344,,10,,332,,2,,270,8.0,205285,161393
2020-08-08,20:00:00,,175,Mauritius,1271990,344,0.0,10,0.0,334,2.0,0,,270,8.0,205285,161389
2020-08-12,20:00:00,,175,Mauritius,1272013,344,0.0,10,0.0,334,0.0,0,,270,8.0,205285,161386
2020-08-16,20:00:00,,175,Mauritius,1272036,346,2.0,10,0.0,334,0.0,2,,272,8.0,205285,161383
2020-08-17,20:00:00,,175,Mauritius,1272042,346,0.0,10,0.0,334,0.0,2,,272,8.0,205285,161382
2020-08-18,20:00:00,,175,Mauritius,1272048,346,0.0,10,0.0,334,0.0,2,,272,8.0,205285,161381
2020-08-19,20:00:00,,175,Mauritius,1272054,346,0.0,10,0.0,334,0.0,2,,272,8.0,205285,161381
2020-08-20,17:53:00,,175,Mauritius,1272059,346,0.0,10,0.0,334,0.0,2,,272,8.0,205285,161380
2020-08-23,21:09:00,,175,Mauritius,1272077,346,0.0,10,0.0,334,0.0,2,,272,8.0,205285,161378
2020-08-24,17:10:00,,175,Mauritius,1272082,346,0.0,10,0.0,335,1.0,1,,272,8.0,205285,161377
2020-08-25,23:00:00,,175,Mauritius,1272088,347,1.0,10,0.0,335,0.0,2,,273,8.0,205285,161376
2020-08-26,22:59:00,,175,Mauritius,1272094,348,1.0,10,0.0,335,0.0,3,,274,8.0,205285,161376
2020-08-27,23:00:00,,175,Mauritius,1272100,354,6.0,10,0.0,335,0.0,9,,278,8.0,226763,178259
2020-08-28,23:01:00,,175,Mauritius,1272105,355,1.0,10,0.0,335,0.0,10,,279,8.0,227409,178766
2020-08-29,12:29:00,,175,Mauritius,1272111,355,0.0,10,0.0,335,0.0,10,,279,8.0,227409,178765
2020-08-30,23:00:00,,175,Mauritius,1272117,355,0.0,10,0.0,335,0.0,10,,279,8.0,227409,178764
2020-08-31,18:58:00,,175,Mauritius,1272123,355,0.0,10,0.0,335,0.0,10,,279,8.0,227409,178763
2020-09-01,23:00:00,,175,Mauritius,1272128,356,1.0,10,0.0,335,0.0,11,,280,8.0,227409,178763
2020-09-02,23:01:00,,175,Mauritius,1272134,356,0.0,10,0.0,335,0.0,11,,280,8.0,227409,178762
2020-09-03,23:01:00,,175,Mauritius,1272140,356,0.0,10,0.0,335,0.0,11,,280,8.0,227409,178761
2020-09-04,07:01:00,,175,Mauritius,1272146,356,0.0,10,0.0,335,0.0,11,,280,8.0,227409,178760
2020-09-05,23:31:00,,175,Mauritius,1272151,356,0.0,10,0.0,335,0.0,11,,280,8.0,227409,178759
2020-09-06,18:30:00,,175,Mauritius,1272157,356,0.0,10,0.0,335,0.0,11,,280,8.0,227409,178759
2020-09-07,23:39:00,,175,Mauritius,1272163,356,0.0,10,0.0,335,0.0,11,,280,8.0,227409,178758
2020-09-08,22:10:00,,175,Mauritius,1272169,356,0.0,10,0.0,335,0.0,11,,280,8.0,227409,178757
2020-09-10,22:01:00,,175,Mauritius,1272180,361,5.0,10,0.0,335,0.0,16,,284,8.0,227409,178755
2020-09-11,22:00:00,,175,Mauritius,1272186,361,0.0,10,0.0,335,0.0,16,,284,8.0,227409,178755
2020-09-12,22:22:00,,175,Mauritius,1272192,361,0.0,10,0.0,335,0.0,16,,284,8.0,227409,178754
2020-09-13,22:01:00,,175,Mauritius,1272197,361,0.0,10,0.0,335,0.0,16,,284,8.0,227409,178753
2020-09-14,22:04:00,,175,Mauritius,1272203,361,0.0,10,0.0,335,0.0,16,,284,8.0,227409,178752
2020-09-15,21:00:00,,175,Mauritius,1272209,361,0.0,10,0.0,335,0.0,16,,284,8.0,227409,178751
2020-09-16,21:01:00,,175,Mauritius,1272215,365,4.0,10,0.0,338,3.0,17,,287,8.0,239204,188022
2020-09-18,20:01:00,,175,Mauritius,1272226,366,1.0,10,0.0,338,0.0,18,,288,8.0,239204,188020
2020-09-19,21:00:00,,175,Mauritius,1272232,366,0.0,10,0.0,338,0.0,18,,288,8.0,239204,188019
2020-09-20,22:31:00,,175,Mauritius,1272238,366,0.0,10,0.0,338,0.0,18,,288,8.0,239204,188018
2020-09-21,21:01:00,,175,Mauritius,1272243,366,0.0,10,0.0,338,0.0,18,,288,8.0,239204,188018
2020-09-22,21:01:00,,175,Mauritius,1272249,367,1.0,10,0.0,339,1.0,18,,288,8.0,242944,190956
2020-09-23,19:58:00,,175,Mauritius,1272255,367,0.0,10,0.0,339,0.0,18,,288,8.0,242944,190955
2020-09-24,21:00:00,,175,Mauritius,1272261,367,0.0,10,0.0,343,4.0,14,,288,8.0,246326,193613
2020-09-25,21:00:00,,175,Mauritius,1272266,367,0.0,10,0.0,343,0.0,14,,288,8.0,246326,193612
2020-09-26,21:00:00,,175,Mauritius,1272272,367,0.0,10,0.0,343,0.0,14,,288,8.0,246326,193611
2020-09-27,22:45:00,,175,Mauritius,1272278,367,0.0,10,0.0,343,0.0,14,,288,8.0,246326,193610
2020-09-28,22:00:00,,175,Mauritius,1272284,367,0.0,10,0.0,343,0.0,14,,288,8.0,246326,193609
2020-09-29,21:35:00,,175,Mauritius,1272289,367,0.0,10,0.0,343,0.0,14,,288,8.0,246326,193609
2020-09-30,22:00:00,,175,Mauritius,1272295,367,0.0,10,0.0,343,0.0,14,,288,8.0,246326,193608
2020-10-01,21:31:00,,175,Mauritius,1272301,381,14.0,10,0.0,344,1.0,27,,299,8.0,246326,193607
2020-10-02,22:36:00,,175,Mauritius,1272307,381,0.0,10,0.0,344,0.0,27,,299,8.0,246326,193606
2020-10-03,22:24:00,,175,Mauritius,1272312,385,4.0,10,0.0,344,0.0,31,,303,8.0,246326,193605
2020-10-04,21:01:00,,175,Mauritius,1272318,385,0.0,10,0.0,357,13.0,18,,303,8.0,246326,193604
2020-10-05,22:13:00,,175,Mauritius,1272324,385,0.0,10,0.0,357,0.0,18,,303,8.0,246326,193603
2020-10-06,23:01:00,,175,Mauritius,1272330,387,2.0,10,0.0,357,0.0,20,,304,8.0,253248,199043
2020-10-07,23:01:00,,175,Mauritius,1272335,395,8.0,10,0.0,357,0.0,28,,310,8.0,253248,199042
2020-10-08,23:59:00,,175,Mauritius,1272341,395,0.0,10,0.0,358,1.0,27,,310,8.0,253248,199041
2020-10-09,23:00:00,,175,Mauritius,1272347,395,0.0,10,0.0,358,0.0,27,,310,8.0,253248,199040
2020-10-10,23:00:00,,175,Mauritius,1272353,395,0.0,10,0.0,358,0.0,27,,310,8.0,253248,199039
2020-10-12,23:10:00,,175,Mauritius,1272364,404,9.0,10,0.0,359,1.0,35,,318,8.0,253248,199037
2020-10-13,23:01:00,,175,Mauritius,1272370,404,0.0,10,0.0,359,0.0,35,,318,8.0,253248,199036
2020-10-14,23:01:00,,175,Mauritius,1272376,407,3.0,10,0.0,361,2.0,36,,320,8.0,253248,199036
2020-10-15,14:09:00,11:06:00,175,Mauritius,1272381,407,0.0,10,0.0,361,0.0,36,,320,8.0,253248,199035
2020-10-16,22:08:00,19:06:00,175,Mauritius,1272387,415,8.0,10,0.0,364,3.0,41,,326,8.0,260973,205105
2020-10-17,23:01:00,19:58:00,175,Mauritius,1272393,417,2.0,10,0.0,364,0.0,43,,328,8.0,260973,205104
2020-10-18,22:05:00,19:03:00,175,Mauritius,1272399,417,0.0,10,0.0,364,0.0,43,,328,8.0,260973,205103
2020-10-19,22:05:00,18:59:00,175,Mauritius,1272404,417,0.0,10,0.0,364,0.0,43,,328,8.0,260973,205102
2020-10-20,22:05:00,19:04:00,175,Mauritius,1272410,419,2.0,10,0.0,379,15.0,30,,329,8.0,260973,205101
2020-10-21,22:05:00,19:03:00,175,Mauritius,1272416,419,0.0,10,0.0,379,0.0,30,,329,8.0,260973,205100
2020-10-22,22:05:00,19:04:00,175,Mauritius,1272422,419,0.0,10,0.0,379,0.0,30,,329,8.0,260973,205099
2020-10-23,22:05:00,19:02:00,175,Mauritius,1272427,425,6.0,10,0.0,386,7.0,29,,334,8.0,260973,205099
2020-10-24,23:41:00,20:40:00,175,Mauritius,1272433,435,10.0,10,0.0,386,0.0,39,,342,8.0,260973,205098
2020-10-25,23:00:00,20:58:00,175,Mauritius,1272439,435,0.0,10,0.0,386,0.0,39,,342,8.0,260973,205097
2020-10-26,23:00:00,20:56:00,175,Mauritius,1272445,435,0.0,10,0.0,386,0.0,39,,342,8.0,260973,205096
2020-10-27,23:00:00,20:58:00,175,Mauritius,1272450,439,4.0,10,0.0,389,3.0,40,,345,8.0,260973,205095
2020-10-28,23:00:00,20:58:00,175,Mauritius,1272456,439,0.0,10,0.0,389,0.0,40,,345,8.0,260973,205094
2020-10-29,23:00:00,20:57:00,175,Mauritius,1272462,439,0.0,10,0.0,389,0.0,40,,345,8.0,260973,205093
2020-10-30,23:00:00,20:58:00,175,Mauritius,1272468,441,2.0,10,0.0,398,9.0,33,,347,8.0,260973,205092
2020-10-31,23:00:00,20:59:00,175,Mauritius,1272473,441,0.0,10,0.0,398,0.0,33,,347,8.0,260973,205091
2020-11-01,23:00:00,20:59:00,175,Mauritius,1272479,441,0.0,10,0.0,398,0.0,33,,347,8.0,260973,205090
2020-11-02,23:00:00,20:57:00,175,Mauritius,1272485,451,10.0,10,0.0,413,15.0,28,,354,8.0,273742,215124
2020-11-03,23:00:00,20:59:00,175,Mauritius,1272491,451,0.0,10,0.0,413,0.0,28,,354,8.0,273742,215123
2020-11-04,23:00:00,20:57:00,175,Mauritius,1272496,451,0.0,10,0.0,413,0.0,28,,354,8.0,273742,215122
2020-11-05,23:00:00,20:59:00,175,Mauritius,1272502,452,1.0,10,0.0,416,3.0,26,,355,8.0,278091,218539
2020-11-06,23:00:00,20:58:00,175,Mauritius,1272508,453,1.0,10,0.0,416,0.0,27,,356,8.0,278091,218538
2020-11-07,23:00:00,20:57:00,175,Mauritius,1272514,453,0.0,10,0.0,416,0.0,27,,356,8.0,278091,218537
2020-11-08,23:00:00,20:49:00,175,Mauritius,1272519,453,0.0,10,0.0,416,0.0,27,,356,8.0,278091,218536
2020-11-09,23:00:00,20:59:00,175,Mauritius,1272525,453,0.0,10,0.0,416,0.0,27,,356,8.0,278091,218535
2020-11-10,23:00:00,20:59:00,175,Mauritius,1272531,453,0.0,10,0.0,416,0.0,27,,356,8.0,278091,218534
2020-11-11,23:00:00,20:56:00,175,Mauritius,1272537,453,0.0,10,0.0,416,0.0,27,,356,8.0,278091,218533
2020-11-12,23:00:00,20:59:00,175,Mauritius,1272542,468,15.0,10,0.0,427,11.0,31,,368,8.0,278091,218532
2020-11-13,23:00:00,20:58:00,175,Mauritius,1272548,470,2.0,10,0.0,428,1.0,32,,369,8.0,278091,218531
2020-11-14,23:00:00,20:57:00,175,Mauritius,1272554,470,0.0,10,0.0,428,0.0,32,,369,8.0,278091,218530
2020-11-15,23:00:00,20:53:00,175,Mauritius,1272560,470,0.0,10,0.0,428,0.0,32,,369,8.0,278091,218529
2020-11-16,23:00:00,20:59:00,175,Mauritius,1272565,478,8.0,10,0.0,431,3.0,37,,376,8.0,284918,223893
2020-11-17,23:00:00,20:58:00,175,Mauritius,1272571,491,13.0,10,0.0,431,0.0,50,,386,8.0,284918,223892
2020-11-18,23:00:00,20:57:00,175,Mauritius,1272577,494,3.0,10,0.0,433,2.0,51,,388,8.0,289552,227532
2020-11-19,23:00:00,20:59:00,175,Mauritius,1272583,494,0.0,10,0.0,433,0.0,51,,388,8.0,289552,227531
2020-11-20,23:00:00,20:59:00,175,Mauritius,1272588,494,0.0,10,0.0,433,0.0,51,,388,8.0,289552,227530
2020-11-21,23:00:00,20:58:00,175,Mauritius,1272594,494,0.0,10,0.0,433,0.0,51,,388,8.0,289552,227529
2020-11-22,23:00:00,20:59:00,175,Mauritius,1272600,494,0.0,10,0.0,433,0.0,51,,388,8.0,289552,227528
2020-11-23,23:00:00,20:58:00,175,Mauritius,1272606,494,0.0,10,0.0,433,0.0,51,,388,8.0,289552,227527
2020-11-24,23:00:00,20:57:00,175,Mauritius,1272611,494,0.0,10,0.0,433,0.0,51,,388,8.0,289552,227526
2020-11-25,23:00:00,20:58:00,175,Mauritius,1272617,494,0.0,10,0.0,433,0.0,51,,388,8.0,289552,227525
2020-11-26,23:00:00,20:47:00,175,Mauritius,1272623,497,3.0,10,0.0,440,7.0,47,,391,8.0,289552,227524
2020-11-27,23:00:00,20:59:00,175,Mauritius,1272629,498,1.0,10,0.0,440,0.0,48,,391,8.0,289552,227523
2020-11-28,23:00:00,20:46:00,175,Mauritius,1272634,501,3.0,10,0.0,443,3.0,48,,394,8.0,289552,227522
2020-11-29,23:00:00,20:51:00,175,Mauritius,1272640,501,0.0,10,0.0,443,0.0,48,,394,8.0,289552,227521
2020-11-30,23:00:00,20:57:00,175,Mauritius,1272646,501,0.0,10,0.0,443,0.0,48,,394,8.0,289552,227520
2020-12-01,23:00:00,20:55:00,175,Mauritius,1272652,505,4.0,10,0.0,463,20.0,32,,397,8.0,289552,227519
2020-12-02,23:00:00,20:58:00,175,Mauritius,1272657,505,0.0,10,0.0,463,0.0,32,,397,8.0,289552,227518
2020-12-03,23:00:00,20:59:00,175,Mauritius,1272663,508,3.0,10,0.0,465,2.0,33,,399,8.0,289552,227517
2020-12-04,23:00:00,20:57:00,175,Mauritius,1272669,508,0.0,10,0.0,465,0.0,33,,399,8.0,289552,227516
2020-12-05,23:00:00,20:58:00,175,Mauritius,1272675,508,0.0,10,0.0,465,0.0,33,,399,8.0,289552,227514
2020-12-06,23:00:00,20:51:00,175,Mauritius,1272680,508,0.0,10,0.0,465,0.0,33,,399,8.0,289552,227514
2020-12-07,23:00:00,20:57:00,175,Mauritius,1272686,511,3.0,10,0.0,478,13.0,23,,402,8.0,289552,227513
2020-12-08,23:00:00,20:59:00,175,Mauritius,1272692,515,4.0,10,0.0,478,0.0,27,,405,8.0,289552,227511
2020-12-09,23:00:00,20:59:00,175,Mauritius,1272698,515,0.0,10,0.0,478,0.0,27,,405,8.0,289552,227510
2020-12-10,23:00:00,20:59:00,175,Mauritius,1272703,515,0.0,10,0.0,478,0.0,27,,405,8.0,289552,227509
2020-12-11,23:00:00,20:59:00,175,Mauritius,1272709,515,0.0,10,0.0,478,0.0,27,,405,8.0,289552,227508
2020-12-12,23:00:00,20:58:00,175,Mauritius,1272715,515,0.0,10,0.0,478,0.0,27,,405,8.0,289552,227507
2020-12-13,23:00:00,20:59:00,175,Mauritius,1272721,515,0.0,10,0.0,478,0.0,27,,405,8.0,289552,227506
2020-12-14,23:35:00,21:34:00,175,Mauritius,1272726,523,8.0,10,0.0,489,11.0,24,,411,8.0,289552,227505
2020-12-15,23:00:00,20:59:00,175,Mauritius,1272732,524,1.0,10,0.0,489,0.0,25,,412,8.0,289552,227504
2020-12-16,23:00:00,20:58:00,175,Mauritius,1272738,524,0.0,10,0.0,489,0.0,25,,412,8.0,289552,227503
2020-12-17,23:00:00,20:56:00,175,Mauritius,1272744,524,0.0,10,0.0,489,0.0,25,,412,8.0,289552,227502
2020-12-18,23:00:00,20:57:00,175,Mauritius,1272749,524,0.0,10,0.0,489,0.0,25,,412,8.0,289552,227501
2020-12-19,23:59:00,22:11:00,175,Mauritius,1272755,524,0.0,10,0.0,489,0.0,25,,412,8.0,289552,227500
2020-12-20,23:00:00,20:54:00,175,Mauritius,1272761,524,0.0,10,0.0,489,0.0,25,,412,8.0,289552,227499
2020-12-21,23:00:00,20:59:00,175,Mauritius,1272767,524,0.0,10,0.0,489,0.0,25,,412,8.0,289552,227498
2020-12-22,23:00:00,20:59:00,175,Mauritius,1272772,526,2.0,10,0.0,496,7.0,20,,413,8.0,289552,227497
2020-12-23,23:00:00,20:58:00,175,Mauritius,1272778,527,1.0,10,0.0,496,0.0,21,,414,8.0,289552,227496
2020-12-24,23:00:00,20:55:00,175,Mauritius,1272784,527,0.0,10,0.0,496,0.0,21,,414,8.0,289552,227495
2020-12-25,23:00:00,20:59:00,175,Mauritius,1272790,527,0.0,10,0.0,496,0.0,21,,414,8.0,289552,227494
2020-12-26,23:00:00,20:59:00,175,Mauritius,1272795,527,0.0,10,0.0,496,0.0,21,,414,8.0,289552,227493
2020-12-27,23:00:00,20:56:00,175,Mauritius,1272801,527,0.0,10,0.0,496,0.0,21,,414,8.0,289552,227492
2020-12-28,23:00:00,20:58:00,175,Mauritius,1272807,527,0.0,10,0.0,496,0.0,21,,414,8.0,289552,227491
2020-12-29,23:00:00,20:54:00,175,Mauritius,1272813,527,0.0,10,0.0,496,0.0,21,,414,8.0,289552,227490
2020-12-30,23:00:00,20:54:00,175,Mauritius,1272818,527,0.0,10,0.0,496,0.0,21,,414,8.0,289552,227489
2020-12-31,23:00:00,20:44:00,175,Mauritius,1272824,527,0.0,10,0.0,496,0.0,21,,414,8.0,289552,227488
2021-01-01,23:00:00,20:54:00,175,Mauritius,1272830,527,0.0,10,0.0,496,0.0,21,,414,8.0,289552,227487
2021-01-02,23:00:00,20:56:00,175,Mauritius,1272836,527,0.0,10,0.0,496,0.0,21,,414,8.0,289552,227486
2021-01-03,23:00:00,20:59:00,175,Mauritius,1272841,527,0.0,10,0.0,496,0.0,21,,414,8.0,289552,227485
2021-01-04,23:00:00,20:57:00,175,Mauritius,1272847,527,0.0,10,0.0,496,0.0,21,,414,8.0,289552,227484
2021-01-05,23:00:00,20:51:00,175,Mauritius,1272853,531,4.0,10,0.0,513,17.0,8,,417,8.0,289552,227483
2021-01-06,23:00:00,20:59:00,175,Mauritius,1272859,531,0.0,10,0.0,513,0.0,8,,417,8.0,289552,227482
2021-01-07,23:00:00,20:59:00,175,Mauritius,1272864,539,8.0,10,0.0,514,1.0,15,,423,8.0,289552,227481
2021-01-08,23:00:00,20:59:00,175,Mauritius,1272870,539,0.0,10,0.0,514,0.0,15,,423,8.0,289552,227480
2021-01-09,23:00:00,20:55:00,175,Mauritius,1272876,539,0.0,10,0.0,514,0.0,15,,423,8.0,289552,227479
2021-01-10,23:32:00,21:29:00,175,Mauritius,1272882,539,0.0,10,0.0,514,0.0,15,,423,8.0,289552,227477
2021-01-11,23:40:00,21:37:00,175,Mauritius,1272887,539,0.0,10,0.0,514,0.0,15,,423,8.0,289552,227477
2021-01-12,23:52:00,21:48:00,175,Mauritius,1272893,546,7.0,10,0.0,516,2.0,20,,429,8.0,289552,227476
2021-01-13,23:58:00,21:57:00,175,Mauritius,1272899,547,1.0,10,0.0,516,0.0,21,,430,8.0,289552,227474
2021-01-14,23:55:00,21:54:00,175,Mauritius,1272905,547,0.0,10,0.0,516,0.0,21,,430,8.0,289552,227473
2021-01-15,19:39:00,00:00:00,175,Mauritius,1272916,547,0.0,10,0.0,516,0.0,21,,430,8.0,289552,227471
2021-01-16,23:55:00,21:54:00,175,Mauritius,1272916,547,0.0,10,0.0,516,0.0,21,,430,8.0,289552,227471
2021-01-17,23:55:00,21:54:00,175,Mauritius,1272922,547,0.0,10,0.0,516,0.0,21,,430,8.0,289552,227470
2021-01-18,23:55:00,21:42:00,175,Mauritius,1272928,547,0.0,10,0.0,516,0.0,21,,430,8.0,289552,227469
2021-01-19,08:37:00,00:00:00,175,Mauritius,1272939,556,9.0,10,0.0,518,2.0,28,,437,8.0,289552,227467
2021-01-20,09:12:00,00:00:00,175,Mauritius,1272945,556,0.0,10,0.0,518,0.0,28,,437,8.0,289552,227466
