Date,Scrap_time,Update_time_GMT,Country_id,Country,Population,TotalCases,NewCases,TotalDeaths,NewDeaths,TotalRecovered,NewRecovered,ActiveCases,SeriousCritical,Tot_Cases_1Mpop,Deaths_1Mpop,TotalTests,Tests_1Mpop
2020-08-02,20:00:00,,99,Mauritania,4659052,6319,,157,,5043,,1119,3,1356,34.0,57253,12289
2020-08-08,20:00:00,,99,Mauritania,4661063,6498,179.0,157,0.0,5443,400.0,898,3,1394,34.0,57387,12312
2020-08-12,20:00:00,,99,Mauritania,4662403,6598,100.0,157,0.0,5704,261.0,737,3,1415,34.0,57604,12355
2020-08-16,20:00:00,,99,Mauritania,4663743,6693,95.0,157,0.0,5928,224.0,608,3,1435,34.0,58147,12468
2020-08-17,20:00:00,,99,Mauritania,4664078,6701,8.0,157,0.0,5985,57.0,559,3,1437,34.0,58147,12467
2020-08-18,20:00:00,,99,Mauritania,4664413,6762,61.0,157,0.0,6018,33.0,587,3,1450,34.0,58147,12466
2020-08-19,20:00:00,,99,Mauritania,4664749,6789,27.0,157,0.0,6051,33.0,581,3,1455,34.0,68872,14764
2020-08-20,17:53:00,,99,Mauritania,4665084,6829,40.0,158,1.0,6094,43.0,577,3,1464,34.0,68872,14763
2020-08-23,21:09:00,,99,Mauritania,4666089,6894,65.0,158,0.0,6203,109.0,533,3,1477,34.0,68872,14760
2020-08-24,17:10:00,,99,Mauritania,4666424,6905,11.0,158,0.0,6232,29.0,515,3,1480,34.0,68872,14759
2020-08-25,23:00:00,,99,Mauritania,4666759,6928,23.0,158,0.0,6282,50.0,488,3,1485,34.0,69161,14820
2020-08-26,22:59:00,,99,Mauritania,4667094,6960,32.0,158,0.0,6321,39.0,481,3,1491,34.0,69554,14903
2020-08-27,23:00:00,,99,Mauritania,4667429,6977,17.0,158,0.0,6356,35.0,463,3,1495,34.0,69554,14902
2020-08-28,23:01:00,,99,Mauritania,4667764,6993,16.0,158,0.0,6381,25.0,454,3,1498,34.0,69554,14901
2020-08-29,12:29:00,,99,Mauritania,4668099,7012,19.0,158,0.0,6407,26.0,447,3,1502,34.0,69937,14982
2020-08-30,23:00:00,,99,Mauritania,4668434,7016,4.0,159,1.0,6430,23.0,427,3,1503,34.0,69937,14981
2020-08-31,18:58:00,,99,Mauritania,4668769,7016,0.0,159,0.0,6430,0.0,427,3,1503,34.0,69937,14980
2020-09-01,23:00:00,,99,Mauritania,4669104,7075,59.0,159,0.0,6464,34.0,452,3,1515,34.0,69937,14979
2020-09-02,23:01:00,,99,Mauritania,4669439,7075,0.0,159,0.0,6464,0.0,452,3,1515,34.0,69937,14978
2020-09-03,23:01:00,,99,Mauritania,4669775,7089,14.0,160,1.0,6548,84.0,381,3,1518,34.0,69937,14977
2020-09-04,07:01:00,,99,Mauritania,4670110,7106,17.0,160,0.0,6588,40.0,358,3,1522,34.0,69937,14975
2020-09-05,23:31:00,,99,Mauritania,4670445,7134,28.0,160,0.0,6658,70.0,316,3,1527,34.0,69937,14974
2020-09-06,18:30:00,,99,Mauritania,4670780,7134,0.0,160,0.0,6658,0.0,316,3,1527,34.0,69937,14973
2020-09-07,23:39:00,,99,Mauritania,4671115,7142,8.0,160,0.0,6669,11.0,313,3,1529,34.0,69937,14972
2020-09-08,22:10:00,,99,Mauritania,4671450,7165,23.0,160,0.0,6681,12.0,324,3,1534,34.0,69937,14971
2020-09-09,22:01:00,,99,Mauritania,4671785,7165,0.0,160,0.0,6681,0.0,324,3,1534,34.0,69937,14970
2020-09-10,22:01:00,,99,Mauritania,4672120,7191,26.0,161,1.0,6701,20.0,329,3,1539,34.0,70257,15037
2020-09-11,22:00:00,,99,Mauritania,4672455,7222,31.0,161,0.0,6758,57.0,303,3,1546,34.0,70257,15036
2020-09-12,22:22:00,,99,Mauritania,4672790,7266,44.0,161,0.0,6786,28.0,319,3,1555,34.0,70257,15035
2020-09-13,22:01:00,,99,Mauritania,4673125,7274,8.0,161,0.0,6804,18.0,309,3,1557,34.0,70257,15034
2020-09-14,22:04:00,,99,Mauritania,4673460,7276,2.0,161,0.0,6825,21.0,290,3,1557,34.0,76256,16317
2020-09-15,21:00:00,,99,Mauritania,4673795,7295,19.0,161,0.0,6835,10.0,299,3,1561,34.0,76256,16316
2020-09-16,21:01:00,,99,Mauritania,4674130,7319,24.0,161,0.0,6839,4.0,319,3,1566,34.0,76256,16314
2020-09-18,20:01:00,,99,Mauritania,4674801,7346,27.0,161,0.0,6865,26.0,320,3,1571,34.0,77298,16535
2020-09-19,21:00:00,,99,Mauritania,4675136,7361,15.0,161,0.0,6882,17.0,318,3,1574,34.0,77592,16597
2020-09-20,22:31:00,,99,Mauritania,4675471,7365,4.0,161,0.0,6927,45.0,277,3,1575,34.0,77592,16596
2020-09-21,21:01:00,,99,Mauritania,4675806,7368,3.0,161,0.0,6951,24.0,256,3,1576,34.0,77592,16594
2020-09-22,21:01:00,,99,Mauritania,4676141,7384,16.0,161,0.0,6977,26.0,246,3,1579,34.0,78262,16736
2020-09-23,19:58:00,,99,Mauritania,4676476,7403,19.0,161,0.0,7011,34.0,231,3,1583,34.0,78262,16735
2020-09-24,21:00:00,,99,Mauritania,4676811,7425,22.0,161,0.0,7028,17.0,236,3,1588,34.0,78262,16734
2020-09-25,21:00:00,,99,Mauritania,4677146,7433,8.0,161,0.0,7052,24.0,220,3,1589,34.0,78262,16733
2020-09-26,21:00:00,,99,Mauritania,4677481,7457,24.0,161,0.0,7070,18.0,226,3,1594,34.0,78262,16732
2020-09-27,22:45:00,,99,Mauritania,4677816,7462,5.0,161,0.0,7070,0.0,231,3,1595,34.0,79334,16960
2020-09-28,22:00:00,,99,Mauritania,4678151,7464,2.0,161,0.0,7070,0.0,233,3,1596,34.0,79404,16973
2020-09-29,21:35:00,,99,Mauritania,4678486,7474,10.0,161,0.0,7091,21.0,222,3,1598,34.0,79644,17023
2020-09-30,22:00:00,,99,Mauritania,4678821,7488,14.0,161,0.0,7111,20.0,216,3,1600,34.0,79835,17063
2020-10-01,21:31:00,,99,Mauritania,4679156,7502,14.0,161,0.0,7120,9.0,221,3,1603,34.0,79835,17062
2020-10-02,22:36:00,,99,Mauritania,4679491,7505,3.0,161,0.0,7138,18.0,206,3,1604,34.0,79835,17061
2020-10-03,22:24:00,,99,Mauritania,4679827,7511,6.0,162,1.0,7163,25.0,186,3,1605,35.0,80652,17234
2020-10-04,21:01:00,,99,Mauritania,4680162,7517,6.0,162,0.0,7174,11.0,181,3,1606,35.0,80775,17259
2020-10-05,22:13:00,,99,Mauritania,4680497,7520,3.0,162,0.0,7188,14.0,170,3,1607,35.0,80832,17270
2020-10-06,23:01:00,,99,Mauritania,4680832,7523,3.0,162,0.0,7204,16.0,157,3,1607,35.0,81120,17330
2020-10-07,23:01:00,,99,Mauritania,4681167,7529,6.0,162,0.0,7208,4.0,159,3,1608,35.0,81325,17373
2020-10-08,23:59:00,,99,Mauritania,4681502,7535,6.0,162,0.0,7212,4.0,161,3,1610,35.0,81325,17372
2020-10-09,23:00:00,,99,Mauritania,4681837,7540,5.0,162,0.0,7227,15.0,151,3,1610,35.0,81480,17403
2020-10-10,23:00:00,,99,Mauritania,4682172,7548,8.0,163,1.0,7245,18.0,140,3,1612,35.0,81919,17496
2020-10-12,23:10:00,,99,Mauritania,4682842,7550,2.0,163,0.0,7274,29.0,113,3,1612,35.0,82098,17532
2020-10-13,23:01:00,,99,Mauritania,4683177,7554,4.0,163,0.0,7297,23.0,94,3,1613,35.0,82400,17595
2020-10-14,23:01:00,,99,Mauritania,4683512,7565,11.0,163,0.0,7301,4.0,101,3,1615,35.0,82487,17612
2020-10-15,14:09:00,11:06:00,99,Mauritania,4683847,7572,7.0,163,0.0,7314,13.0,95,3,1617,35.0,82872,17693
2020-10-16,22:08:00,19:06:00,99,Mauritania,4684182,7585,13.0,163,0.0,7326,12.0,96,3,1619,35.0,83217,17766
2020-10-17,23:01:00,19:58:00,99,Mauritania,4684517,7603,18.0,163,0.0,7339,13.0,101,3,1623,35.0,83821,17893
2020-10-18,22:05:00,19:03:00,99,Mauritania,4684852,7607,4.0,163,0.0,7342,3.0,102,3,1624,35.0,83931,17915
2020-10-19,22:05:00,18:59:00,99,Mauritania,4685188,7608,1.0,163,0.0,7347,5.0,98,3,1624,35.0,84101,17950
2020-10-20,22:05:00,19:04:00,99,Mauritania,4685523,7621,13.0,163,0.0,7355,8.0,103,3,1626,35.0,84407,18014
2020-10-21,22:05:00,19:03:00,99,Mauritania,4685858,7634,13.0,163,0.0,7359,4.0,112,3,1629,35.0,84407,18013
2020-10-22,22:05:00,19:04:00,99,Mauritania,4686193,7638,4.0,163,0.0,7363,4.0,112,3,1630,35.0,84407,18012
2020-10-23,22:05:00,19:02:00,99,Mauritania,4686528,7650,12.0,163,0.0,7369,6.0,118,3,1632,35.0,84407,18011
2020-10-24,23:41:00,20:40:00,99,Mauritania,4686863,7662,12.0,163,0.0,7374,5.0,125,3,1635,35.0,85629,18270
2020-10-25,23:00:00,20:58:00,99,Mauritania,4687198,7663,1.0,163,0.0,7378,4.0,122,3,1635,35.0,85629,18269
2020-10-26,23:00:00,20:56:00,99,Mauritania,4687533,7664,1.0,163,0.0,7385,7.0,116,3,1635,35.0,85750,18293
2020-10-27,23:00:00,20:58:00,99,Mauritania,4687868,7677,13.0,163,0.0,7387,2.0,127,3,1638,35.0,86073,18361
2020-10-28,23:00:00,20:58:00,99,Mauritania,4688203,7680,3.0,163,0.0,7392,5.0,125,3,1638,35.0,86331,18415
2020-10-29,23:00:00,20:57:00,99,Mauritania,4688538,7688,8.0,163,0.0,7401,9.0,124,3,1640,35.0,86758,18504
2020-10-30,23:00:00,20:58:00,99,Mauritania,4688873,7700,12.0,163,0.0,7416,15.0,121,3,1642,35.0,87246,18607
2020-10-31,23:00:00,20:59:00,99,Mauritania,4689208,7700,0.0,163,0.0,7416,0.0,121,3,1642,35.0,87246,18606
2020-11-01,23:00:00,20:59:00,99,Mauritania,4689543,7703,3.0,163,0.0,7433,17.0,107,3,1643,35.0,87552,18670
2020-11-02,23:00:00,20:57:00,99,Mauritania,4689878,7704,1.0,163,0.0,7437,4.0,104,3,1643,35.0,87633,18686
2020-11-03,23:00:00,20:59:00,99,Mauritania,4690214,7704,0.0,163,0.0,7437,0.0,104,3,1643,35.0,87633,18684
2020-11-04,23:00:00,20:57:00,99,Mauritania,4690549,7724,20.0,164,1.0,7437,0.0,123,3,1647,35.0,88926,18959
2020-11-05,23:00:00,20:59:00,99,Mauritania,4690884,7744,20.0,164,0.0,7443,6.0,137,3,1651,35.0,89940,19173
2020-11-06,23:00:00,20:58:00,99,Mauritania,4691219,7804,60.0,165,1.0,7469,26.0,170,3,1664,35.0,89940,19172
2020-11-07,23:00:00,20:57:00,99,Mauritania,4691554,7814,10.0,165,0.0,7473,4.0,176,3,1666,35.0,89940,19171
2020-11-08,23:00:00,20:49:00,99,Mauritania,4691889,7814,0.0,165,0.0,7473,0.0,176,3,1665,35.0,90305,19247
2020-11-09,23:00:00,20:59:00,99,Mauritania,4692224,7820,6.0,165,0.0,7479,6.0,176,3,1667,35.0,92002,19607
2020-11-10,23:00:00,20:59:00,99,Mauritania,4692559,7833,13.0,165,0.0,7485,6.0,183,3,1669,35.0,92389,19688
2020-11-11,23:00:00,20:56:00,99,Mauritania,4692894,7848,15.0,165,0.0,7498,13.0,185,3,1672,35.0,92860,19787
2020-11-12,23:00:00,20:59:00,99,Mauritania,4693229,7885,37.0,165,0.0,7499,1.0,221,3,1680,35.0,93465,19915
2020-11-13,23:00:00,20:58:00,99,Mauritania,4693564,7900,15.0,165,0.0,7500,1.0,235,3,1683,35.0,93901,20006
2020-11-14,23:00:00,20:57:00,99,Mauritania,4693899,7932,32.0,165,0.0,7513,13.0,254,4,1690,35.0,94594,20153
2020-11-15,23:00:00,20:53:00,99,Mauritania,4694234,7948,16.0,165,0.0,7516,3.0,267,4,1693,35.0,94594,20151
2020-11-16,23:00:00,20:59:00,99,Mauritania,4694569,7952,4.0,165,0.0,7524,8.0,263,4,1694,35.0,95389,20319
2020-11-17,23:00:00,20:58:00,99,Mauritania,4694904,7979,27.0,165,0.0,7536,12.0,278,4,1700,35.0,95889,20424
2020-11-18,23:00:00,20:57:00,99,Mauritania,4695240,7994,15.0,165,0.0,7550,14.0,279,3,1703,35.0,96438,20540
2020-11-19,23:00:00,20:59:00,99,Mauritania,4695575,8010,16.0,167,2.0,7553,3.0,290,3,1706,36.0,96953,20648
2020-11-20,23:00:00,20:59:00,99,Mauritania,4695910,8075,65.0,169,2.0,7560,7.0,346,4,1720,36.0,97537,20771
2020-11-21,23:00:00,20:58:00,99,Mauritania,4696245,8075,0.0,169,0.0,7560,0.0,346,4,1719,36.0,97537,20769
2020-11-22,23:00:00,20:59:00,99,Mauritania,4696580,8096,21.0,169,0.0,7573,13.0,354,4,1724,36.0,98641,21003
2020-11-23,23:00:00,20:58:00,99,Mauritania,4696915,8167,71.0,169,0.0,7609,36.0,389,4,1739,36.0,98641,21001
2020-11-24,23:00:00,20:57:00,99,Mauritania,4697250,8193,26.0,169,0.0,7636,27.0,388,4,1744,36.0,98641,21000
2020-11-25,23:00:00,20:58:00,99,Mauritania,4697585,8246,53.0,171,2.0,7646,10.0,429,4,1755,36.0,98641,20998
2020-11-26,23:00:00,20:47:00,99,Mauritania,4697920,8288,42.0,171,0.0,7652,6.0,465,4,1764,36.0,98641,20997
2020-11-27,23:00:00,20:59:00,99,Mauritania,4698255,8288,0.0,171,0.0,7652,0.0,465,4,1764,36.0,98641,20995
2020-11-28,23:00:00,20:46:00,99,Mauritania,4698590,8424,136.0,172,1.0,7665,13.0,587,4,1793,37.0,98641,20994
2020-11-29,23:00:00,20:51:00,99,Mauritania,4698925,8547,123.0,175,3.0,7717,52.0,655,10,1819,37.0,103754,22080
2020-11-30,23:00:00,20:57:00,99,Mauritania,4699260,8547,0.0,175,0.0,7717,0.0,655,10,1819,37.0,103754,22079
2020-12-01,23:00:00,20:55:00,99,Mauritania,4699595,8601,54.0,177,2.0,7732,15.0,692,10,1830,38.0,103754,22077
2020-12-02,23:00:00,20:58:00,99,Mauritania,4699930,8710,109.0,177,0.0,7764,32.0,769,10,1853,38.0,104875,22314
2020-12-03,23:00:00,20:59:00,99,Mauritania,4700266,8863,153.0,179,2.0,7780,16.0,904,10,1886,38.0,105867,22524
2020-12-04,23:00:00,20:57:00,99,Mauritania,4700601,9005,142.0,181,2.0,7785,5.0,1039,10,1916,39.0,106996,22762
2020-12-05,23:00:00,20:58:00,99,Mauritania,4700936,9359,354.0,184,3.0,7835,50.0,1340,30,1991,39.0,106996,22761
2020-12-06,23:00:00,20:51:00,99,Mauritania,4701271,9516,157.0,188,4.0,7849,14.0,1479,30,2024,40.0,106996,22759
2020-12-07,23:00:00,20:57:00,99,Mauritania,4701606,9679,163.0,194,6.0,7849,0.0,1636,30,2059,41.0,106996,22757
2020-12-08,23:00:00,20:59:00,99,Mauritania,4701941,9876,197.0,197,3.0,7904,55.0,1775,30,2100,42.0,106996,22756
2020-12-09,23:00:00,20:59:00,99,Mauritania,4702276,10105,229.0,202,5.0,7925,21.0,1978,37,2149,43.0,106996,22754
2020-12-10,23:00:00,20:59:00,99,Mauritania,4702611,10105,0.0,202,0.0,7925,0.0,1978,37,2149,43.0,106996,22752
2020-12-11,23:00:00,20:59:00,99,Mauritania,4702946,10268,163.0,210,8.0,7957,32.0,2101,37,2183,45.0,108500,23071
2020-12-12,23:00:00,20:58:00,99,Mauritania,4703281,10777,509.0,222,12.0,8022,65.0,2533,37,2291,47.0,108500,23069
2020-12-13,23:00:00,20:59:00,99,Mauritania,4703616,10971,194.0,225,3.0,8076,54.0,2670,37,2332,48.0,121358,25801
2020-12-14,23:35:00,21:34:00,99,Mauritania,4703951,11135,164.0,228,3.0,8118,42.0,2789,37,2367,48.0,121358,25799
2020-12-15,23:00:00,20:59:00,99,Mauritania,4704286,11431,296.0,236,8.0,8248,130.0,2947,47,2430,50.0,121358,25797
2020-12-16,23:00:00,20:58:00,99,Mauritania,4704621,11629,198.0,244,8.0,8281,33.0,3104,47,2472,52.0,121358,25795
2020-12-17,23:00:00,20:56:00,99,Mauritania,4704956,11629,0.0,244,0.0,8281,0.0,3104,47,2472,52.0,121358,25794
2020-12-18,23:00:00,20:57:00,99,Mauritania,4705292,12046,417.0,264,20.0,8426,145.0,3356,57,2560,56.0,121358,25792
2020-12-19,23:59:00,22:11:00,99,Mauritania,4705627,12278,232.0,273,9.0,8545,119.0,3460,57,2609,58.0,121358,25790
2020-12-20,23:00:00,20:54:00,99,Mauritania,4705962,12418,140.0,281,8.0,8909,364.0,3228,61,2639,60.0,121358,25788
2020-12-21,23:00:00,20:59:00,99,Mauritania,4706297,12567,149.0,286,5.0,8909,0.0,3372,64,2670,61.0,121358,25786
2020-12-22,23:00:00,20:59:00,99,Mauritania,4706632,12745,178.0,290,4.0,9005,96.0,3450,64,2708,62.0,121358,25784
2020-12-23,23:00:00,20:58:00,99,Mauritania,4706967,12745,0.0,290,0.0,9005,0.0,3450,64,2708,62.0,121358,25783
2020-12-24,23:00:00,20:55:00,99,Mauritania,4707302,13118,373.0,301,11.0,9490,485.0,3327,61,2787,64.0,123133,26158
2020-12-25,23:00:00,20:59:00,99,Mauritania,4707637,13264,146.0,314,13.0,9787,297.0,3163,60,2818,67.0,123133,26156
2020-12-26,23:00:00,20:59:00,99,Mauritania,4707972,13516,252.0,321,7.0,10065,278.0,3130,60,2871,68.0,123133,26154
2020-12-27,23:00:00,20:56:00,99,Mauritania,4708307,13642,126.0,324,3.0,10297,232.0,3021,63,2897,69.0,123133,26152
2020-12-28,23:00:00,20:58:00,99,Mauritania,4708642,13778,136.0,330,6.0,10568,271.0,2880,59,2926,70.0,123133,26150
2020-12-29,23:00:00,20:54:00,99,Mauritania,4708977,13989,211.0,334,4.0,10830,262.0,2825,59,2971,71.0,123133,26149
2020-12-30,23:00:00,20:54:00,99,Mauritania,4709312,14191,202.0,339,5.0,11095,265.0,2757,59,3013,72.0,123133,26147
2020-12-31,23:00:00,20:44:00,99,Mauritania,4709647,14364,173.0,347,8.0,11380,285.0,2637,59,3050,74.0,123133,26145
2021-01-01,23:00:00,20:54:00,99,Mauritania,4709982,14581,217.0,349,2.0,11652,272.0,2580,65,3096,74.0,123133,26143
2021-01-02,23:00:00,20:56:00,99,Mauritania,4710318,14581,0.0,349,0.0,11652,0.0,2580,65,3096,74.0,123133,26141
2021-01-03,23:00:00,20:59:00,99,Mauritania,4710653,14677,96.0,353,4.0,11913,261.0,2411,65,3116,75.0,124386,26405
2021-01-04,23:00:00,20:57:00,99,Mauritania,4710988,14875,198.0,360,7.0,12377,464.0,2138,65,3158,76.0,125644,26670
2021-01-05,23:00:00,20:51:00,99,Mauritania,4711323,14875,0.0,360,0.0,12377,0.0,2138,65,3157,76.0,125644,26669
2021-01-06,23:00:00,20:59:00,99,Mauritania,4711658,14981,106.0,367,7.0,12639,262.0,1975,65,3180,78.0,127287,27015
2021-01-07,23:00:00,20:59:00,99,Mauritania,4711993,15111,130.0,373,6.0,12805,166.0,1933,65,3207,79.0,128842,27343
2021-01-08,23:00:00,20:59:00,99,Mauritania,4712328,15352,241.0,382,9.0,13183,378.0,1787,58,3258,81.0,130310,27653
2021-01-09,23:00:00,20:55:00,99,Mauritania,4712663,15352,0.0,382,0.0,13183,0.0,1787,58,3258,81.0,130310,27651
2021-01-10,23:32:00,21:29:00,99,Mauritania,4712998,15512,160.0,384,2.0,13435,252.0,1693,58,3291,81.0,131440,27889
2021-01-11,23:40:00,21:37:00,99,Mauritania,4713333,15512,0.0,384,0.0,13435,0.0,1693,58,3291,81.0,131440,27887
2021-01-12,23:52:00,21:48:00,99,Mauritania,4713668,15707,195.0,392,8.0,13835,400.0,1480,57,3332,83.0,132738,28160
