scrap_date,scrap_time,update_time_GMT,Country_id,Country,Population,TotalCases,NewCases,TotalDeaths,NewDeaths,TotalRecovered,NewRecovered,ActiveCases,SeriousCritical,Tot_Cases_1Mpop,Deaths_1Mpop,TotalTests,Tests_1Mpop
2020-08-02,20:00:00,,62,Moldova,4033111,25362,,791,,17816,,6755,362,6288,196.0,128076,31756
2020-08-08,20:00:00,,62,Moldova,4032957,27443,2081.0,841,50.0,19100,1284.0,7502,362,6805,209.0,128076,31757
2020-08-12,20:00:00,,62,Moldova,4032855,28223,780.0,857,16.0,19740,640.0,7626,362,6998,213.0,128076,31758
2020-08-16,20:00:00,,62,Moldova,4032753,29905,1682.0,895,38.0,20908,1168.0,8102,362,7416,222.0,128076,31759
2020-08-17,20:00:00,,62,Moldova,4032728,30377,472.0,908,13.0,21220,312.0,8249,362,7533,225.0,128076,31759
2020-08-18,20:00:00,,62,Moldova,4032702,30789,412.0,908,0.0,21220,0.0,8661,362,7635,225.0,128076,31759
2020-08-19,20:00:00,,62,Moldova,4032677,30789,0.0,908,0.0,21885,665.0,7996,362,7635,225.0,183923,45608
2020-08-20,17:53:00,,62,Moldova,4032651,31937,1148.0,921,13.0,21885,0.0,9131,362,7920,228.0,183923,45608
2020-08-23,21:09:00,,62,Moldova,4032575,33478,1541.0,940,19.0,22683,798.0,9855,362,8302,233.0,183923,45609
2020-08-24,17:10:00,,62,Moldova,4032549,33828,350.0,945,5.0,22683,0.0,10200,575,8389,234.0,183923,45610
2020-08-25,23:00:00,,62,Moldova,4032524,34358,530.0,960,15.0,23869,1186.0,9529,575,8520,238.0,183923,45610
2020-08-26,22:59:00,,62,Moldova,4032498,34982,624.0,967,7.0,24156,287.0,9859,575,8675,240.0,183923,45610
2020-08-27,23:00:00,,62,Moldova,4032473,35546,564.0,977,10.0,24156,0.0,10413,575,8815,242.0,207925,51563
2020-08-28,23:01:00,,62,Moldova,4032447,35904,358.0,981,4.0,24156,0.0,10767,575,8904,243.0,207925,51563
2020-08-29,12:29:00,,62,Moldova,4032422,35904,0.0,981,0.0,24156,0.0,10767,575,8904,243.0,207925,51563
2020-08-30,23:00:00,,62,Moldova,4032396,36700,796.0,992,11.0,25139,983.0,10569,575,9101,246.0,207925,51564
2020-08-31,18:58:00,,62,Moldova,4032371,36920,220.0,995,3.0,25872,733.0,10053,575,9156,247.0,207925,51564
2020-09-01,23:00:00,,62,Moldova,4032345,37208,288.0,1008,13.0,25872,0.0,10328,575,9227,250.0,207925,51564
2020-09-02,23:01:00,,62,Moldova,4032320,37740,532.0,1024,16.0,26189,317.0,10527,575,9359,254.0,207925,51565
2020-09-03,23:01:00,,62,Moldova,4032294,38372,632.0,1036,12.0,27017,828.0,10319,575,9516,257.0,207925,51565
2020-09-04,07:01:00,,62,Moldova,4032269,38372,0.0,1036,0.0,27017,0.0,10319,575,9516,257.0,207925,51565
2020-09-05,23:31:00,,62,Moldova,4032243,39473,1101.0,1063,27.0,27799,782.0,10611,549,9789,264.0,210553,52217
2020-09-06,18:30:00,,62,Moldova,4032218,39797,324.0,1063,0.0,27799,0.0,10935,549,9870,264.0,210553,52218
2020-09-07,23:39:00,,62,Moldova,4032192,40055,258.0,1074,11.0,27799,0.0,11182,549,9934,266.0,210553,52218
2020-09-08,22:10:00,,62,Moldova,4032167,40556,501.0,1087,13.0,28578,779.0,10891,549,10058,270.0,210553,52218
2020-09-09,22:01:00,,62,Moldova,4032141,41144,588.0,1096,9.0,28962,384.0,11086,549,10204,272.0,210553,52219
2020-09-10,22:01:00,,62,Moldova,4032116,41704,560.0,1106,10.0,28962,0.0,11636,549,10343,274.0,210553,52219
2020-09-11,22:00:00,,62,Moldova,4032090,42183,479.0,1114,8.0,30437,1475.0,10632,549,10462,276.0,210553,52219
2020-09-12,22:22:00,,62,Moldova,4032065,42714,531.0,1117,3.0,30437,0.0,11160,549,10594,277.0,210553,52220
2020-09-13,22:01:00,,62,Moldova,4032039,42978,264.0,1123,6.0,30437,0.0,11418,549,10659,279.0,210553,52220
2020-09-14,22:04:00,,62,Moldova,4032014,43207,229.0,1129,6.0,30437,0.0,11641,549,10716,280.0,210553,52220
2020-09-15,21:00:00,,62,Moldova,4031988,43734,527.0,1143,14.0,32293,1856.0,10298,549,10847,283.0,246764,61202
2020-09-16,21:01:00,,62,Moldova,4031963,44361,627.0,1159,16.0,32732,439.0,10470,549,11002,287.0,246764,61202
2020-09-18,20:01:00,,62,Moldova,4031912,45648,1287.0,1186,27.0,33734,1002.0,10728,549,11322,294.0,246764,61203
2020-09-19,21:00:00,,62,Moldova,4031886,46336,688.0,1201,15.0,34236,502.0,10899,549,11492,298.0,246764,61203
2020-09-20,22:31:00,,62,Moldova,4031861,46596,260.0,1203,2.0,34236,0.0,11157,549,11557,298.0,246764,61203
2020-09-21,21:01:00,,62,Moldova,4031835,46796,200.0,1211,8.0,35018,782.0,10567,592,11607,300.0,247857,61475
2020-09-22,21:01:00,,62,Moldova,4031810,47446,650.0,1230,19.0,35542,524.0,10674,562,11768,305.0,250422,62112
2020-09-23,19:58:00,,62,Moldova,4031784,48232,786.0,1244,14.0,36071,529.0,10917,564,11963,309.0,253860,62965
2020-09-24,21:00:00,,62,Moldova,4031759,48953,721.0,1252,8.0,36643,572.0,11058,592,12142,311.0,256481,63615
2020-09-25,21:00:00,,62,Moldova,4031733,48953,0.0,1252,0.0,36643,0.0,11058,592,12142,311.0,256481,63616
2020-09-26,21:00:00,,62,Moldova,4031708,50534,1581.0,1279,27.0,37440,797.0,11815,592,12534,317.0,259394,64338
2020-09-27,22:45:00,,62,Moldova,4031682,50875,341.0,1287,8.0,37842,402.0,11746,592,12619,319.0,260492,64611
2020-09-28,22:00:00,,62,Moldova,4031657,51194,319.0,1301,14.0,38217,375.0,11676,710,12698,323.0,276750,68644
2020-09-29,21:35:00,,62,Moldova,4031631,52029,835.0,1310,9.0,38579,362.0,12140,568,12905,325.0,279537,69336
2020-09-30,22:00:00,,62,Moldova,4031606,53042,1013.0,1320,10.0,38997,418.0,12725,568,13157,327.0,283009,70198
2020-10-01,21:31:00,,62,Moldova,4031580,54064,1022.0,1336,16.0,39499,502.0,13229,649,13410,331.0,286312,71017
2020-10-02,22:36:00,,62,Moldova,4031554,55016,952.0,1344,8.0,40002,503.0,13670,689,13646,333.0,289464,71800
2020-10-03,22:24:00,,62,Moldova,4031529,55888,872.0,1353,9.0,40475,473.0,14060,685,13863,336.0,292588,72575
2020-10-04,21:01:00,,62,Moldova,4031503,56579,691.0,1366,13.0,40955,480.0,14258,685,14034,339.0,292588,72575
2020-10-05,22:13:00,,62,Moldova,4031478,56901,322.0,1375,9.0,41467,512.0,14059,744,14114,341.0,293824,72882
2020-10-06,23:01:00,,62,Moldova,4031452,57732,831.0,1389,14.0,41938,471.0,14405,755,14320,345.0,296908,73648
2020-10-07,23:01:00,,62,Moldova,4031427,58794,1062.0,1406,17.0,42480,542.0,14908,755,14584,349.0,302666,75077
2020-10-08,23:59:00,,62,Moldova,4031401,59915,1121.0,1424,18.0,43008,528.0,15483,776,14862,353.0,306394,76002
2020-10-09,23:00:00,,62,Moldova,4031376,60833,918.0,1442,18.0,43489,481.0,15902,781,15090,358.0,309887,76869
2020-10-10,23:00:00,,62,Moldova,4031350,61762,929.0,1458,16.0,43982,493.0,16322,782,15320,362.0,313288,77713
2020-10-12,23:10:00,,62,Moldova,4031299,62618,856.0,1478,20.0,44728,746.0,16412,819,15533,367.0,315165,78180
2020-10-13,23:01:00,,62,Moldova,4031274,63275,657.0,1495,17.0,45102,374.0,16678,781,15696,371.0,318281,78953
2020-10-14,23:01:00,,62,Moldova,4031248,64424,1149.0,1514,19.0,45545,443.0,17365,753,15981,376.0,322257,79940
2020-10-15,14:09:00,11:06:00,62,Moldova,4031223,64424,0.0,1514,0.0,45545,0.0,17365,753,15981,376.0,322257,79940
2020-10-16,22:08:00,19:06:00,62,Moldova,4031197,65860,1436.0,1549,35.0,46543,998.0,17768,864,16338,384.0,328482,81485
2020-10-17,23:01:00,19:58:00,62,Moldova,4031172,66652,792.0,1569,20.0,47230,687.0,17853,864,16534,389.0,328482,81485
2020-10-18,22:05:00,19:03:00,62,Moldova,4031146,67050,398.0,1584,15.0,47842,612.0,17624,898,16633,393.0,329958,81852
2020-10-19,22:05:00,18:59:00,62,Moldova,4031121,67302,252.0,1600,16.0,48493,651.0,17209,851,16696,397.0,331184,82157
2020-10-20,22:05:00,19:04:00,62,Moldova,4031095,67958,656.0,1617,17.0,49083,590.0,17258,876,16858,401.0,331184,82157
2020-10-21,22:05:00,19:03:00,62,Moldova,4031070,68791,833.0,1630,13.0,49702,619.0,17459,849,17065,404.0,335091,83127
2020-10-22,22:05:00,19:04:00,62,Moldova,4031044,69568,777.0,1641,11.0,50422,720.0,17505,795,17258,407.0,338532,83981
2020-10-23,22:05:00,19:02:00,62,Moldova,4031019,70256,688.0,1654,13.0,51102,680.0,17500,813,17429,410.0,341838,84802
2020-10-24,23:41:00,20:40:00,62,Moldova,4030993,71089,833.0,1669,15.0,51719,617.0,17701,813,17636,414.0,341838,84802
2020-10-25,23:00:00,20:58:00,62,Moldova,4030968,71503,414.0,1685,16.0,52290,571.0,17528,824,17738,418.0,343554,85229
2020-10-26,23:00:00,20:56:00,62,Moldova,4030942,71811,308.0,1700,15.0,52730,440.0,17381,802,17815,422.0,344986,85584
2020-10-27,23:00:00,20:58:00,62,Moldova,4030917,72460,649.0,1710,10.0,53201,471.0,17549,814,17976,424.0,347905,86309
2020-10-28,23:00:00,20:58:00,62,Moldova,4030891,73321,861.0,1729,19.0,53816,615.0,17776,803,18190,429.0,363396,90153
2020-10-29,23:00:00,20:57:00,62,Moldova,4030866,74233,912.0,1747,18.0,54495,679.0,17991,814,18416,433.0,366644,90959
2020-10-30,23:00:00,20:58:00,62,Moldova,4030840,75201,968.0,1766,19.0,55190,695.0,18245,789,18656,438.0,370107,91819
2020-10-31,23:00:00,20:59:00,62,Moldova,4030815,76040,839.0,1785,19.0,55782,592.0,18473,792,18865,443.0,373458,92651
2020-11-01,23:00:00,20:59:00,62,Moldova,4030789,76582,542.0,1800,15.0,56312,530.0,18470,790,18999,447.0,375308,93110
2020-11-02,23:00:00,20:57:00,62,Moldova,4030764,76777,195.0,1818,18.0,56875,563.0,18084,801,19048,451.0,376362,93372
2020-11-03,23:00:00,20:59:00,62,Moldova,4030738,77487,710.0,1838,20.0,57402,527.0,18247,778,19224,456.0,379214,94081
2020-11-04,23:00:00,20:57:00,62,Moldova,4030713,78507,1020.0,1851,13.0,58292,890.0,18364,797,19477,459.0,382804,94972
2020-11-05,23:00:00,20:59:00,62,Moldova,4030687,79566,1059.0,1866,15.0,59220,928.0,18480,776,19740,463.0,386108,95792
2020-11-06,23:00:00,20:58:00,62,Moldova,4030662,80501,935.0,1882,16.0,60220,1000.0,18399,814,19972,467.0,389127,96542
2020-11-07,23:00:00,20:57:00,62,Moldova,4030636,81675,1174.0,1891,9.0,61314,1094.0,18470,847,20264,469.0,393001,97503
2020-11-08,23:00:00,20:49:00,62,Moldova,4030611,82346,671.0,1893,2.0,62508,1194.0,17945,852,20430,470.0,394986,97997
2020-11-09,23:00:00,20:59:00,62,Moldova,4030585,82677,331.0,1912,19.0,63646,1138.0,17119,896,20512,474.0,396243,98309
2020-11-10,23:00:00,20:59:00,62,Moldova,4030560,83592,915.0,1930,18.0,64826,1180.0,16836,896,20740,479.0,399050,99006
2020-11-11,23:00:00,20:56:00,62,Moldova,4030534,84707,1115.0,1950,20.0,66115,1289.0,16642,896,21016,484.0,402740,99922
2020-11-12,23:00:00,20:59:00,62,Moldova,4030509,86038,1331.0,1969,19.0,67270,1155.0,16799,231,21347,489.0,406461,100846
2020-11-13,23:00:00,20:58:00,62,Moldova,4030483,87361,1323.0,1987,18.0,68392,1122.0,16982,256,21675,493.0,409963,101716
2020-11-14,23:00:00,20:57:00,62,Moldova,4030458,88772,1411.0,2006,19.0,69526,1134.0,17240,234,22025,498.0,414172,102761
2020-11-15,23:00:00,20:53:00,62,Moldova,4030432,89279,507.0,2019,13.0,70812,1286.0,16448,252,22151,501.0,415684,103136
2020-11-16,23:00:00,20:59:00,62,Moldova,4030407,89843,564.0,2035,16.0,71874,1062.0,15934,253,22291,505.0,417113,103492
2020-11-17,23:00:00,20:58:00,62,Moldova,4030381,90912,1069.0,2054,19.0,73059,1185.0,15799,241,22557,510.0,420228,104265
2020-11-18,23:00:00,20:57:00,62,Moldova,4030356,92519,1607.0,2072,18.0,74229,1170.0,16218,236,22956,514.0,424615,105354
2020-11-19,23:00:00,20:59:00,62,Moldova,4030330,93961,1442.0,2091,19.0,75530,1301.0,16340,253,23313,519.0,428097,106219
2020-11-20,23:00:00,20:59:00,62,Moldova,4030305,95383,1422.0,2111,20.0,76880,1350.0,16392,251,23666,524.0,431575,107082
2020-11-21,23:00:00,20:58:00,62,Moldova,4030279,96689,1306.0,2130,19.0,78112,1232.0,16447,240,23991,528.0,435015,107937
2020-11-22,23:00:00,20:59:00,62,Moldova,4030254,97941,1252.0,2149,19.0,79556,1444.0,16236,257,24301,533.0,437844,108639
2020-11-23,23:00:00,20:58:00,62,Moldova,4030228,98418,477.0,2169,20.0,80882,1326.0,15367,273,24420,538.0,439269,108994
2020-11-24,23:00:00,20:57:00,62,Moldova,4030203,99633,1215.0,2188,19.0,82335,1453.0,15110,245,24722,543.0,442127,109703
2020-11-25,23:00:00,20:58:00,62,Moldova,4030177,101203,1570.0,2209,21.0,83789,1454.0,15205,252,25111,548.0,446095,110689
2020-11-26,23:00:00,20:47:00,62,Moldova,4030152,102894,1691.0,2229,20.0,90485,6696.0,10180,253,25531,553.0,450022,111664
