Date,Scrap_time,Update_time_GMT,Country_id,Country,Population,TotalCases,NewCases,TotalDeaths,NewDeaths,TotalRecovered,NewRecovered,ActiveCases,SeriousCritical,Tot_Cases_1Mpop,Deaths_1Mpop,TotalTests,Tests_1Mpop
2020-08-02,20:00:00,,188,Monaco,39266,120,,4,,105,,11,,3056,102.0,38209,973081
2020-08-08,20:00:00,,188,Monaco,39271,128,8.0,4,0.0,105,0.0,19,2.0,3259,102.0,38209,972957
2020-08-12,20:00:00,,188,Monaco,39274,138,10.0,4,0.0,113,8.0,21,4.0,3514,102.0,38209,972883
2020-08-16,20:00:00,,188,Monaco,39277,146,8.0,4,0.0,114,1.0,28,4.0,3717,102.0,38209,972809
2020-08-17,20:00:00,,188,Monaco,39277,146,0.0,4,0.0,114,0.0,28,4.0,3717,102.0,38209,972809
2020-08-18,20:00:00,,188,Monaco,39278,148,2.0,4,0.0,114,0.0,30,4.0,3768,102.0,38209,972784
2020-08-19,20:00:00,,188,Monaco,39279,148,0.0,4,0.0,114,0.0,30,4.0,3768,102.0,38209,972759
2020-08-20,17:53:00,,188,Monaco,39280,148,0.0,4,0.0,114,0.0,30,4.0,3768,102.0,38209,972734
2020-08-23,21:09:00,,188,Monaco,39282,154,6.0,4,0.0,116,2.0,34,1.0,3920,102.0,51953,1322565
2020-08-24,17:10:00,,188,Monaco,39283,112,-42.0,1,-3.0,83,-33.0,28,1.0,2851,25.0,51953,1322531
2020-08-25,23:00:00,,188,Monaco,39284,121,9.0,1,0.0,85,2.0,35,1.0,3080,25.0,51953,1322498
2020-08-26,22:59:00,,188,Monaco,39284,121,0.0,1,0.0,85,0.0,35,1.0,3080,25.0,51953,1322498
2020-08-27,23:00:00,,188,Monaco,39285,122,1.0,1,0.0,85,0.0,36,1.0,3106,25.0,51953,1322464
2020-08-28,23:01:00,,188,Monaco,39286,125,3.0,1,0.0,86,1.0,38,1.0,3182,25.0,51953,1322430
2020-08-29,12:29:00,,188,Monaco,39287,125,0.0,1,0.0,86,0.0,38,1.0,3182,25.0,51953,1322397
2020-08-30,23:00:00,,188,Monaco,39287,130,5.0,1,0.0,89,3.0,40,1.0,3309,25.0,51953,1322397
2020-08-31,18:58:00,,188,Monaco,39288,131,1.0,1,0.0,89,0.0,41,1.0,3334,25.0,51953,1322363
2020-09-01,23:00:00,,188,Monaco,39289,138,7.0,1,0.0,89,0.0,48,1.0,3512,25.0,51953,1322329
2020-09-02,23:01:00,,188,Monaco,39290,140,2.0,1,0.0,90,1.0,49,1.0,3563,25.0,51953,1322296
2020-09-03,23:01:00,,188,Monaco,39290,143,3.0,1,0.0,94,4.0,48,1.0,3640,25.0,51953,1322296
2020-09-04,07:01:00,,188,Monaco,39291,143,0.0,1,0.0,94,0.0,48,1.0,3640,25.0,51953,1322262
2020-09-05,23:31:00,,188,Monaco,39292,147,4.0,1,0.0,97,3.0,49,1.0,3741,25.0,51953,1322228
2020-09-06,18:30:00,,188,Monaco,39293,147,0.0,1,0.0,102,5.0,44,1.0,3741,25.0,51953,1322195
2020-09-07,23:39:00,,188,Monaco,39293,153,6.0,1,0.0,102,0.0,50,1.0,3894,25.0,51953,1322195
2020-09-08,22:10:00,,188,Monaco,39294,153,0.0,1,0.0,102,0.0,50,1.0,3894,25.0,51953,1322161
2020-09-10,22:01:00,,188,Monaco,39296,165,12.0,1,0.0,107,5.0,57,1.0,4199,25.0,51953,1322094
2020-09-11,22:00:00,,188,Monaco,39296,165,0.0,1,0.0,107,0.0,57,1.0,4199,25.0,51953,1322094
2020-09-12,22:22:00,,188,Monaco,39297,168,3.0,1,0.0,123,16.0,44,1.0,4275,25.0,51953,1322060
2020-09-13,22:01:00,,188,Monaco,39298,169,1.0,1,0.0,123,0.0,45,1.0,4300,25.0,51953,1322027
2020-09-14,22:04:00,,188,Monaco,39299,171,2.0,1,0.0,128,5.0,42,1.0,4351,25.0,51953,1321993
2020-09-15,21:00:00,,188,Monaco,39299,177,6.0,1,0.0,132,4.0,44,1.0,4504,25.0,51953,1321993
2020-09-16,21:01:00,,188,Monaco,39300,181,4.0,1,0.0,137,5.0,43,1.0,4606,25.0,51953,1321959
2020-09-18,20:01:00,,188,Monaco,39302,186,5.0,1,0.0,147,10.0,38,1.0,4733,25.0,51953,1321892
2020-09-19,21:00:00,,188,Monaco,39302,191,5.0,1,0.0,152,5.0,38,1.0,4860,25.0,51953,1321892
2020-09-20,22:31:00,,188,Monaco,39303,192,1.0,1,0.0,152,0.0,39,1.0,4885,25.0,51953,1321858
2020-09-21,21:01:00,,188,Monaco,39304,193,1.0,1,0.0,153,1.0,39,1.0,4910,25.0,51953,1321825
2020-09-22,21:01:00,,188,Monaco,39305,195,2.0,1,0.0,159,6.0,35,1.0,4961,25.0,51953,1321791
2020-09-23,19:58:00,,188,Monaco,39306,197,2.0,1,0.0,163,4.0,33,1.0,5012,25.0,51953,1321757
2020-09-24,21:00:00,,188,Monaco,39306,199,2.0,1,0.0,165,2.0,33,1.0,5063,25.0,51953,1321757
2020-09-25,21:00:00,,188,Monaco,39307,205,6.0,2,1.0,166,1.0,37,1.0,5215,51.0,51953,1321724
2020-09-26,21:00:00,,188,Monaco,39308,208,3.0,2,0.0,167,1.0,39,1.0,5292,51.0,51953,1321690
2020-09-27,22:45:00,,188,Monaco,39309,210,2.0,2,0.0,169,2.0,39,1.0,5342,51.0,51953,1321657
2020-09-28,22:00:00,,188,Monaco,39309,212,2.0,2,0.0,174,5.0,36,1.0,5393,51.0,51953,1321657
2020-09-29,21:35:00,,188,Monaco,39310,214,2.0,2,0.0,178,4.0,34,1.0,5444,51.0,51953,1321623
2020-09-30,22:00:00,,188,Monaco,39311,218,4.0,2,0.0,181,3.0,35,1.0,5546,51.0,51953,1321589
2020-10-01,21:31:00,,188,Monaco,39312,219,1.0,2,0.0,187,6.0,30,1.0,5571,51.0,51953,1321556
2020-10-02,22:36:00,,188,Monaco,39312,221,2.0,2,0.0,188,1.0,31,1.0,5622,51.0,51953,1321556
2020-10-03,22:24:00,,188,Monaco,39313,221,0.0,2,0.0,188,0.0,31,1.0,5622,51.0,51953,1321522
2020-10-04,21:01:00,,188,Monaco,39314,222,1.0,2,0.0,188,0.0,32,1.0,5647,51.0,51953,1321489
2020-10-05,22:13:00,,188,Monaco,39315,223,1.0,2,0.0,193,5.0,28,1.0,5672,51.0,51953,1321455
2020-10-06,23:01:00,,188,Monaco,39315,223,0.0,2,0.0,193,0.0,28,1.0,5672,51.0,51953,1321455
2020-10-07,23:01:00,,188,Monaco,39316,227,4.0,2,0.0,202,9.0,23,1.0,5774,51.0,51953,1321421
2020-10-08,23:59:00,,188,Monaco,39317,229,2.0,2,0.0,207,5.0,20,1.0,5824,51.0,51953,1321388
2020-10-09,23:00:00,,188,Monaco,39318,233,4.0,2,0.0,209,2.0,22,1.0,5926,51.0,51953,1321354
2020-10-10,23:00:00,,188,Monaco,39318,233,0.0,2,0.0,209,0.0,22,1.0,5926,51.0,51953,1321354
2020-10-12,23:10:00,,188,Monaco,39320,234,1.0,2,0.0,209,0.0,23,1.0,5951,51.0,51953,1321287
2020-10-13,23:01:00,,188,Monaco,39321,241,7.0,2,0.0,217,8.0,22,1.0,6129,51.0,51953,1321253
2020-10-14,23:01:00,,188,Monaco,39321,248,7.0,2,0.0,217,0.0,29,1.0,6307,51.0,51953,1321253
2020-10-15,14:09:00,11:06:00,188,Monaco,39322,248,0.0,2,0.0,217,0.0,29,1.0,6307,51.0,51953,1321220
2020-10-16,22:08:00,19:06:00,188,Monaco,39323,255,7.0,2,0.0,217,0.0,36,2.0,6485,51.0,51953,1321186
2020-10-17,23:01:00,19:58:00,188,Monaco,39324,260,5.0,2,0.0,217,0.0,41,2.0,6612,51.0,51953,1321152
2020-10-18,22:05:00,19:03:00,188,Monaco,39324,265,5.0,2,0.0,217,0.0,46,2.0,6739,51.0,51953,1321152
2020-10-19,22:05:00,18:59:00,188,Monaco,39325,268,3.0,2,0.0,222,5.0,44,2.0,6815,51.0,51953,1321119
2020-10-20,22:05:00,19:04:00,188,Monaco,39326,271,3.0,2,0.0,227,5.0,42,2.0,6891,51.0,51953,1321085
2020-10-21,22:05:00,19:03:00,188,Monaco,39327,271,0.0,2,0.0,227,0.0,42,5.0,6891,51.0,51953,1321052
2020-10-22,22:05:00,19:04:00,188,Monaco,39328,273,2.0,2,0.0,231,4.0,40,5.0,6942,51.0,51953,1321018
2020-10-23,22:05:00,19:02:00,188,Monaco,39328,295,22.0,2,0.0,241,10.0,52,5.0,7501,51.0,51953,1321018
2020-10-24,23:41:00,20:40:00,188,Monaco,39329,296,1.0,2,0.0,244,3.0,50,5.0,7526,51.0,51953,1320985
2020-10-25,23:00:00,20:58:00,188,Monaco,39330,296,0.0,2,0.0,244,0.0,50,5.0,7526,51.0,51953,1320951
2020-10-26,23:00:00,20:56:00,188,Monaco,39331,310,14.0,2,0.0,250,6.0,58,5.0,7882,51.0,51953,1320917
2020-10-27,23:00:00,20:58:00,188,Monaco,39331,310,0.0,2,0.0,250,0.0,58,5.0,7882,51.0,51953,1320917
2020-10-28,23:00:00,20:58:00,188,Monaco,39332,320,10.0,2,0.0,256,6.0,62,5.0,8136,51.0,51953,1320884
2020-10-29,23:00:00,20:57:00,188,Monaco,39333,337,17.0,2,0.0,256,0.0,79,5.0,8568,51.0,51953,1320850
2020-10-30,23:00:00,20:58:00,188,Monaco,39334,355,18.0,2,0.0,273,17.0,80,5.0,9025,51.0,51953,1320817
2020-10-31,23:00:00,20:59:00,188,Monaco,39334,355,0.0,2,0.0,273,0.0,80,5.0,9025,51.0,51953,1320817
2020-11-01,23:00:00,20:59:00,188,Monaco,39335,366,11.0,2,0.0,274,1.0,90,6.0,9305,51.0,51953,1320783
2020-11-02,23:00:00,20:57:00,188,Monaco,39336,366,0.0,2,0.0,274,0.0,90,6.0,9304,51.0,51953,1320749
2020-11-03,23:00:00,20:59:00,188,Monaco,39337,397,31.0,2,0.0,293,19.0,102,6.0,10092,51.0,51953,1320716
2020-11-04,23:00:00,20:57:00,188,Monaco,39337,412,15.0,2,0.0,293,0.0,117,6.0,10474,51.0,51953,1320716
2020-11-05,23:00:00,20:59:00,188,Monaco,39338,430,18.0,2,0.0,318,25.0,110,6.0,10931,51.0,51953,1320682
2020-11-06,23:00:00,20:58:00,188,Monaco,39339,454,24.0,2,0.0,331,13.0,121,5.0,11541,51.0,51953,1320649
2020-11-07,23:00:00,20:57:00,188,Monaco,39340,483,29.0,2,0.0,331,0.0,150,5.0,12278,51.0,51953,1320615
2020-11-08,23:00:00,20:49:00,188,Monaco,39340,483,0.0,2,0.0,331,0.0,150,5.0,12278,51.0,51953,1320615
2020-11-09,23:00:00,20:59:00,188,Monaco,39341,486,3.0,2,0.0,345,14.0,139,5.0,12354,51.0,51953,1320582
2020-11-10,23:00:00,20:59:00,188,Monaco,39342,512,26.0,2,0.0,378,33.0,132,5.0,13014,51.0,51953,1320548
2020-11-11,23:00:00,20:56:00,188,Monaco,39343,524,12.0,2,0.0,390,12.0,132,5.0,13319,51.0,51953,1320514
2020-11-12,23:00:00,20:59:00,188,Monaco,39343,532,8.0,2,0.0,408,18.0,122,5.0,13522,51.0,51953,1320514
2020-11-13,23:00:00,20:58:00,188,Monaco,39344,540,8.0,2,0.0,426,18.0,112,6.0,13725,51.0,51953,1320481
2020-11-14,23:00:00,20:57:00,188,Monaco,39345,540,0.0,2,0.0,426,0.0,112,6.0,13725,51.0,51953,1320447
2020-11-15,23:00:00,20:53:00,188,Monaco,39346,548,8.0,2,0.0,450,24.0,96,5.0,13928,51.0,51953,1320414
2020-11-16,23:00:00,20:59:00,188,Monaco,39347,552,4.0,2,0.0,462,12.0,88,5.0,14029,51.0,51953,1320380
2020-11-17,23:00:00,20:58:00,188,Monaco,39347,557,5.0,3,1.0,467,5.0,87,5.0,14156,76.0,51953,1320380
2020-11-18,23:00:00,20:57:00,188,Monaco,39348,565,8.0,3,0.0,487,20.0,75,5.0,14359,76.0,51953,1320347
2020-11-19,23:00:00,20:59:00,188,Monaco,39349,573,8.0,3,0.0,497,10.0,73,5.0,14562,76.0,51953,1320313
2020-11-20,23:00:00,20:59:00,188,Monaco,39350,573,0.0,3,0.0,497,0.0,73,5.0,14562,76.0,51953,1320280
2020-11-21,23:00:00,20:58:00,188,Monaco,39350,577,4.0,3,0.0,504,7.0,70,5.0,14663,76.0,51953,1320280
2020-11-22,23:00:00,20:59:00,188,Monaco,39351,582,5.0,3,0.0,512,8.0,67,5.0,14790,76.0,51953,1320246
2020-11-23,23:00:00,20:58:00,188,Monaco,39352,583,1.0,3,0.0,518,6.0,62,5.0,14815,76.0,51953,1320212
2020-11-24,23:00:00,20:57:00,188,Monaco,39353,587,4.0,3,0.0,523,5.0,61,5.0,14916,76.0,51953,1320179
2020-11-25,23:00:00,20:58:00,188,Monaco,39353,594,7.0,3,0.0,530,7.0,61,5.0,15094,76.0,51953,1320179
2020-11-26,23:00:00,20:47:00,188,Monaco,39354,600,6.0,3,0.0,530,0.0,67,5.0,15246,76.0,51953,1320145
2020-11-27,23:00:00,20:59:00,188,Monaco,39355,603,3.0,3,0.0,532,2.0,68,5.0,15322,76.0,51953,1320112
2020-11-28,23:00:00,20:46:00,188,Monaco,39356,603,0.0,3,0.0,532,0.0,68,5.0,15322,76.0,51953,1320078
2020-11-29,23:00:00,20:51:00,188,Monaco,39356,607,4.0,3,0.0,537,5.0,67,4.0,15423,76.0,51953,1320078
2020-11-30,23:00:00,20:57:00,188,Monaco,39357,609,2.0,3,0.0,556,19.0,50,4.0,15474,76.0,51953,1320045
2020-12-01,23:00:00,20:55:00,188,Monaco,39358,617,8.0,3,0.0,559,3.0,55,4.0,15677,76.0,51953,1320011
2020-12-02,23:00:00,20:58:00,188,Monaco,39359,617,0.0,3,0.0,559,0.0,55,4.0,15676,76.0,51953,1319978
2020-12-03,23:00:00,20:59:00,188,Monaco,39359,621,4.0,3,0.0,563,4.0,55,4.0,15778,76.0,51953,1319978
2020-12-04,23:00:00,20:57:00,188,Monaco,39360,630,9.0,3,0.0,571,8.0,56,4.0,16006,76.0,51953,1319944
2020-12-05,23:00:00,20:58:00,188,Monaco,39361,637,7.0,3,0.0,572,1.0,62,4.0,16184,76.0,51953,1319911
2020-12-06,23:00:00,20:51:00,188,Monaco,39362,638,1.0,3,0.0,574,2.0,61,4.0,16209,76.0,51953,1319877
2020-12-07,23:00:00,20:57:00,188,Monaco,39362,641,3.0,3,0.0,577,3.0,61,4.0,16285,76.0,51953,1319877
2020-12-08,23:00:00,20:59:00,188,Monaco,39363,648,7.0,3,0.0,580,3.0,65,4.0,16462,76.0,51953,1319844
2020-12-09,23:00:00,20:59:00,188,Monaco,39364,655,7.0,3,0.0,585,5.0,67,4.0,16640,76.0,51953,1319810
2020-12-10,23:00:00,20:59:00,188,Monaco,39365,657,2.0,3,0.0,591,6.0,63,4.0,16690,76.0,51953,1319776
2020-12-11,23:00:00,20:59:00,188,Monaco,39365,659,2.0,3,0.0,594,3.0,62,4.0,16741,76.0,51953,1319776
2020-12-12,23:00:00,20:58:00,188,Monaco,39366,668,9.0,3,0.0,596,2.0,69,4.0,16969,76.0,51953,1319743
2020-12-13,23:00:00,20:59:00,188,Monaco,39367,668,0.0,3,0.0,597,1.0,68,4.0,16969,76.0,51953,1319709
2020-12-14,23:35:00,21:34:00,188,Monaco,39368,671,3.0,3,0.0,605,8.0,63,4.0,17044,76.0,51953,1319676
2020-12-15,23:00:00,20:59:00,188,Monaco,39369,671,0.0,3,0.0,605,0.0,63,4.0,17044,76.0,51953,1319642
2020-12-16,23:00:00,20:58:00,188,Monaco,39369,685,14.0,3,0.0,611,6.0,71,4.0,17399,76.0,51953,1319642
2020-12-17,23:00:00,20:56:00,188,Monaco,39370,700,15.0,3,0.0,611,0.0,86,4.0,17780,76.0,51953,1319609
2020-12-18,23:00:00,20:57:00,188,Monaco,39371,715,15.0,3,0.0,616,5.0,96,4.0,18161,76.0,51953,1319575
2020-12-19,23:59:00,22:11:00,188,Monaco,39372,723,8.0,3,0.0,616,0.0,104,4.0,18363,76.0,51953,1319542
2020-12-20,23:00:00,20:54:00,188,Monaco,39372,728,5.0,3,0.0,621,5.0,104,4.0,18490,76.0,51953,1319542
2020-12-21,23:00:00,20:59:00,188,Monaco,39373,742,14.0,3,0.0,631,10.0,108,4.0,18845,76.0,51953,1319508
2020-12-22,23:00:00,20:59:00,188,Monaco,39374,756,14.0,3,0.0,636,5.0,117,4.0,19200,76.0,51953,1319475
2020-12-23,23:00:00,20:58:00,188,Monaco,39375,756,0.0,3,0.0,636,0.0,117,4.0,19200,76.0,51953,1319441
2020-12-24,23:00:00,20:55:00,188,Monaco,39375,783,27.0,3,0.0,659,23.0,121,2.0,19886,76.0,51953,1319441
2020-12-25,23:00:00,20:59:00,188,Monaco,39376,789,6.0,3,0.0,664,5.0,122,2.0,20038,76.0,51953,1319408
2020-12-26,23:00:00,20:59:00,188,Monaco,39377,789,0.0,3,0.0,664,0.0,122,2.0,20037,76.0,51953,1319374
2020-12-27,23:00:00,20:56:00,188,Monaco,39378,797,8.0,3,0.0,673,9.0,121,1.0,20240,76.0,51953,1319341
2020-12-28,23:00:00,20:58:00,188,Monaco,39378,797,0.0,3,0.0,673,0.0,121,1.0,20240,76.0,51953,1319341
2020-12-29,23:00:00,20:54:00,188,Monaco,39379,827,30.0,3,0.0,692,19.0,132,1.0,21001,76.0,51953,1319307
2020-12-30,23:00:00,20:54:00,188,Monaco,39380,827,0.0,3,0.0,692,0.0,132,1.0,21001,76.0,51953,1319274
2020-12-31,23:00:00,20:44:00,188,Monaco,39381,875,48.0,3,0.0,708,16.0,164,1.0,22219,76.0,51953,1319240
2021-01-01,23:00:00,20:54:00,188,Monaco,39381,885,10.0,3,0.0,718,10.0,164,1.0,22473,76.0,51953,1319240
2021-01-02,23:00:00,20:56:00,188,Monaco,39382,901,16.0,3,0.0,725,7.0,173,1.0,22878,76.0,51953,1319207
2021-01-03,23:00:00,20:59:00,188,Monaco,39383,907,6.0,3,0.0,733,8.0,171,1.0,23030,76.0,51953,1319173
2021-01-04,23:00:00,20:57:00,188,Monaco,39384,917,10.0,3,0.0,743,10.0,171,1.0,23284,76.0,51953,1319140
2021-01-05,23:00:00,20:51:00,188,Monaco,39384,947,30.0,3,0.0,763,20.0,181,1.0,24045,76.0,51953,1319140
