Date,Scrap_time,Update_time_GMT,Country_id,Country,Population,TotalCases,NewCases,TotalDeaths,NewDeaths,TotalRecovered,NewRecovered,ActiveCases,SeriousCritical,Tot_Cases_1Mpop,Deaths_1Mpop,TotalTests,Tests_1Mpop
2020-08-02,20:00:00,,180,Mongolia,3282622,293,,,,230,,63,3,89,,36238,11039
2020-08-08,20:00:00,,180,Mongolia,3283488,293,0.0,,,260,30.0,33,1,89,,39190,11935
2020-08-12,20:00:00,,180,Mongolia,3284066,293,0.0,,,269,9.0,24,1,89,,41584,12662
2020-08-16,20:00:00,,180,Mongolia,3284643,298,5.0,,,276,7.0,22,1,91,,43785,13330
2020-08-17,20:00:00,,180,Mongolia,3284788,298,0.0,,,276,0.0,22,1,91,,44394,13515
2020-08-18,20:00:00,,180,Mongolia,3284932,298,0.0,,,278,2.0,20,1,91,,44980,13693
2020-08-19,20:00:00,,180,Mongolia,3285076,298,0.0,,,281,3.0,17,1,91,,45730,13921
2020-08-20,17:53:00,,180,Mongolia,3285221,298,0.0,,,281,0.0,17,1,91,,46332,14103
2020-08-23,21:09:00,,180,Mongolia,3285654,298,0.0,,,288,7.0,10,1,91,,48218,14675
2020-08-24,17:10:00,,180,Mongolia,3285798,298,0.0,,,289,1.0,9,1,91,,49602,15096
2020-08-25,23:00:00,,180,Mongolia,3285943,298,0.0,,,289,0.0,9,1,91,,50613,15403
2020-08-26,22:59:00,,180,Mongolia,3286087,300,2.0,,,289,0.0,11,1,91,,51103,15551
2020-08-27,23:00:00,,180,Mongolia,3286231,301,1.0,,,291,2.0,10,1,92,,51656,15719
2020-08-28,23:01:00,,180,Mongolia,3286376,301,0.0,,,291,0.0,10,1,92,,52127,15862
2020-08-29,12:29:00,,180,Mongolia,3286520,301,0.0,,,291,0.0,10,1,92,,52858,16083
2020-08-30,23:00:00,,180,Mongolia,3286664,301,0.0,,,295,4.0,6,1,92,,53417,16253
2020-08-31,18:58:00,,180,Mongolia,3286809,301,0.0,,,295,0.0,6,1,92,,54095,16458
2020-09-01,23:00:00,,180,Mongolia,3286953,304,3.0,,,295,0.0,9,1,92,,54413,16554
2020-09-02,23:01:00,,180,Mongolia,3287097,306,2.0,,,296,1.0,10,1,93,,54897,16701
2020-09-03,23:01:00,,180,Mongolia,3287242,306,0.0,,,296,0.0,10,1,93,,55251,16808
2020-09-04,07:01:00,,180,Mongolia,3287386,310,4.0,,,296,0.0,14,1,94,,55788,16970
2020-09-05,23:31:00,,180,Mongolia,3287531,310,0.0,,,296,0.0,14,1,94,,56573,17208
2020-09-06,18:30:00,,180,Mongolia,3287675,310,0.0,,,296,0.0,14,1,94,,57177,17391
2020-09-07,23:39:00,,180,Mongolia,3287819,310,0.0,,,296,0.0,14,1,94,,57598,17519
2020-09-08,22:10:00,,180,Mongolia,3287964,310,0.0,,,296,0.0,14,1,94,,57798,17579
2020-09-10,22:01:00,,180,Mongolia,3288252,310,0.0,,,298,2.0,12,1,94,,58747,17866
2020-09-11,22:00:00,,180,Mongolia,3288397,311,1.0,,,298,0.0,13,1,95,,59764,18174
2020-09-12,22:22:00,,180,Mongolia,3288541,311,0.0,,,298,0.0,13,1,95,,60186,18302
2020-09-13,22:01:00,,180,Mongolia,3288685,311,0.0,,,298,0.0,13,1,95,,60789,18484
2020-09-14,22:04:00,,180,Mongolia,3288830,311,0.0,,,300,2.0,11,1,95,,61567,18720
2020-09-15,21:00:00,,180,Mongolia,3288974,311,0.0,,,301,1.0,10,1,95,,61567,18719
2020-09-16,21:01:00,,180,Mongolia,3289119,311,0.0,,,301,0.0,10,1,95,,61951,18835
2020-09-18,20:01:00,,180,Mongolia,3289407,311,0.0,,,302,1.0,9,1,95,,64166,19507
2020-09-19,21:00:00,,180,Mongolia,3289552,311,0.0,,,302,0.0,9,1,95,,64396,19576
2020-09-20,22:31:00,,180,Mongolia,3289696,312,1.0,,,302,0.0,10,1,95,,64797,19697
2020-09-21,21:01:00,,180,Mongolia,3289840,312,0.0,,,302,0.0,10,1,95,,65143,19801
2020-09-22,21:01:00,,180,Mongolia,3289985,313,1.0,,,302,0.0,11,1,95,,65596,19938
2020-09-23,19:58:00,,180,Mongolia,3290129,313,0.0,,,302,0.0,11,1,95,,65596,19937
2020-09-24,21:00:00,,180,Mongolia,3290273,313,0.0,,,302,0.0,11,1,95,,66819,20308
2020-09-25,21:00:00,,180,Mongolia,3290418,313,0.0,,,303,1.0,10,1,95,,67178,20416
2020-09-26,21:00:00,,180,Mongolia,3290562,313,0.0,,,303,0.0,10,1,95,,67595,20542
2020-09-27,22:45:00,,180,Mongolia,3290706,313,0.0,,,303,0.0,10,1,95,,68149,20710
2020-09-28,22:00:00,,180,Mongolia,3290851,313,0.0,,,305,2.0,8,1,95,,68491,20813
2020-09-29,21:35:00,,180,Mongolia,3290995,313,0.0,,,305,0.0,8,1,95,,69372,21079
2020-09-30,22:00:00,,180,Mongolia,3291140,313,0.0,,,305,0.0,8,1,95,,69963,21258
2020-10-01,21:31:00,,180,Mongolia,3291284,313,0.0,,,307,2.0,6,1,95,,70716,21486
2020-10-02,22:36:00,,180,Mongolia,3291428,313,0.0,,,307,0.0,6,1,95,,71418,21698
2020-10-03,22:24:00,,180,Mongolia,3291573,313,0.0,,,307,0.0,6,1,95,,72418,22001
2020-10-04,21:01:00,,180,Mongolia,3291717,313,0.0,,,307,0.0,6,1,95,,73071,22198
2020-10-05,22:13:00,,180,Mongolia,3291861,314,1.0,,,307,0.0,7,1,95,,73641,22371
2020-10-06,23:01:00,,180,Mongolia,3292006,315,1.0,,,307,0.0,8,1,96,,74445,22614
2020-10-07,23:01:00,,180,Mongolia,3292150,315,0.0,,,308,1.0,7,1,96,,74922,22758
2020-10-08,23:59:00,,180,Mongolia,3292294,315,0.0,,,308,0.0,7,1,96,,75304,22873
2020-10-09,23:00:00,,180,Mongolia,3292439,315,0.0,,,308,0.0,7,1,96,,76170,23135
2020-10-10,23:00:00,,180,Mongolia,3292583,315,0.0,,,310,2.0,5,1,96,,76617,23270
2020-10-12,23:10:00,,180,Mongolia,3292872,318,3.0,,,310,0.0,8,1,97,,77797,23626
2020-10-13,23:01:00,,180,Mongolia,3293016,320,2.0,,,311,1.0,9,1,97,,78504,23840
2020-10-14,23:01:00,,180,Mongolia,3293161,320,0.0,,,311,0.0,9,1,97,,79151,24035
2020-10-15,14:09:00,11:06:00,180,Mongolia,3293305,320,0.0,,,311,0.0,9,1,97,,79601,24171
2020-10-16,22:08:00,19:06:00,180,Mongolia,3293449,320,0.0,,,311,0.0,9,1,97,,80030,24300
2020-10-17,23:01:00,19:58:00,180,Mongolia,3293594,320,0.0,,,311,0.0,9,1,97,,80365,24400
2020-10-18,22:05:00,19:03:00,180,Mongolia,3293738,324,4.0,,,312,1.0,12,1,98,,80827,24540
2020-10-19,22:05:00,18:59:00,180,Mongolia,3293882,324,0.0,,,312,0.0,12,1,98,,81516,24748
2020-10-20,22:05:00,19:04:00,180,Mongolia,3294027,326,2.0,,,312,0.0,14,1,99,,82472,25037
2020-10-21,22:05:00,19:03:00,180,Mongolia,3294171,327,1.0,,,312,0.0,15,1,99,,83511,25351
2020-10-22,22:05:00,19:04:00,180,Mongolia,3294315,328,1.0,,,312,0.0,16,1,100,,84058,25516
2020-10-23,22:05:00,19:02:00,180,Mongolia,3294460,328,0.0,,,312,0.0,16,1,100,,84564,25669
2020-10-24,23:41:00,20:40:00,180,Mongolia,3294604,337,9.0,,,312,0.0,25,1,102,,84710,25712
2020-10-25,23:00:00,20:58:00,180,Mongolia,3294749,338,1.0,,,312,0.0,26,1,103,,85383,25915
2020-10-26,23:00:00,20:56:00,180,Mongolia,3294893,339,1.0,,,312,0.0,27,1,103,,85753,26026
2020-10-27,23:00:00,20:58:00,180,Mongolia,3295037,340,1.0,,,312,0.0,28,1,103,,86167,26151
2020-10-28,23:00:00,20:58:00,180,Mongolia,3295182,340,0.0,,,312,0.0,28,1,103,,86986,26398
2020-10-29,23:00:00,20:57:00,180,Mongolia,3295326,340,0.0,,,312,0.0,28,1,103,,87563,26572
2020-10-30,23:00:00,20:58:00,180,Mongolia,3295470,340,0.0,,,313,1.0,27,1,103,,88230,26773
2020-10-31,23:00:00,20:59:00,180,Mongolia,3295615,346,6.0,,,313,0.0,33,1,105,,89325,27104
2020-11-01,23:00:00,20:59:00,180,Mongolia,3295759,346,0.0,,,313,0.0,33,1,105,,89939,27289
2020-11-02,23:00:00,20:57:00,180,Mongolia,3295903,349,3.0,,,313,0.0,36,1,106,,90593,27487
2020-11-03,23:00:00,20:59:00,180,Mongolia,3296048,350,1.0,,,313,0.0,37,1,106,,90951,27594
2020-11-04,23:00:00,20:57:00,180,Mongolia,3296192,352,2.0,,,314,1.0,38,1,107,,91206,27670
2020-11-05,23:00:00,20:59:00,180,Mongolia,3296337,353,1.0,,,314,0.0,39,3,107,,91808,27852
2020-11-06,23:00:00,20:58:00,180,Mongolia,3296481,356,3.0,,,314,0.0,42,1,108,,92274,27992
2020-11-07,23:00:00,20:57:00,180,Mongolia,3296625,357,1.0,,,314,0.0,43,1,108,,93039,28223
2020-11-08,23:00:00,20:49:00,180,Mongolia,3296770,362,5.0,,,317,3.0,45,1,110,,93553,28377
2020-11-09,23:00:00,20:59:00,180,Mongolia,3296914,368,6.0,,,317,0.0,51,1,112,,94089,28539
2020-11-10,23:00:00,20:59:00,180,Mongolia,3297058,374,6.0,,,317,0.0,57,1,113,,94593,28690
2020-11-11,23:00:00,20:56:00,180,Mongolia,3297203,382,8.0,,,317,0.0,65,1,116,,95082,28837
2020-11-12,23:00:00,20:59:00,180,Mongolia,3297347,406,24.0,,,317,0.0,89,1,123,,95726,29031
2020-11-13,23:00:00,20:58:00,180,Mongolia,3297491,412,6.0,,,317,0.0,95,2,125,,96756,29342
2020-11-14,23:00:00,20:57:00,180,Mongolia,3297636,416,4.0,,,328,11.0,88,1,126,,97576,29590
2020-11-15,23:00:00,20:53:00,180,Mongolia,3297780,428,12.0,,,328,0.0,100,2,130,,98390,29835
2020-11-16,23:00:00,20:59:00,180,Mongolia,3297924,431,3.0,,,328,0.0,103,2,131,,100208,30385
2020-11-17,23:00:00,20:58:00,180,Mongolia,3298069,440,9.0,,,328,0.0,112,2,133,,101970,30918
2020-11-18,23:00:00,20:57:00,180,Mongolia,3298213,473,33.0,,,329,1.0,144,3,143,,103613,31415
2020-11-19,23:00:00,20:59:00,180,Mongolia,3298358,518,45.0,,,329,0.0,189,1,157,,105003,31835
2020-11-20,23:00:00,20:59:00,180,Mongolia,3298502,557,39.0,,,337,8.0,220,1,169,,108628,32933
2020-11-21,23:00:00,20:58:00,180,Mongolia,3298646,582,25.0,,,337,0.0,245,2,176,,110309,33441
2020-11-22,23:00:00,20:59:00,180,Mongolia,3298791,629,47.0,,,340,3.0,289,3,191,,111614,33835
2020-11-23,23:00:00,20:58:00,180,Mongolia,3298935,640,11.0,,,340,0.0,300,1,194,,114625,34746
2020-11-24,23:00:00,20:57:00,180,Mongolia,3299079,672,32.0,,,342,2.0,330,2,204,,118960,36059
2020-11-25,23:00:00,20:58:00,180,Mongolia,3299224,699,27.0,,,342,0.0,357,3,212,,121971,36970
2020-11-26,23:00:00,20:47:00,180,Mongolia,3299368,712,13.0,,,345,3.0,367,3,216,,126147,38234
2020-11-27,23:00:00,20:59:00,180,Mongolia,3299512,738,26.0,,,347,2.0,391,5,224,,144178,43697
2020-11-28,23:00:00,20:46:00,180,Mongolia,3299657,760,22.0,,,347,0.0,413,5,230,,156107,47310
2020-11-29,23:00:00,20:51:00,180,Mongolia,3299801,784,24.0,,,354,7.0,430,6,238,,165620,50191
2020-11-30,23:00:00,20:57:00,180,Mongolia,3299946,791,7.0,,,354,0.0,437,6,240,,175928,53312
2020-12-01,23:00:00,20:55:00,180,Mongolia,3300090,801,10.0,,,358,4.0,443,6,243,,188044,56981
2020-12-02,23:00:00,20:58:00,180,Mongolia,3300234,812,11.0,,,358,0.0,454,3,246,,200059,60620
2020-12-03,23:00:00,20:59:00,180,Mongolia,3300379,819,7.0,,,365,7.0,454,3,248,,216658,65646
2020-12-04,23:00:00,20:57:00,180,Mongolia,3300523,831,12.0,,,365,0.0,466,3,252,,236269,71585
2020-12-05,23:00:00,20:58:00,180,Mongolia,3300667,842,11.0,,,368,3.0,474,2,255,,256509,77714
2020-12-06,23:00:00,20:51:00,180,Mongolia,3300812,849,7.0,,,384,16.0,465,2,257,,270528,81958
2020-12-07,23:00:00,20:57:00,180,Mongolia,3300956,887,38.0,,,384,0.0,503,2,269,,293869,89025
2020-12-08,23:00:00,20:59:00,180,Mongolia,3301100,888,1.0,,,384,0.0,504,1,269,,321357,97348
2020-12-09,23:00:00,20:59:00,180,Mongolia,3301245,893,5.0,,,384,0.0,509,6,271,,345381,104621
2020-12-10,23:00:00,20:59:00,180,Mongolia,3301389,898,5.0,,,384,0.0,514,6,272,,366851,111120
2020-12-11,23:00:00,20:59:00,180,Mongolia,3301533,905,7.0,,,384,0.0,521,6,274,,387484,117365
2020-12-12,23:00:00,20:58:00,180,Mongolia,3301678,906,1.0,,,384,0.0,522,6,274,,405013,122669
2020-12-13,23:00:00,20:59:00,180,Mongolia,3301822,907,1.0,,,384,0.0,523,6,275,,420000,127202
2020-12-14,23:35:00,21:34:00,180,Mongolia,3301967,912,5.0,,,384,0.0,528,6,276,,428574,129794
2020-12-15,23:00:00,20:59:00,180,Mongolia,3302111,917,5.0,,,384,0.0,533,6,278,,439523,133104
2020-12-16,23:00:00,20:58:00,180,Mongolia,3302255,918,1.0,,,384,0.0,534,6,278,,439523,133098
2020-12-17,23:00:00,20:56:00,180,Mongolia,3302400,923,5.0,,,384,0.0,539,6,279,,462833,140150
2020-12-18,23:00:00,20:57:00,180,Mongolia,3302544,941,18.0,,,473,89.0,468,4,285,,471863,142879
2020-12-19,23:59:00,22:11:00,180,Mongolia,3302688,953,12.0,,,509,36.0,444,4,289,,483054,146261
2020-12-20,23:00:00,20:54:00,180,Mongolia,3302833,961,8.0,,,509,0.0,452,4,291,,491470,148803
2020-12-21,23:00:00,20:59:00,180,Mongolia,3302977,993,32.0,,,509,0.0,484,4,301,,497431,150601
2020-12-22,23:00:00,20:59:00,180,Mongolia,3303121,1006,13.0,,,541,32.0,465,4,305,,509788,154335
2020-12-23,23:00:00,20:58:00,180,Mongolia,3303266,1063,57.0,,,541,0.0,522,4,322,,513922,155580
2020-12-24,23:00:00,20:55:00,180,Mongolia,3303410,1069,6.0,,,584,43.0,485,3,324,,525722,159145
2020-12-25,23:00:00,20:59:00,180,Mongolia,3303555,1075,6.0,,,584,0.0,491,3,325,,525722,159138
2020-12-26,23:00:00,20:59:00,180,Mongolia,3303699,1082,7.0,,,711,127.0,371,3,328,,548812,166120
2020-12-27,23:00:00,20:56:00,180,Mongolia,3303843,1121,39.0,,,711,0.0,410,3,339,,548812,166113
2020-12-28,23:00:00,20:58:00,180,Mongolia,3303988,1137,16.0,,,711,0.0,426,3,344,,548812,166106
2020-12-29,23:00:00,20:54:00,180,Mongolia,3304132,1175,38.0,1.0,,745,34.0,429,3,356,0.3,586387,177471
2020-12-30,23:00:00,20:54:00,180,Mongolia,3304276,1195,20.0,1.0,0.0,824,79.0,370,3,362,0.3,599215,181345
2020-12-31,23:00:00,20:44:00,180,Mongolia,3304421,1215,20.0,1.0,0.0,830,6.0,384,9,368,0.3,600984,181873
2021-01-01,23:00:00,20:54:00,180,Mongolia,3304565,1220,5.0,1.0,0.0,837,7.0,382,9,369,0.3,618748,187240
2021-01-02,23:00:00,20:56:00,180,Mongolia,3304709,1242,22.0,1.0,0.0,855,18.0,386,9,376,0.3,629900,190607
