scrap_date,scrap_time,update_time_GMT,Country_id,Country,Population,TotalCases,NewCases,TotalDeaths,NewDeaths,TotalRecovered,NewRecovered,ActiveCases,SeriousCritical,Tot_Cases_1Mpop,Deaths_1Mpop,TotalTests,Tests_1Mpop
2020-08-02,20:00:00,,118,Mozambique,31321953,1907,,12,,645,,1250,,61,0.4,58991,1883
2020-08-08,20:00:00,,118,Mozambique,31336364,2213,306.0,15,3.0,827,182.0,1371,,71,0.5,66542,2123
2020-08-12,20:00:00,,118,Mozambique,31345971,2481,268.0,17,2.0,910,83.0,1554,,79,0.5,71351,2276
2020-08-16,20:00:00,,118,Mozambique,31355578,2791,310.0,19,2.0,1136,226.0,1636,,89,0.6,76614,2443
2020-08-17,20:00:00,,118,Mozambique,31357980,2914,123.0,19,0.0,1196,60.0,1699,,93,0.6,78877,2515
2020-08-18,20:00:00,,118,Mozambique,31360382,2914,0.0,19,0.0,1196,0.0,1699,,93,0.6,78877,2515
2020-08-19,20:00:00,,118,Mozambique,31362784,2991,77.0,19,0.0,1245,49.0,1727,,95,0.6,79504,2535
2020-08-20,17:53:00,,118,Mozambique,31365185,3045,54.0,19,0.0,1291,46.0,1735,,97,0.6,80913,2580
2020-08-23,21:09:00,,118,Mozambique,31372391,3395,350.0,20,1.0,1503,212.0,1872,,108,0.6,85137,2714
2020-08-24,17:10:00,,118,Mozambique,31374793,3395,0.0,20,0.0,1503,0.0,1872,,108,0.6,85137,2714
2020-08-25,23:00:00,,118,Mozambique,31377195,3508,113.0,21,1.0,1809,306.0,1678,,112,0.7,89158,2841
2020-08-26,22:59:00,,118,Mozambique,31379596,3590,82.0,21,0.0,1927,118.0,1642,,114,0.7,90566,2886
2020-08-27,23:00:00,,118,Mozambique,31381998,3590,0.0,21,0.0,1927,0.0,1642,,114,0.7,90566,2886
2020-08-28,23:01:00,,118,Mozambique,31384400,3651,61.0,21,0.0,1968,41.0,1662,,116,0.7,91130,2904
2020-08-29,12:29:00,,118,Mozambique,31386802,3697,46.0,21,0.0,2055,87.0,1621,,118,0.7,92046,2933
2020-08-30,23:00:00,,118,Mozambique,31389204,3821,124.0,23,2.0,2100,45.0,1698,,122,0.7,94696,3017
2020-08-31,18:58:00,,118,Mozambique,31391605,3821,0.0,23,0.0,2100,0.0,1698,,122,0.7,94696,3017
2020-09-01,23:00:00,,118,Mozambique,31394007,4039,218.0,23,0.0,2170,70.0,1846,,129,0.7,96387,3070
2020-09-02,23:01:00,,118,Mozambique,31396409,4117,78.0,25,2.0,2170,0.0,1922,,131,0.8,96387,3070
2020-09-03,23:01:00,,118,Mozambique,31398811,4207,90.0,26,1.0,2370,200.0,1811,,134,0.8,100873,3213
2020-09-04,07:01:00,,118,Mozambique,31401213,4207,0.0,26,0.0,2370,0.0,1811,,134,0.8,100873,3212
2020-09-05,23:31:00,,118,Mozambique,31403614,4341,134.0,26,0.0,2579,209.0,1736,,138,0.8,102456,3263
2020-09-06,18:30:00,,118,Mozambique,31406016,4341,0.0,26,0.0,2579,0.0,1736,,138,0.8,102456,3262
2020-09-07,23:39:00,,118,Mozambique,31408418,4557,216.0,27,1.0,2697,118.0,1833,,145,0.9,106382,3387
2020-09-08,22:10:00,,118,Mozambique,31410820,4647,90.0,28,1.0,2715,18.0,1904,,148,0.9,107083,3409
2020-09-10,22:01:00,,118,Mozambique,31415623,4832,185.0,31,3.0,2857,142.0,1944,,154,1.0,108745,3461
2020-09-11,22:00:00,,118,Mozambique,31418025,4918,86.0,31,0.0,2899,42.0,1988,,157,1.0,110310,3511
2020-09-12,22:22:00,,118,Mozambique,31420427,5040,122.0,35,4.0,2905,6.0,2100,,160,1.0,112238,3572
2020-09-13,22:01:00,,118,Mozambique,31422829,5269,229.0,35,0.0,2960,55.0,2274,,168,1.0,114333,3639
2020-09-14,22:04:00,,118,Mozambique,31425231,5482,213.0,35,0.0,3024,64.0,2423,,174,1.0,115588,3678
2020-09-15,21:00:00,,118,Mozambique,31427632,5713,231.0,37,2.0,3181,157.0,2495,,182,1.0,117029,3724
2020-09-16,21:01:00,,118,Mozambique,31430034,5994,281.0,39,2.0,3267,86.0,2688,,191,1.0,118657,3775
2020-09-18,20:01:00,,118,Mozambique,31434838,6161,167.0,39,0.0,3393,126.0,2729,,196,1.0,119689,3808
2020-09-19,21:00:00,,118,Mozambique,31437240,6537,376.0,41,2.0,3620,227.0,2876,,208,1.0,123212,3919
2020-09-20,22:31:00,,118,Mozambique,31439641,6771,234.0,43,2.0,3622,2.0,3106,,215,1.0,124785,3969
2020-09-21,21:01:00,,118,Mozambique,31442043,6912,141.0,44,1.0,3738,116.0,3130,,220,1.0,125633,3996
2020-09-22,21:01:00,,118,Mozambique,31444445,7114,202.0,45,1.0,4064,326.0,3005,,226,1.0,127378,4051
2020-09-23,19:58:00,,118,Mozambique,31446847,7114,0.0,45,0.0,4064,0.0,3005,,226,1.0,127378,4051
2020-09-24,21:00:00,,118,Mozambique,31449249,7399,285.0,51,6.0,4558,494.0,2790,,235,2.0,130060,4136
2020-09-25,21:00:00,,118,Mozambique,31451650,7399,0.0,51,0.0,4558,0.0,2790,,235,2.0,130060,4135
2020-09-26,21:00:00,,118,Mozambique,31454052,7589,190.0,53,2.0,4649,91.0,2887,,241,2.0,131579,4183
2020-09-27,22:45:00,,118,Mozambique,31456454,7983,394.0,58,5.0,4807,158.0,3118,,254,2.0,134011,4260
2020-09-28,22:00:00,,118,Mozambique,31458856,8288,305.0,59,1.0,4836,29.0,3393,,263,2.0,135406,4304
2020-09-29,21:35:00,,118,Mozambique,31461258,8556,268.0,59,0.0,5205,369.0,3292,,272,2.0,136683,4344
2020-09-30,22:00:00,,118,Mozambique,31463659,8728,172.0,61,2.0,5232,27.0,3435,,277,2.0,138386,4398
2020-10-01,21:31:00,,118,Mozambique,31466061,8888,160.0,62,1.0,5573,341.0,3253,,282,2.0,140310,4459
2020-10-02,22:36:00,,118,Mozambique,31468463,8979,91.0,64,2.0,5595,22.0,3320,,285,2.0,142028,4513
2020-10-03,22:24:00,,118,Mozambique,31470865,9049,70.0,64,0.0,5736,141.0,3249,,288,2.0,143281,4553
2020-10-04,21:01:00,,118,Mozambique,31473267,9196,147.0,66,2.0,5852,116.0,3278,,292,2.0,144618,4595
2020-10-05,22:13:00,,118,Mozambique,31475668,9296,100.0,66,0.0,6104,252.0,3126,,295,2.0,1446106,45944
2020-10-06,23:01:00,,118,Mozambique,31478070,9398,102.0,67,1.0,6358,254.0,2973,,299,2.0,147458,4684
2020-10-07,23:01:00,,118,Mozambique,31480472,9494,96.0,68,1.0,6812,454.0,2614,,302,2.0,148538,4718
2020-10-08,23:59:00,,118,Mozambique,31482874,9639,145.0,68,0.0,6911,99.0,2660,,306,2.0,150007,4765
2020-10-09,23:00:00,,118,Mozambique,31485276,9742,103.0,69,1.0,7171,260.0,2502,,309,2.0,151813,4822
2020-10-10,23:00:00,,118,Mozambique,31487677,9742,0.0,69,0.0,7171,0.0,2502,,309,2.0,151813,4821
2020-10-12,23:10:00,,118,Mozambique,31492481,10088,346.0,72,3.0,7550,379.0,2466,,320,2.0,155202,4928
2020-10-13,23:01:00,,118,Mozambique,31494883,10258,170.0,73,1.0,7880,330.0,2305,,326,2.0,159334,5059
2020-10-14,23:01:00,,118,Mozambique,31497285,10392,134.0,73,0.0,8035,155.0,2284,,330,2.0,160722,5103
2020-10-15,14:09:00,11:06:00,118,Mozambique,31499686,10392,0.0,73,0.0,8035,0.0,2284,,330,2.0,160722,5102
2020-10-16,22:08:00,19:06:00,118,Mozambique,31502088,10612,220.0,73,0.0,8262,227.0,2277,,337,2.0,164361,5217
2020-10-17,23:01:00,19:58:00,118,Mozambique,31504490,10707,95.0,74,1.0,8272,10.0,2361,,340,2.0,165671,5259
2020-10-18,22:05:00,19:03:00,118,Mozambique,31506892,10866,159.0,75,1.0,8513,241.0,2278,,345,2.0,167051,5302
2020-10-19,22:05:00,18:59:00,118,Mozambique,31509294,11080,214.0,75,0.0,8836,323.0,2169,,352,2.0,167816,5326
2020-10-20,22:05:00,19:04:00,118,Mozambique,31511695,11190,110.0,78,3.0,9007,171.0,2105,,355,2.0,168971,5362
2020-10-21,22:05:00,19:03:00,118,Mozambique,31514097,11331,141.0,79,1.0,9165,158.0,2087,,360,3.0,169947,5393
2020-10-22,22:05:00,19:04:00,118,Mozambique,31516499,11559,228.0,81,2.0,9226,61.0,2252,,367,3.0,175870,5580
2020-10-23,22:05:00,19:02:00,118,Mozambique,31518901,11748,189.0,82,1.0,9234,8.0,2432,,373,3.0,177287,5625
2020-10-24,23:41:00,20:40:00,118,Mozambique,31521303,11895,147.0,85,3.0,9244,10.0,2566,,377,3.0,178561,5665
2020-10-25,23:00:00,20:58:00,118,Mozambique,31523704,11986,91.0,86,1.0,9253,9.0,2647,,380,3.0,180557,5728
2020-10-26,23:00:00,20:56:00,118,Mozambique,31526106,12161,175.0,88,2.0,9254,1.0,2819,,386,3.0,181772,5766
2020-10-27,23:00:00,20:58:00,118,Mozambique,31528508,12273,112.0,89,1.0,9282,28.0,2902,,389,3.0,183031,5805
2020-10-28,23:00:00,20:58:00,118,Mozambique,31530910,12415,142.0,91,2.0,9785,503.0,2539,,394,3.0,184284,5845
2020-10-29,23:00:00,20:57:00,118,Mozambique,31533312,12525,110.0,91,0.0,10001,216.0,2433,,397,3.0,185273,5875
2020-10-30,23:00:00,20:58:00,118,Mozambique,31535713,12777,252.0,91,0.0,10437,436.0,2249,,405,3.0,187499,5946
2020-10-31,23:00:00,20:59:00,118,Mozambique,31538115,12869,92.0,92,1.0,10437,0.0,2340,,408,3.0,188511,5977
2020-11-01,23:00:00,20:59:00,118,Mozambique,31540517,12988,119.0,93,1.0,10439,2.0,2456,,412,3.0,189990,6024
2020-11-02,23:00:00,20:57:00,118,Mozambique,31542919,13130,142.0,94,1.0,10439,0.0,2597,,416,3.0,191353,6066
2020-11-03,23:00:00,20:59:00,118,Mozambique,31545321,13202,72.0,95,1.0,10695,256.0,2412,,419,3.0,192285,6096
2020-11-04,23:00:00,20:57:00,118,Mozambique,31547722,13283,81.0,95,0.0,10983,288.0,2205,,421,3.0,194146,6154
2020-11-05,23:00:00,20:59:00,118,Mozambique,31550124,13391,108.0,97,2.0,11177,194.0,2117,,424,3.0,195643,6201
2020-11-06,23:00:00,20:58:00,118,Mozambique,31552526,13485,94.0,99,2.0,11275,98.0,2111,,427,3.0,196793,6237
2020-11-07,23:00:00,20:57:00,118,Mozambique,31554928,13577,92.0,99,0.0,11581,306.0,1897,,430,3.0,198863,6302
2020-11-08,23:00:00,20:49:00,118,Mozambique,31557330,13768,191.0,99,0.0,11605,24.0,2064,,436,3.0,200946,6368
2020-11-09,23:00:00,20:59:00,118,Mozambique,31559731,13823,55.0,99,0.0,11659,54.0,2065,,438,3.0,202742,6424
2020-11-10,23:00:00,20:59:00,118,Mozambique,31562133,13892,69.0,99,0.0,11748,89.0,2045,,440,3.0,204650,6484
2020-11-11,23:00:00,20:56:00,118,Mozambique,31564535,13991,99.0,104,5.0,11959,211.0,1928,,443,3.0,205952,6525
2020-11-12,23:00:00,20:59:00,118,Mozambique,31566937,14094,103.0,104,0.0,12134,175.0,1856,,446,3.0,206796,6551
2020-11-13,23:00:00,20:58:00,118,Mozambique,31569339,14227,133.0,110,6.0,12238,104.0,1879,,451,3.0,208123,6593
2020-11-14,23:00:00,20:57:00,118,Mozambique,31571740,14340,113.0,110,0.0,12505,267.0,1725,,454,3.0,209696,6642
2020-11-15,23:00:00,20:53:00,118,Mozambique,31574142,14448,108.0,113,3.0,12505,0.0,1830,,458,4.0,210599,6670
2020-11-16,23:00:00,20:59:00,118,Mozambique,31576544,14514,66.0,116,3.0,12599,94.0,1799,,460,4.0,211809,6708
2020-11-17,23:00:00,20:58:00,118,Mozambique,31578946,14566,52.0,118,2.0,12646,47.0,1802,,461,4.0,213115,6749
2020-11-18,23:00:00,20:57:00,118,Mozambique,31581348,14566,0.0,118,0.0,12646,0.0,1802,,461,4.0,213115,6748
2020-11-19,23:00:00,20:59:00,118,Mozambique,31583749,14723,157.0,120,2.0,12849,203.0,1754,,466,4.0,216448,6853
2020-11-20,23:00:00,20:59:00,118,Mozambique,31586151,14877,154.0,121,1.0,13053,204.0,1703,,471,4.0,218726,6925
2020-11-21,23:00:00,20:58:00,118,Mozambique,31588553,14981,104.0,123,2.0,13151,98.0,1707,,474,4.0,220268,6973
2020-11-22,23:00:00,20:59:00,118,Mozambique,31590955,15037,56.0,124,1.0,13151,0.0,1762,,476,4.0,222321,7037
2020-11-23,23:00:00,20:58:00,118,Mozambique,31593357,15109,72.0,126,2.0,13229,78.0,1754,,478,4.0,223235,7066
2020-11-24,23:00:00,20:57:00,118,Mozambique,31595758,15231,122.0,127,1.0,13408,179.0,1696,,482,4.0,224854,7117
2020-11-25,23:00:00,20:58:00,118,Mozambique,31598160,15302,71.0,128,1.0,13459,51.0,1715,,484,4.0,225762,7145
2020-11-26,23:00:00,20:47:00,118,Mozambique,31600562,15467,165.0,128,0.0,13520,61.0,1819,,489,4.0,227185,7189
2020-11-27,23:00:00,20:59:00,118,Mozambique,31602964,15506,39.0,128,0.0,13631,111.0,1747,,491,4.0,228683,7236
2020-11-28,23:00:00,20:46:00,118,Mozambique,31605366,15586,80.0,129,1.0,13677,46.0,1780,,493,4.0,229455,7260
2020-11-29,23:00:00,20:51:00,118,Mozambique,31607767,15613,27.0,130,1.0,13677,0.0,1806,,494,4.0,230490,7292
2020-11-30,23:00:00,20:57:00,118,Mozambique,31610169,15701,88.0,131,1.0,13729,52.0,1841,,497,4.0,231131,7312
2020-12-01,23:00:00,20:55:00,118,Mozambique,31612571,15770,69.0,131,0.0,13778,49.0,1861,,499,4.0,232684,7360
2020-12-02,23:00:00,20:58:00,118,Mozambique,31614973,15866,96.0,132,1.0,14014,236.0,1720,,502,4.0,234514,7418
2020-12-03,23:00:00,20:59:00,118,Mozambique,31617375,15918,52.0,132,0.0,14030,16.0,1756,,503,4.0,235439,7447
2020-12-04,23:00:00,20:57:00,118,Mozambique,31619776,16038,120.0,133,1.0,14160,130.0,1745,,507,4.0,236555,7481
2020-12-05,23:00:00,20:58:00,118,Mozambique,31622178,16133,95.0,133,0.0,14343,183.0,1657,,510,4.0,237408,7508
2020-12-06,23:00:00,20:51:00,118,Mozambique,31624580,16244,111.0,133,0.0,14416,73.0,1695,,514,4.0,238362,7537
2020-12-07,23:00:00,20:57:00,118,Mozambique,31626982,16326,82.0,136,3.0,14429,13.0,1761,,516,4.0,239164,7562
