Date,Scrap_time,Update_time_GMT,Country_id,Country,Population,TotalCases,NewCases,TotalDeaths,NewDeaths,TotalRecovered,NewRecovered,ActiveCases,SeriousCritical,Tot_Cases_1Mpop,Deaths_1Mpop,TotalTests,Tests_1Mpop
2020-08-02,20:00:00,,64,Nepal,29179318,20332,,57,,14603,,5672,,697,2.0,703672,24115
2020-08-08,20:00:00,,64,Nepal,29187920,22592,2260.0,73,16.0,16313,1710.0,6206,,774,3.0,747691,25616
2020-08-12,20:00:00,,64,Nepal,29193655,23948,1356.0,83,10.0,16664,351.0,7201,,820,3.0,775100,26550
2020-08-16,20:00:00,,64,Nepal,29199389,26660,2712.0,104,21.0,17335,671.0,9221,,913,4.0,830309,28436
2020-08-17,20:00:00,,64,Nepal,29200823,27241,581.0,107,3.0,17495,160.0,9639,,933,4.0,841829,28829
2020-08-18,20:00:00,,64,Nepal,29202257,28257,1016.0,114,7.0,17580,85.0,10563,,968,4.0,855268,29288
2020-08-19,20:00:00,,64,Nepal,29203691,28938,681.0,120,6.0,17700,120.0,11118,,991,4.0,866790,29681
2020-08-20,17:53:00,,64,Nepal,29205124,29645,707.0,126,6.0,17964,264.0,11555,,1015,4.0,878622,30085
2020-08-23,21:09:00,,64,Nepal,29209425,31935,2290.0,149,23.0,18631,667.0,13155,,1093,5.0,904802,30976
2020-08-24,17:10:00,,64,Nepal,29210859,32678,743.0,157,8.0,18806,175.0,13715,,1119,5.0,904802,30975
2020-08-25,23:00:00,,64,Nepal,29212293,33533,855.0,164,7.0,19119,313.0,14250,,1148,6.0,904802,30973
2020-08-26,22:59:00,,64,Nepal,29213726,34418,885.0,175,11.0,19504,385.0,14739,,1178,6.0,635252,21745
2020-08-27,23:00:00,,64,Nepal,29215160,35529,1111.0,183,8.0,20073,569.0,15273,,1216,6.0,647881,22176
2020-08-28,23:01:00,,64,Nepal,29216594,36456,927.0,195,12.0,20242,169.0,16019,,1248,7.0,658110,22525
2020-08-29,12:29:00,,64,Nepal,29218027,36456,0.0,195,0.0,20242,0.0,16019,,1248,7.0,658110,22524
2020-08-30,23:00:00,,64,Nepal,29219461,38561,2105.0,221,26.0,20822,580.0,17518,,1320,8.0,682343,23352
2020-08-31,18:58:00,,64,Nepal,29220895,39460,899.0,228,7.0,21410,588.0,17822,,1350,8.0,693472,23732
2020-09-01,23:00:00,,64,Nepal,29222328,40529,1069.0,239,11.0,22178,768.0,18112,,1387,8.0,705560,24145
2020-09-02,23:01:00,,64,Nepal,29223762,41649,1120.0,251,12.0,23290,1112.0,18108,,1425,9.0,718439,24584
2020-09-03,23:01:00,,64,Nepal,29225196,42877,1228.0,257,6.0,24207,917.0,18413,,1467,9.0,731852,25042
2020-09-04,07:01:00,,64,Nepal,29226630,42877,0.0,257,0.0,24207,0.0,18413,,1467,9.0,731852,25041
2020-09-05,23:31:00,,64,Nepal,29228063,45277,2400.0,280,23.0,27127,2920.0,17870,,1549,10.0,757963,25933
2020-09-06,18:30:00,,64,Nepal,29229497,46257,980.0,289,9.0,28941,1814.0,17027,,1583,10.0,768345,26287
2020-09-07,23:39:00,,64,Nepal,29230931,47236,979.0,300,11.0,30677,1736.0,16259,,1616,10.0,777563,26601
2020-09-08,22:10:00,,64,Nepal,29232364,48138,902.0,306,6.0,32964,2287.0,14868,,1647,10.0,788174,26962
2020-09-09,22:01:00,,64,Nepal,29233798,49219,1081.0,312,6.0,33882,918.0,15025,,1684,11.0,799341,27343
2020-09-10,22:01:00,,64,Nepal,29235232,50465,1246.0,317,5.0,35700,1818.0,14448,,1726,11.0,810485,27723
2020-09-11,22:00:00,,64,Nepal,29236665,51919,1454.0,322,5.0,36672,972.0,14925,,1776,11.0,821186,28088
2020-09-12,22:22:00,,64,Nepal,29238099,53120,1201.0,336,14.0,37524,852.0,15260,,1817,11.0,831362,28434
2020-09-13,22:01:00,,64,Nepal,29239533,54159,1039.0,345,9.0,38697,1173.0,15117,,1852,12.0,840527,28746
2020-09-14,22:04:00,,64,Nepal,29240966,55329,1170.0,360,15.0,39576,879.0,15393,,1892,12.0,851405,29117
2020-09-15,21:00:00,,64,Nepal,29242400,56788,1459.0,371,11.0,40638,1062.0,15779,,1942,13.0,861780,29470
2020-09-16,21:01:00,,64,Nepal,29243834,58327,1539.0,379,8.0,41706,1068.0,16242,,1995,13.0,872274,29828
2020-09-18,20:01:00,,64,Nepal,29246701,61593,3266.0,390,11.0,43820,2114.0,17383,,2106,13.0,894373,30580
2020-09-19,21:00:00,,64,Nepal,29248135,62797,1204.0,401,11.0,45267,1447.0,17129,,2147,14.0,904706,30932
2020-09-20,22:31:00,,64,Nepal,29249569,64122,1325.0,411,10.0,46233,966.0,17478,,2192,14.0,914290,31258
2020-09-21,21:01:00,,64,Nepal,29251002,65276,1154.0,427,16.0,47238,1005.0,17611,,2232,15.0,923823,31583
2020-09-22,21:01:00,,64,Nepal,29252436,66632,1356.0,429,2.0,48061,823.0,18142,,2278,15.0,934977,31962
2020-09-23,19:58:00,,64,Nepal,29253870,67804,1172.0,436,7.0,49954,1893.0,17414,,2318,15.0,944474,32285
2020-09-24,21:00:00,,64,Nepal,29255303,69301,1497.0,453,17.0,50411,457.0,18437,,2369,15.0,955923,32675
2020-09-25,21:00:00,,64,Nepal,29256737,70614,1313.0,459,6.0,51866,1455.0,18289,,2414,16.0,968185,33093
2020-09-26,21:00:00,,64,Nepal,29258171,71821,1207.0,467,8.0,53013,1147.0,18341,,2455,16.0,978204,33434
2020-09-27,22:45:00,,64,Nepal,29259604,73394,1573.0,477,10.0,53898,885.0,19019,,2508,16.0,988327,33778
2020-09-28,22:00:00,,64,Nepal,29261038,74745,1351.0,481,4.0,54640,742.0,19624,,2554,16.0,998407,34121
2020-09-29,21:35:00,,64,Nepal,29262472,76258,1513.0,491,10.0,55371,731.0,20396,,2606,17.0,1009298,34491
2020-09-30,22:00:00,,64,Nepal,29263905,77817,1559.0,498,7.0,56428,1057.0,20891,,2659,17.0,1021503,34907
2020-10-01,21:31:00,,64,Nepal,29265339,79728,1911.0,509,11.0,57389,961.0,21830,,2724,17.0,1033947,35330
2020-10-02,22:36:00,,64,Nepal,29266773,82450,2722.0,520,11.0,60696,3307.0,21234,,2817,18.0,1048686,35832
2020-10-03,22:24:00,,64,Nepal,29268206,84570,2120.0,528,8.0,62740,2044.0,21302,,2889,18.0,1061664,36274
2020-10-04,21:01:00,,64,Nepal,29269640,86823,2253.0,535,7.0,64069,1329.0,22219,,2966,18.0,1074448,36709
2020-10-05,22:13:00,,64,Nepal,29271074,89263,2440.0,554,19.0,65202,1133.0,23507,,3050,19.0,1088229,37178
2020-10-06,23:01:00,,64,Nepal,29272508,90814,1551.0,563,9.0,67542,2340.0,22709,,3102,19.0,1099276,37553
2020-10-07,23:01:00,,64,Nepal,29273941,94253,3439.0,578,15.0,68668,1126.0,25007,,3220,20.0,1113486,38037
2020-10-08,23:59:00,,64,Nepal,29275375,98617,4364.0,590,12.0,71343,2675.0,26684,,3369,20.0,1131958,38666
2020-10-09,23:00:00,,64,Nepal,29276809,100676,2059.0,600,10.0,73023,1680.0,27053,,3439,20.0,1145237,39118
2020-10-10,23:00:00,,64,Nepal,29278242,105684,5008.0,614,14.0,74252,1229.0,30818,,3610,21.0,1164557,39776
2020-10-12,23:10:00,,64,Nepal,29281110,111802,6118.0,645,31.0,77277,3025.0,33880,,3818,22.0,1191514,40692
2020-10-13,23:01:00,,64,Nepal,29282543,115358,3556.0,663,18.0,78780,1503.0,35915,,3939,23.0,1207091,41222
2020-10-14,23:01:00,,64,Nepal,29283977,117996,2638.0,675,12.0,80954,2174.0,36367,,4029,23.0,1221038,41696
2020-10-15,14:09:00,11:06:00,64,Nepal,29285411,121745,3749.0,694,19.0,84518,3564.0,36533,,4157,24.0,1237636,42261
2020-10-16,22:08:00,19:06:00,64,Nepal,29286844,126137,4392.0,715,21.0,88040,3522.0,37382,,4307,24.0,1254167,42824
2020-10-17,23:01:00,19:58:00,64,Nepal,29288278,129304,3167.0,727,12.0,89840,1800.0,38737,,4415,25.0,1269605,43349
2020-10-18,22:05:00,19:03:00,64,Nepal,29289712,132246,2942.0,739,12.0,92166,2326.0,39341,,4515,25.0,1283354,43816
2020-10-19,22:05:00,18:59:00,64,Nepal,29291145,136036,3790.0,757,18.0,94501,2335.0,40778,,4644,26.0,1300918,44413
2020-10-20,22:05:00,19:04:00,64,Nepal,29292579,139129,3093.0,765,8.0,96609,2108.0,41755,,4750,26.0,1314779,44884
2020-10-21,22:05:00,19:03:00,64,Nepal,29294013,144872,5743.0,791,26.0,99605,2996.0,44476,,4945,27.0,1334897,45569
2020-10-22,22:05:00,19:04:00,64,Nepal,29295447,148509,3637.0,812,21.0,102820,3215.0,44877,,5069,28.0,1350152,46087
2020-10-23,22:05:00,19:02:00,64,Nepal,29296880,153008,4499.0,829,17.0,105488,2668.0,46691,,5223,28.0,1367016,46661
2020-10-24,23:41:00,20:40:00,64,Nepal,29298314,155233,2225.0,842,13.0,108334,2846.0,46057,,5298,29.0,1380862,47131
2020-10-25,23:00:00,20:58:00,64,Nepal,29299748,158089,2856.0,847,5.0,111670,3336.0,45572,,5396,29.0,1393173,47549
2020-10-26,23:00:00,20:56:00,64,Nepal,29301181,159830,1741.0,862,15.0,115675,4005.0,43293,,5455,29.0,1398179,47717
2020-10-27,23:00:00,20:58:00,64,Nepal,29302615,160400,570.0,876,14.0,118843,3168.0,40681,,5474,30.0,1400694,47801
2020-10-28,23:00:00,20:58:00,64,Nepal,29304049,162354,1954.0,887,11.0,121824,2981.0,39643,,5540,30.0,1409295,48092
2020-10-29,23:00:00,20:57:00,64,Nepal,29305482,164718,2364.0,904,17.0,124862,3038.0,38952,,5621,31.0,1419064,48423
2020-10-30,23:00:00,20:58:00,64,Nepal,29306916,168235,3517.0,920,16.0,128958,4096.0,38357,,5740,31.0,1434053,48932
2020-10-31,23:00:00,20:59:00,64,Nepal,29308350,170743,2508.0,937,17.0,131222,2264.0,38584,,5826,32.0,1443343,49247
2020-11-01,23:00:00,20:59:00,64,Nepal,29309783,173567,2824.0,960,23.0,134842,3620.0,37765,,5922,33.0,1456366,49689
2020-11-02,23:00:00,20:57:00,64,Nepal,29311217,176500,2933.0,984,24.0,137992,3150.0,37524,,6022,34.0,1469812,50145
2020-11-03,23:00:00,20:59:00,64,Nepal,29312651,179614,3114.0,1004,20.0,141134,3142.0,37476,,6128,34.0,1480978,50524
2020-11-04,23:00:00,20:57:00,64,Nepal,29314084,182923,3309.0,1034,30.0,144978,3844.0,36911,,6240,35.0,1494122,50969
2020-11-05,23:00:00,20:59:00,64,Nepal,29315518,185974,3051.0,1052,18.0,148408,3430.0,36514,,6344,36.0,1507190,51413
2020-11-06,23:00:00,20:58:00,64,Nepal,29316952,188883,2909.0,1070,18.0,152908,4500.0,34905,,6443,36.0,1517343,51757
2020-11-07,23:00:00,20:57:00,64,Nepal,29318386,191636,2753.0,1087,17.0,155114,2206.0,35435,,6536,37.0,1527766,52109
2020-11-08,23:00:00,20:49:00,64,Nepal,29319819,194453,2817.0,1108,21.0,157926,2812.0,35419,,6632,38.0,1540077,52527
2020-11-09,23:00:00,20:59:00,64,Nepal,29321253,197024,2571.0,1126,18.0,159724,1798.0,36174,,6719,38.0,1551254,52905
2020-11-10,23:00:00,20:59:00,64,Nepal,29322687,199760,2736.0,1148,22.0,160577,853.0,38035,,6812,39.0,1564214,53345
2020-11-11,23:00:00,20:56:00,64,Nepal,29324120,202329,2569.0,1174,26.0,162243,1666.0,38912,,6900,40.0,1574295,53686
2020-11-12,23:00:00,20:59:00,64,Nepal,29325554,204242,1913.0,1189,15.0,164592,2349.0,38461,,6965,41.0,1584317,54025
2020-11-13,23:00:00,20:58:00,64,Nepal,29326988,206353,2111.0,1202,13.0,168129,3537.0,37022,,7036,41.0,1593850,54348
2020-11-14,23:00:00,20:57:00,64,Nepal,29328421,208299,1946.0,1215,13.0,170632,2503.0,36452,,7102,41.0,1602603,54643
2020-11-15,23:00:00,20:53:00,64,Nepal,29329855,209776,1477.0,1221,6.0,173430,2798.0,35125,,7152,42.0,1609079,54861
2020-11-16,23:00:00,20:59:00,64,Nepal,29331289,210973,1197.0,1230,9.0,176364,2934.0,33379,,7193,42.0,1613911,55024
2020-11-17,23:00:00,20:58:00,64,Nepal,29332722,211475,502.0,1247,17.0,179242,2878.0,30986,,7210,43.0,1617023,55127
2020-11-18,23:00:00,20:57:00,64,Nepal,29334156,212917,1442.0,1259,12.0,182780,3538.0,28878,,7258,43.0,1623754,55354
2020-11-19,23:00:00,20:59:00,64,Nepal,29335590,215020,2103.0,1276,17.0,185638,2858.0,28106,,7330,43.0,1633559,55685
2020-11-20,23:00:00,20:59:00,64,Nepal,29337023,216965,1945.0,1298,22.0,191002,5364.0,24665,,7396,44.0,1643899,56035
2020-11-21,23:00:00,20:58:00,64,Nepal,29338457,218639,1674.0,1305,7.0,193325,2323.0,24009,,7452,44.0,1652043,56310
2020-11-22,23:00:00,20:59:00,64,Nepal,29339891,220308,1669.0,1321,16.0,199024,5699.0,19963,,7509,45.0,1660075,56581
2020-11-23,23:00:00,20:58:00,64,Nepal,29341325,222288,1980.0,1337,16.0,202067,3043.0,18884,,7576,46.0,1670456,56932
2020-11-24,23:00:00,20:57:00,64,Nepal,29342758,224078,1790.0,1361,24.0,204858,2791.0,17859,,7637,46.0,1681299,57299
2020-11-25,23:00:00,20:58:00,64,Nepal,29344192,226026,1948.0,1389,28.0,207998,3140.0,16639,,7703,47.0,1690509,57610
2020-11-26,23:00:00,20:47:00,64,Nepal,29345626,227640,1614.0,1412,23.0,209435,1437.0,16793,,7757,48.0,1700000,57930
2020-11-27,23:00:00,20:59:00,64,Nepal,29347059,229343,1703.0,1435,23.0,209435,0.0,18473,,7815,49.0,1710460,58284
2020-11-28,23:00:00,20:46:00,64,Nepal,29348493,230723,1380.0,1454,19.0,211186,1751.0,18083,,7861,50.0,1719828,58600
2020-11-29,23:00:00,20:51:00,64,Nepal,29349927,231978,1255.0,1479,25.0,212590,1404.0,17909,,7904,50.0,1727836,58870
2020-11-30,23:00:00,20:57:00,64,Nepal,29351360,233452,1474.0,1508,29.0,214521,1931.0,17423,,7954,51.0,1737747,59205
2020-12-01,23:00:00,20:55:00,64,Nepal,29352794,233452,0.0,1529,21.0,216594,2073.0,15329,,7953,52.0,1746330,59495
2020-12-02,23:00:00,20:58:00,64,Nepal,29354228,236246,2794.0,1538,9.0,218161,1567.0,16547,,8048,52.0,1754630,59774
2020-12-03,23:00:00,20:59:00,64,Nepal,29355661,237589,1343.0,1551,13.0,220272,2111.0,15766,,8093,53.0,1763919,60088
2020-12-04,23:00:00,20:57:00,64,Nepal,29357095,238861,1272.0,1567,16.0,221847,1575.0,15447,,8136,53.0,1771950,60358
2020-12-05,23:00:00,20:58:00,64,Nepal,29358529,239885,1024.0,1577,10.0,224053,2206.0,14255,,8171,54.0,1778024,60562
2020-12-06,23:00:00,20:51:00,64,Nepal,29359962,240981,1096.0,1594,17.0,225805,1752.0,13582,,8208,54.0,1784519,60781
2020-12-07,23:00:00,20:57:00,64,Nepal,29361396,241995,1014.0,1614,20.0,227433,1628.0,12948,,8242,55.0,1790739,60990
2020-12-08,23:00:00,20:59:00,64,Nepal,29362830,243377,1382.0,1637,23.0,229054,1621.0,12686,,8289,56.0,1799686,61291
2020-12-09,23:00:00,20:59:00,64,Nepal,29364264,244433,1056.0,1651,14.0,230537,1483.0,12245,,8324,56.0,1805972,61502
2020-12-10,23:00:00,20:59:00,64,Nepal,29365697,245650,1217.0,1663,12.0,231601,1064.0,12386,,8365,57.0,1813204,61746
2020-12-11,23:00:00,20:59:00,64,Nepal,29367131,246694,1044.0,1674,11.0,232872,1271.0,12148,,8400,57.0,1820618,61995
2020-12-12,23:00:00,20:58:00,64,Nepal,29368565,247593,899.0,1689,15.0,234231,1359.0,11673,,8431,58.0,1825860,62171
2020-12-13,23:00:00,20:59:00,64,Nepal,29369998,248423,830.0,1698,9.0,235731,1500.0,10994,,8458,58.0,1831041,62344
2020-12-14,23:35:00,21:34:00,64,Nepal,29371432,249244,821.0,1716,18.0,236573,842.0,10955,,8486,58.0,1836464,62526
2020-12-15,23:00:00,20:59:00,64,Nepal,29372866,250180,936.0,1730,14.0,238569,1996.0,9881,,8517,59.0,1843581,62765
2020-12-16,23:00:00,20:58:00,64,Nepal,29374299,250916,736.0,1743,13.0,238569,0.0,10604,,8542,59.0,1849136,62951
2020-12-17,23:00:00,20:56:00,64,Nepal,29375733,251692,776.0,1749,6.0,240363,1794.0,9580,,8568,60.0,1855724,63172
2020-12-18,23:00:00,20:57:00,64,Nepal,29377167,252474,782.0,1765,16.0,241392,1029.0,9317,,8594,60.0,1861430,63363
2020-12-19,23:59:00,22:11:00,64,Nepal,29378600,253184,710.0,1777,12.0,242567,1175.0,8840,,8618,60.0,1866210,63523
2020-12-20,23:00:00,20:54:00,64,Nepal,29380034,253772,588.0,1788,11.0,243664,1097.0,8320,,8638,61.0,1870830,63677
2020-12-21,23:00:00,20:59:00,64,Nepal,29381468,254514,742.0,1795,7.0,244743,1079.0,7976,,8662,61.0,1877181,63890
2020-12-22,23:00:00,20:59:00,64,Nepal,29382901,255236,722.0,1798,3.0,245709,966.0,7729,,8687,61.0,1884181,64125
2020-12-23,23:00:00,20:58:00,64,Nepal,29384335,255979,743.0,1803,5.0,246661,952.0,7515,,8711,61.0,1890740,64345
2020-12-24,23:00:00,20:55:00,64,Nepal,29385769,256592,613.0,1808,5.0,247400,739.0,7384,,8732,62.0,1896250,64530
2020-12-25,23:00:00,20:59:00,64,Nepal,29387203,257200,608.0,1816,8.0,248292,892.0,7092,,8752,62.0,1900392,64667
2020-12-26,23:00:00,20:59:00,64,Nepal,29388636,257700,500.0,1819,3.0,249132,840.0,6749,,8769,62.0,1900392,64664
2020-12-27,23:00:00,20:56:00,64,Nepal,29390070,258181,481.0,1825,6.0,249863,731.0,6493,,8785,62.0,1909654,64976
2020-12-28,23:00:00,20:58:00,64,Nepal,29391504,258840,659.0,1832,7.0,250581,718.0,6427,,8807,62.0,1915232,65163
2020-12-29,23:00:00,20:54:00,64,Nepal,29392937,259548,708.0,1840,8.0,251312,731.0,6396,,8830,63.0,1921367,65368
2020-12-30,23:00:00,20:54:00,64,Nepal,29394371,260059,511.0,1847,7.0,251912,600.0,6300,,8847,63.0,1926477,65539
2020-12-31,23:00:00,20:44:00,64,Nepal,29395805,260593,534.0,1856,9.0,252359,447.0,6378,,8865,63.0,1932477,65740
2021-01-01,23:00:00,20:54:00,64,Nepal,29397238,261019,426.0,1864,8.0,253107,748.0,6048,,8879,63.0,1937702,65914
2021-01-02,23:00:00,20:56:00,64,Nepal,29398672,261438,419.0,1870,6.0,253857,750.0,5711,,8893,64.0,1942702,66081
2021-01-03,23:00:00,20:59:00,64,Nepal,29400106,261859,421.0,1878,8.0,254494,637.0,5487,,8907,64.0,1948502,66275
2021-01-04,23:00:00,20:57:00,64,Nepal,29401539,262262,403.0,1885,7.0,255088,594.0,5289,,8920,64.0,1952503,66408
2021-01-05,23:00:00,20:51:00,64,Nepal,29402973,262784,522.0,1893,8.0,255666,578.0,5225,,8937,64.0,1957454,66573
2021-01-06,23:00:00,20:59:00,64,Nepal,29404407,263193,409.0,1899,6.0,256161,495.0,5133,,8951,65.0,1964160,66798
2021-01-07,23:00:00,20:59:00,64,Nepal,29405841,263605,412.0,1903,4.0,256644,483.0,5058,,8964,65.0,1969292,66969
2021-01-08,23:00:00,20:59:00,64,Nepal,29407274,264159,554.0,1909,6.0,257229,585.0,5021,,8983,65.0,1974561,67145
2021-01-09,23:00:00,20:55:00,64,Nepal,29408708,264521,362.0,1912,3.0,257928,699.0,4681,,8995,65.0,1974561,67142
2021-01-10,23:32:00,21:29:00,64,Nepal,29410142,264780,259.0,1917,5.0,258441,513.0,4422,,9003,65.0,1982246,67400
2021-01-11,23:40:00,21:37:00,64,Nepal,29411575,265268,488.0,1927,10.0,258968,527.0,4373,,9019,66.0,1987555,67577
2021-01-12,23:52:00,21:48:00,64,Nepal,29413009,265698,430.0,1932,5.0,259358,390.0,4408,,9033,66.0,1992855,67754
2021-01-13,23:58:00,21:57:00,64,Nepal,29414443,266143,445.0,1937,5.0,259772,414.0,4434,,9048,66.0,1997009,67892
2021-01-14,23:55:00,21:54:00,64,Nepal,29415876,266546,403.0,1943,6.0,260177,405.0,4426,,9061,66.0,2002041,68060
2021-01-15,19:39:38,00:00:00,64,Nepal,29418744,266816,270.0,1948,5.0,260567,390.0,4301,,9070,66.0,2005125,68158
2021-01-16,23:55:00,21:54:00,64,Nepal,29418744,267056,240.0,1954,6.0,261044,477.0,4058,,9078,66.0,2008944,68288
