scrap_date,scrap_time,update_time_GMT,Country_id,Country,Population,TotalCases,NewCases,TotalDeaths,NewDeaths,TotalRecovered,NewRecovered,ActiveCases,SeriousCritical,Tot_Cases_1Mpop,Deaths_1Mpop,TotalTests,Tests_1Mpop
2020-08-02,20:00:00,,42,Netherlands,17138239,55098,,6149,,,,,35,3215,359.0,962965,56188
2020-08-08,20:00:00,,42,Netherlands,17138859,57987,2889.0,6157,8.0,,,,38,3383,359.0,1079860,63007
2020-08-12,20:00:00,,42,Netherlands,17139272,59973,1986.0,6159,2.0,,,,30,3499,359.0,1195475,69751
2020-08-16,20:00:00,,42,Netherlands,17139685,62495,2522.0,6169,10.0,,,,39,3646,360.0,1195475,69749
2020-08-17,20:00:00,,42,Netherlands,17139788,63484,989.0,6172,3.0,,,,54,3704,360.0,1195475,69749
2020-08-18,20:00:00,,42,Netherlands,17139892,63973,489.0,6175,3.0,,,,52,3732,360.0,1312787,76592
2020-08-19,20:00:00,,42,Netherlands,17139995,63973,0.0,6175,0.0,,,,42,3732,360.0,1312787,76592
2020-08-20,17:53:00,,42,Netherlands,17140098,65054,1081.0,6191,16.0,,,,51,3795,361.0,1312787,76592
2020-08-23,21:09:00,,42,Netherlands,17140408,66554,1500.0,6200,9.0,,,,53,3883,362.0,1312787,76590
2020-08-24,17:10:00,,42,Netherlands,17140511,67128,574.0,6202,2.0,,,,56,3916,362.0,1312787,76590
2020-08-25,23:00:00,,42,Netherlands,17140615,67543,415.0,6207,5.0,,,,55,3941,362.0,1455274,84902
2020-08-26,22:59:00,,42,Netherlands,17140718,68114,571.0,6215,8.0,,,,47,3974,363.0,1455274,84902
2020-08-27,23:00:00,,42,Netherlands,17140821,68624,510.0,6218,3.0,,,,36,4004,363.0,1455274,84901
2020-08-28,23:01:00,,42,Netherlands,17140925,69131,507.0,6220,2.0,,,,47,4033,363.0,1455274,84901
2020-08-29,12:29:00,,42,Netherlands,17141028,69131,0.0,6220,0.0,,,,47,4033,363.0,1455274,84900
2020-08-30,23:00:00,,42,Netherlands,17141131,70140,1009.0,6224,4.0,,,,43,4092,363.0,1455274,84900
2020-08-31,18:58:00,,42,Netherlands,17141234,70667,527.0,6224,0.0,,,,51,4123,363.0,1455274,84899
2020-09-01,23:00:00,,42,Netherlands,17141338,71129,462.0,6230,6.0,,,,42,4150,363.0,1455274,84899
2020-09-02,23:01:00,,42,Netherlands,17141441,71863,734.0,6235,5.0,,,,32,4192,364.0,1455274,84898
2020-09-03,23:01:00,,42,Netherlands,17141544,72464,601.0,6235,0.0,,,,43,4227,364.0,1455274,84897
2020-09-04,07:01:00,,42,Netherlands,17141648,72464,0.0,6235,0.0,,,,43,4227,364.0,1455274,84897
2020-09-05,23:31:00,,42,Netherlands,17141751,73862,1398.0,6241,6.0,,,,43,4309,364.0,1455274,84896
2020-09-06,18:30:00,,42,Netherlands,17141854,74787,925.0,6243,2.0,,,,43,4363,364.0,1648103,96145
2020-09-07,23:39:00,,42,Netherlands,17141957,75584,797.0,6243,0.0,,,,42,4409,364.0,1648103,96144
2020-09-08,22:10:00,,42,Netherlands,17142061,76548,964.0,6244,1.0,,,,45,4466,364.0,1648103,96144
2020-09-09,22:01:00,,42,Netherlands,17142164,77688,1140.0,6246,2.0,,,,43,4532,364.0,1832451,106897
2020-09-10,22:01:00,,42,Netherlands,17142267,78511,823.0,6249,3.0,,,,47,4580,365.0,1832451,106897
2020-09-11,22:00:00,,42,Netherlands,17142371,79781,1270.0,6252,3.0,,,,48,4654,365.0,1832451,106896
2020-09-12,22:22:00,,42,Netherlands,17142474,81012,1231.0,6253,1.0,,,,50,4726,365.0,1832451,106895
2020-09-13,22:01:00,,42,Netherlands,17142577,82099,1087.0,6254,1.0,,,,51,4789,365.0,1832451,106895
2020-09-14,22:04:00,,42,Netherlands,17142680,83399,1300.0,6256,2.0,,,,59,4865,365.0,1832451,106894
2020-09-15,21:00:00,,42,Netherlands,17142784,84778,1379.0,6258,2.0,,,,74,4945,365.0,1832451,106893
2020-09-16,21:01:00,,42,Netherlands,17142887,86320,1542.0,6260,2.0,,,,74,5035,365.0,2042887,119168
2020-09-18,20:01:00,,42,Netherlands,17143094,90047,3727.0,6273,13.0,,,,65,5253,366.0,2042887,119167
2020-09-19,21:00:00,,42,Netherlands,17143197,91934,1887.0,6275,2.0,,,,64,5363,366.0,2042887,119166
2020-09-20,22:31:00,,42,Netherlands,17143300,93778,1844.0,6279,4.0,,,,70,5470,366.0,2042887,119165
2020-09-21,21:01:00,,42,Netherlands,17143404,95995,2217.0,6281,2.0,,,,86,5600,366.0,2042887,119165
2020-09-22,21:01:00,,42,Netherlands,17143507,98240,2245.0,6291,10.0,,,,103,5730,367.0,2042887,119164
2020-09-23,19:58:00,,42,Netherlands,17143610,100597,2357.0,6296,5.0,,,,104,5868,367.0,2240526,130692
2020-09-24,21:00:00,,42,Netherlands,17143713,103141,2544.0,6312,16.0,,,,121,6016,368.0,2240526,130691
2020-09-25,21:00:00,,42,Netherlands,17143817,105918,2777.0,6328,16.0,,,,125,6178,369.0,2240526,130690
2020-09-26,21:00:00,,42,Netherlands,17143920,108631,2713.0,6366,38.0,,,,127,6336,371.0,2240526,130689
2020-09-27,22:45:00,,42,Netherlands,17144023,111626,2995.0,6374,8.0,,,,130,6511,372.0,2240526,130688
2020-09-28,22:00:00,,42,Netherlands,17144127,114540,2914.0,6380,6.0,,,,144,6681,372.0,2240526,130688
2020-09-29,21:35:00,,42,Netherlands,17144230,117551,3011.0,6393,13.0,,,,153,6857,373.0,2449577,142881
2020-09-30,22:00:00,,42,Netherlands,17144333,120845,3294.0,6406,13.0,,,,163,7049,374.0,2449577,142880
2020-10-01,21:31:00,,42,Netherlands,17144436,124097,3252.0,6419,13.0,,,,169,7238,374.0,2449577,142879
2020-10-02,22:36:00,,42,Netherlands,17144540,127922,3825.0,6428,9.0,,,,170,7461,375.0,2449577,142878
2020-10-03,22:24:00,,42,Netherlands,17144643,131889,3967.0,6449,21.0,,,,170,7693,376.0,2449577,142877
2020-10-04,21:01:00,,42,Netherlands,17144746,135892,4003.0,6454,5.0,,,,174,7926,376.0,2449577,142876
2020-10-05,22:13:00,,42,Netherlands,17144850,140471,4579.0,6461,7.0,,,,177,8193,377.0,2603166,151834
2020-10-06,23:01:00,,42,Netherlands,17144953,144999,4528.0,6482,21.0,,,,211,8457,378.0,2656731,154957
2020-10-07,23:01:00,,42,Netherlands,17145056,149988,4989.0,6518,36.0,,,,231,8748,380.0,2656731,154956
2020-10-08,23:59:00,,42,Netherlands,17145159,155810,5822.0,6531,13.0,,,,243,9088,381.0,2656731,154955
2020-10-09,23:00:00,,42,Netherlands,17145263,161781,5971.0,6544,13.0,,,,258,9436,382.0,2656731,154954
2020-10-10,23:00:00,,42,Netherlands,17145366,168280,6499.0,6567,23.0,,,,250,9815,383.0,2656731,154953
2020-10-12,23:10:00,,42,Netherlands,17145573,181498,13218.0,6596,29.0,,,,277,10586,385.0,2656731,154951
2020-10-13,23:01:00,,42,Netherlands,17145676,188876,7378.0,6631,35.0,,,,297,11016,387.0,2872319,167524
2020-10-14,23:01:00,,42,Netherlands,17145779,196163,7287.0,6663,32.0,,,,321,11441,389.0,2872319,167523
2020-10-15,14:09:00,11:06:00,42,Netherlands,17145882,196163,0.0,6663,0.0,,,,321,11441,389.0,2872319,167522
2020-10-16,22:08:00,19:06:00,42,Netherlands,17145986,211938,15775.0,6708,45.0,,,,358,12361,391.0,2872319,167521
2020-10-17,23:01:00,19:58:00,42,Netherlands,17146089,220052,8114.0,6737,29.0,,,,372,12834,393.0,2872319,167520
2020-10-18,22:05:00,19:03:00,42,Netherlands,17146192,228234,8182.0,6751,14.0,,,,383,13311,394.0,2872319,167519
2020-10-19,22:05:00,18:59:00,42,Netherlands,17146296,236226,7992.0,6768,17.0,,,,406,13777,395.0,2872319,167518
2020-10-20,22:05:00,19:04:00,42,Netherlands,17146399,244391,8165.0,6814,46.0,,,,445,14253,397.0,2872319,167517
2020-10-21,22:05:00,19:03:00,42,Netherlands,17146502,253134,8743.0,6873,59.0,,,,465,14763,401.0,2872319,167516
2020-10-22,22:05:00,19:04:00,42,Netherlands,17146605,262405,9271.0,6919,46.0,,,,483,15304,404.0,2872319,167515
2020-10-23,22:05:00,19:02:00,42,Netherlands,17146709,272401,9996.0,6964,45.0,,,,488,15886,406.0,2872319,167514
2020-10-24,23:41:00,20:40:00,42,Netherlands,17146812,281052,8651.0,7019,55.0,,,,499,16391,409.0,2901903,169239
2020-10-25,23:00:00,20:58:00,42,Netherlands,17146915,291254,10202.0,7046,27.0,,,,512,16986,411.0,2901903,169238
2020-10-26,23:00:00,20:56:00,42,Netherlands,17147019,301597,10343.0,7072,26.0,,,,533,17589,412.0,2901903,169237
2020-10-27,23:00:00,20:58:00,42,Netherlands,17147122,311889,10292.0,7142,70.0,,,,546,18189,417.0,3327701,194068
2020-10-28,23:00:00,20:58:00,42,Netherlands,17147225,319991,8102.0,7202,60.0,,,,563,18661,420.0,3327701,194066
2020-10-29,23:00:00,20:57:00,42,Netherlands,17147328,330255,10264.0,7258,56.0,,,,572,19260,423.0,3327701,194065
2020-10-30,23:00:00,20:58:00,42,Netherlands,17147432,341374,11119.0,7345,87.0,,,,580,19908,428.0,3327701,194064
2020-10-31,23:00:00,20:59:00,42,Netherlands,17147535,351178,9804.0,7395,50.0,,,,584,20480,431.0,3327701,194063
2020-11-01,23:00:00,20:59:00,42,Netherlands,17147638,359861,8683.0,7434,39.0,,,,607,20986,434.0,3327701,194062
2020-11-02,23:00:00,20:57:00,42,Netherlands,17147742,368147,8286.0,7463,29.0,,,,615,21469,435.0,3327701,194061
2020-11-03,23:00:00,20:59:00,42,Netherlands,17147845,375890,7743.0,7576,113.0,,,,629,21921,442.0,3327701,194059
2020-11-04,23:00:00,20:57:00,42,Netherlands,17147948,383523,7633.0,7682,106.0,,,,634,22366,448.0,3327701,194058
2020-11-05,23:00:00,20:59:00,42,Netherlands,17148052,390488,6965.0,7769,87.0,,,,622,22772,453.0,3327701,194057
2020-11-06,23:00:00,20:58:00,42,Netherlands,17148155,397730,7242.0,7887,118.0,,,,630,23194,460.0,3535613,206180
2020-11-07,23:00:00,20:57:00,42,Netherlands,17148258,404401,6671.0,7960,73.0,,,,630,23583,464.0,3535613,206179
2020-11-08,23:00:00,20:49:00,42,Netherlands,17148361,410065,5664.0,8004,44.0,,,,618,23913,467.0,3535613,206178
2020-11-09,23:00:00,20:59:00,42,Netherlands,17148465,414745,4680.0,8043,39.0,,,,630,24186,469.0,3535613,206177
2020-11-10,23:00:00,20:59:00,42,Netherlands,17148568,419412,4667.0,8141,98.0,,,,625,24458,475.0,3535613,206175
2020-11-11,23:00:00,20:56:00,42,Netherlands,17148671,424819,5407.0,8215,74.0,,,,629,24773,479.0,3711716,216443
2020-11-12,23:00:00,20:59:00,42,Netherlands,17148775,430453,5634.0,8304,89.0,,,,635,25101,484.0,3711716,216442
2020-11-13,23:00:00,20:58:00,42,Netherlands,17148878,436544,6091.0,8358,54.0,,,,635,25456,487.0,3711716,216441
2020-11-14,23:00:00,20:57:00,42,Netherlands,17148981,442458,5914.0,8443,85.0,,,,615,25801,492.0,3711716,216439
2020-11-15,23:00:00,20:53:00,42,Netherlands,17149084,447871,5413.0,8486,43.0,,,,604,26116,495.0,3711716,216438
2020-11-16,23:00:00,20:59:00,42,Netherlands,17149188,452701,4830.0,8530,44.0,,,,599,26398,497.0,3711716,216437
2020-11-17,23:00:00,20:58:00,42,Netherlands,17149291,457003,4302.0,8616,86.0,,,,587,26649,502.0,3711716,216436
2020-11-18,23:00:00,20:57:00,42,Netherlands,17149394,461612,4609.0,8698,82.0,,,,571,26917,507.0,3711716,216434
2020-11-19,23:00:00,20:59:00,42,Netherlands,17149498,467257,5645.0,8771,73.0,,,,575,27246,511.0,3893908,227057
2020-11-20,23:00:00,20:59:00,42,Netherlands,17149601,473190,5933.0,8822,51.0,,,,567,27592,514.0,3893908,227055
2020-11-21,23:00:00,20:58:00,42,Netherlands,17149704,479260,6070.0,8870,48.0,,,,564,27946,517.0,3893908,227054
2020-11-22,23:00:00,20:59:00,42,Netherlands,17149807,484648,5388.0,8891,21.0,,,,556,28260,518.0,3893908,227053
