Date,Scrap_time,Update_time_GMT,Country_id,Country,Population,TotalCases,NewCases,TotalDeaths,NewDeaths,TotalRecovered,NewRecovered,ActiveCases,SeriousCritical,Tot_Cases_1Mpop,Deaths_1Mpop,TotalTests,Tests_1Mpop
2020-08-02,20:00:00,,139,New Zealand,5002100,1565,,22,,1518,,25,,313,4.0,470469,94054
2020-08-08,20:00:00,,139,New Zealand,5002100,1569,4.0,22,0.0,1524,6.0,23,,314,4.0,490232,98005
2020-08-12,20:00:00,,139,New Zealand,5002100,1570,1.0,22,0.0,1526,2.0,22,,314,4.0,498480,99654
2020-08-16,20:00:00,,139,New Zealand,5002100,1622,52.0,22,0.0,1531,5.0,69,3.0,324,4.0,571942,114340
2020-08-17,20:00:00,,139,New Zealand,5002100,1631,9.0,22,0.0,1531,0.0,78,5.0,326,4.0,597956,119541
2020-08-18,20:00:00,,139,New Zealand,5002100,1643,12.0,22,0.0,1531,0.0,90,6.0,328,4.0,616377,123224
2020-08-19,20:00:00,,139,New Zealand,5002100,1649,6.0,22,0.0,1531,0.0,96,5.0,330,4.0,639415,127829
2020-08-20,17:53:00,,139,New Zealand,5002100,1654,5.0,22,0.0,1531,0.0,101,6.0,331,4.0,657506,131446
2020-08-23,21:09:00,,139,New Zealand,5002100,1674,20.0,22,0.0,1538,7.0,114,9.0,335,4.0,692481,138438
2020-08-24,17:10:00,,139,New Zealand,5002100,1683,9.0,22,0.0,1538,0.0,123,10.0,336,4.0,697070,139355
2020-08-25,23:00:00,,139,New Zealand,5002100,1690,7.0,22,0.0,1539,1.0,129,9.0,338,4.0,701504,140242
2020-08-26,22:59:00,,139,New Zealand,5002100,1695,5.0,22,0.0,1539,0.0,134,10.0,339,4.0,710063,141953
2020-08-27,23:00:00,,139,New Zealand,5002100,1702,7.0,22,0.0,1554,15.0,126,10.0,340,4.0,719320,143804
2020-08-28,23:01:00,,139,New Zealand,5002100,1714,12.0,22,0.0,1561,7.0,131,11.0,343,4.0,730330,146005
2020-08-29,12:29:00,,139,New Zealand,5002100,1727,13.0,22,0.0,1568,7.0,137,11.0,345,4.0,740321,148002
2020-08-30,23:00:00,,139,New Zealand,5002100,1729,2.0,22,0.0,1570,2.0,137,10.0,346,4.0,750808,150099
2020-08-31,18:58:00,,139,New Zealand,5002100,1738,9.0,22,0.0,1585,15.0,131,11.0,347,4.0,758027,151542
2020-09-01,23:00:00,,139,New Zealand,5002100,1752,14.0,22,0.0,1598,13.0,132,10.0,350,4.0,766626,153261
2020-09-02,23:01:00,,139,New Zealand,5002100,1757,5.0,22,0.0,1606,8.0,129,7.0,351,4.0,777560,155447
2020-09-03,23:01:00,,139,New Zealand,5002100,1759,2.0,22,0.0,1622,16.0,115,7.0,352,4.0,788081,157550
2020-09-04,07:01:00,,139,New Zealand,5002100,1764,5.0,22,0.0,1630,8.0,112,6.0,353,4.0,797990,159531
2020-09-05,23:31:00,,139,New Zealand,5002100,1767,3.0,24,2.0,1631,1.0,112,2.0,353,5.0,807460,161424
2020-09-06,18:30:00,,139,New Zealand,5002100,1772,5.0,24,0.0,1632,1.0,116,4.0,354,5.0,814638,162859
2020-09-07,23:39:00,,139,New Zealand,5002100,1776,4.0,24,0.0,1634,2.0,118,4.0,355,5.0,818629,163657
2020-09-08,22:10:00,,139,New Zealand,5002100,1782,6.0,24,0.0,1635,1.0,123,4.0,356,5.0,823154,164562
2020-09-10,22:01:00,,139,New Zealand,5002100,1792,10.0,24,0.0,1648,13.0,120,3.0,358,5.0,839467,167823
2020-09-11,22:00:00,,139,New Zealand,5002100,1793,1.0,24,0.0,1655,7.0,114,3.0,358,5.0,848420,169613
2020-09-12,22:22:00,,139,New Zealand,5002100,1795,2.0,24,0.0,1663,8.0,108,3.0,359,5.0,857258,171380
2020-09-13,22:01:00,,139,New Zealand,5002100,1797,2.0,24,0.0,1676,13.0,97,3.0,359,5.0,864469,172821
2020-09-14,22:04:00,,139,New Zealand,5002100,1798,1.0,24,0.0,1678,2.0,96,3.0,359,5.0,868042,173536
2020-09-15,21:00:00,,139,New Zealand,5002100,1801,3.0,24,0.0,1694,16.0,83,3.0,360,5.0,872444,174416
2020-09-16,21:01:00,,139,New Zealand,5002100,1802,1.0,25,1.0,1698,4.0,79,3.0,360,5.0,881532,176232
2020-09-18,20:01:00,,139,New Zealand,5002100,1809,7.0,25,0.0,1714,16.0,70,4.0,362,5.0,897077,179340
2020-09-19,21:00:00,,139,New Zealand,5002100,1811,2.0,25,0.0,1719,5.0,67,4.0,362,5.0,905436,181011
2020-09-20,22:31:00,,139,New Zealand,5002100,1815,4.0,25,0.0,1719,0.0,71,3.0,363,5.0,910853,182094
2020-09-21,21:01:00,,139,New Zealand,5002100,1815,0.0,25,0.0,1728,9.0,62,3.0,363,5.0,914421,182807
2020-09-22,21:01:00,,139,New Zealand,5002100,1815,0.0,25,0.0,1729,1.0,61,3.0,363,5.0,917699,183463
2020-09-23,19:58:00,,139,New Zealand,5002100,1824,9.0,25,0.0,1737,8.0,62,3.0,365,5.0,924637,184850
2020-09-24,21:00:00,,139,New Zealand,5002100,1827,3.0,25,0.0,1737,0.0,65,3.0,365,5.0,930779,186078
2020-09-25,21:00:00,,139,New Zealand,5002100,1829,2.0,25,0.0,1744,7.0,60,3.0,366,5.0,937244,187370
2020-09-26,21:00:00,,139,New Zealand,5002100,1831,2.0,25,0.0,1745,1.0,61,2.0,366,5.0,943196,188560
2020-09-27,22:45:00,,139,New Zealand,5002100,1833,2.0,25,0.0,1749,4.0,59,1.0,366,5.0,948942,189709
2020-09-28,22:00:00,,139,New Zealand,5002100,1833,0.0,25,0.0,1753,4.0,55,1.0,366,5.0,951954,190311
2020-09-29,21:35:00,,139,New Zealand,5002100,1835,2.0,25,0.0,1755,2.0,55,1.0,367,5.0,955590,191038
2020-09-30,22:00:00,,139,New Zealand,5002100,1836,1.0,25,0.0,1767,12.0,44,1.0,367,5.0,960559,192031
2020-10-01,21:31:00,,139,New Zealand,5002100,1848,12.0,25,0.0,1770,3.0,53,1.0,369,5.0,966238,193166
2020-10-02,22:36:00,,139,New Zealand,5002100,1848,0.0,25,0.0,1780,10.0,43,,369,5.0,970641,194047
2020-10-03,22:24:00,,139,New Zealand,5002100,1849,1.0,25,0.0,1783,3.0,41,,370,5.0,976369,195192
2020-10-04,21:01:00,,139,New Zealand,5002100,1854,5.0,25,0.0,1788,5.0,41,,371,5.0,979985,195915
2020-10-05,22:13:00,,139,New Zealand,5002100,1855,1.0,25,0.0,1790,2.0,40,,371,5.0,982819,196481
2020-10-06,23:01:00,,139,New Zealand,5002100,1858,3.0,25,0.0,1790,0.0,43,1.0,371,5.0,985639,197045
2020-10-07,23:01:00,,139,New Zealand,5002100,1861,3.0,25,0.0,1799,9.0,37,1.0,372,5.0,990973,198111
2020-10-08,23:59:00,,139,New Zealand,5002100,1864,3.0,25,0.0,1800,1.0,39,1.0,373,5.0,990973,198111
2020-10-09,23:00:00,,139,New Zealand,5002100,1866,2.0,25,0.0,1800,0.0,41,1.0,373,5.0,992141,198345
2020-10-10,23:00:00,,139,New Zealand,5002100,1870,4.0,25,0.0,1801,1.0,44,,374,5.0,996955,199307
2020-10-12,23:10:00,,139,New Zealand,5002100,1871,1.0,25,0.0,1801,0.0,45,,374,5.0,1002790,200474
2020-10-13,23:01:00,,139,New Zealand,5002100,1872,1.0,25,0.0,1808,7.0,39,,374,5.0,1005807,201077
2020-10-14,23:01:00,,139,New Zealand,5002100,1874,2.0,25,0.0,1809,1.0,40,,375,5.0,1011657,202246
2020-10-15,14:09:00,11:06:00,139,New Zealand,5002100,1876,2.0,25,0.0,1809,0.0,42,,375,5.0,1016853,203285
2020-10-16,22:08:00,19:06:00,139,New Zealand,5002100,1880,4.0,25,0.0,1809,0.0,46,,376,5.0,1016853,203285
2020-10-17,23:01:00,19:58:00,139,New Zealand,5002100,1883,3.0,25,0.0,1818,9.0,40,,376,5.0,1026725,205259
2020-10-18,22:05:00,19:03:00,139,New Zealand,5002100,1886,3.0,25,0.0,1819,1.0,42,,377,5.0,1030115,205937
2020-10-19,22:05:00,18:59:00,139,New Zealand,5002100,1886,0.0,25,0.0,1824,5.0,37,,377,5.0,1031888,206291
2020-10-20,22:05:00,19:04:00,139,New Zealand,5002100,1887,1.0,25,0.0,1829,5.0,33,,377,5.0,1034603,206834
2020-10-21,22:05:00,19:03:00,139,New Zealand,5002100,1912,25.0,25,0.0,1831,2.0,56,,382,5.0,1040911,208095
2020-10-22,22:05:00,19:04:00,139,New Zealand,5002100,1914,2.0,25,0.0,1831,0.0,58,,383,5.0,1047994,209511
2020-10-23,22:05:00,19:02:00,139,New Zealand,5002100,1923,9.0,25,0.0,1832,1.0,66,,384,5.0,1054047,210721
2020-10-24,23:41:00,20:40:00,139,New Zealand,5002100,1934,11.0,25,0.0,1835,3.0,74,,387,5.0,1061747,212260
2020-10-25,23:00:00,20:58:00,139,New Zealand,5002100,1935,1.0,25,0.0,1840,5.0,70,,387,5.0,1067143,213339
2020-10-26,23:00:00,20:56:00,139,New Zealand,5002100,1940,5.0,25,0.0,1841,1.0,74,,388,5.0,1070181,213946
2020-10-27,23:00:00,20:58:00,139,New Zealand,5002100,1941,1.0,25,0.0,1848,7.0,68,,388,5.0,1072492,214408
2020-10-28,23:00:00,20:58:00,139,New Zealand,5002100,1943,2.0,25,0.0,1852,4.0,66,,388,5.0,1075827,215075
2020-10-29,23:00:00,20:57:00,139,New Zealand,5002100,1949,6.0,25,0.0,1854,2.0,70,,390,5.0,1083230,216555
2020-10-30,23:00:00,20:58:00,139,New Zealand,5002100,1950,1.0,25,0.0,1857,3.0,68,,390,5.0,1090702,218049
2020-10-31,23:00:00,20:59:00,139,New Zealand,5002100,1957,7.0,25,0.0,1857,0.0,75,,391,5.0,1096666,219241
2020-11-01,23:00:00,20:59:00,139,New Zealand,5002100,1959,2.0,25,0.0,1857,0.0,77,,392,5.0,1101067,220121
2020-11-02,23:00:00,20:57:00,139,New Zealand,5002100,1963,4.0,25,0.0,1857,0.0,81,,392,5.0,1104113,220730
2020-11-03,23:00:00,20:59:00,139,New Zealand,5002100,1968,5.0,25,0.0,1868,11.0,75,,393,5.0,1106568,221221
2020-11-04,23:00:00,20:57:00,139,New Zealand,5002100,1971,3.0,25,0.0,1873,5.0,73,,394,5.0,1113739,222654
2020-11-05,23:00:00,20:59:00,139,New Zealand,5002100,1973,2.0,25,0.0,1881,8.0,67,,394,5.0,1120130,223932
2020-11-06,23:00:00,20:58:00,139,New Zealand,5002100,1974,1.0,25,0.0,1905,24.0,44,,395,5.0,1126986,225303
2020-11-07,23:00:00,20:57:00,139,New Zealand,5002100,1976,2.0,25,0.0,1908,3.0,43,,395,5.0,1132820,226469
2020-11-08,23:00:00,20:49:00,139,New Zealand,5002100,1982,6.0,25,0.0,1909,1.0,48,,396,5.0,1136936,227292
2020-11-09,23:00:00,20:59:00,139,New Zealand,5002100,1986,4.0,25,0.0,1910,1.0,51,,397,5.0,1137660,227436
2020-11-10,23:00:00,20:59:00,139,New Zealand,5002100,1987,1.0,25,0.0,1910,0.0,52,,397,5.0,1142938,228492
2020-11-11,23:00:00,20:56:00,139,New Zealand,5002100,1988,1.0,25,0.0,1911,1.0,52,,397,5.0,1148933,229690
2020-11-12,23:00:00,20:59:00,139,New Zealand,5002100,1991,3.0,25,0.0,1913,2.0,53,,398,5.0,1155514,231006
2020-11-13,23:00:00,20:58:00,139,New Zealand,5002100,1995,4.0,25,0.0,1917,4.0,53,,399,5.0,1162740,232450
2020-11-14,23:00:00,20:57:00,139,New Zealand,5002100,1998,3.0,25,0.0,1918,1.0,55,,399,5.0,1169062,233714
2020-11-15,23:00:00,20:53:00,139,New Zealand,5002100,2001,3.0,25,0.0,1918,0.0,58,,400,5.0,1179587,235818
2020-11-16,23:00:00,20:59:00,139,New Zealand,5002100,2001,0.0,25,0.0,1918,0.0,58,,400,5.0,1184885,236878
2020-11-17,23:00:00,20:58:00,139,New Zealand,5002100,2005,4.0,25,0.0,1919,1.0,61,,401,5.0,1191034,238107
2020-11-18,23:00:00,20:57:00,139,New Zealand,5002100,2008,3.0,25,0.0,1919,0.0,64,,401,5.0,1199426,239784
2020-11-19,23:00:00,20:59:00,139,New Zealand,5002100,2010,2.0,25,0.0,1948,29.0,37,,402,5.0,1208091,241517
2020-11-20,23:00:00,20:59:00,139,New Zealand,5002100,2013,3.0,25,0.0,1948,0.0,40,,402,5.0,1217383,243374
2020-11-21,23:00:00,20:58:00,139,New Zealand,5002100,2019,6.0,25,0.0,1952,4.0,42,,404,5.0,1224397,244777
2020-11-22,23:00:00,20:59:00,139,New Zealand,5002100,2028,9.0,25,0.0,1953,1.0,50,,405,5.0,1230901,246077
2020-11-23,23:00:00,20:58:00,139,New Zealand,5002100,2030,2.0,25,0.0,1953,0.0,52,,406,5.0,1234175,246731
2020-11-24,23:00:00,20:57:00,139,New Zealand,5002100,2031,1.0,25,0.0,1953,0.0,53,,406,5.0,1237736,247443
2020-11-25,23:00:00,20:58:00,139,New Zealand,5002100,2039,8.0,25,0.0,1955,2.0,59,,408,5.0,1243518,248599
2020-11-26,23:00:00,20:47:00,139,New Zealand,5002100,2040,1.0,25,0.0,1955,0.0,60,,408,5.0,1252601,250415
2020-11-27,23:00:00,20:59:00,139,New Zealand,5002100,2047,7.0,25,0.0,1956,1.0,66,,409,5.0,1260055,251905
2020-11-28,23:00:00,20:46:00,139,New Zealand,5002100,2050,3.0,25,0.0,1956,0.0,69,,410,5.0,1266944,253282
2020-11-29,23:00:00,20:51:00,139,New Zealand,5002100,2050,0.0,25,0.0,1956,0.0,69,,410,5.0,1266944,253282
2020-11-30,23:00:00,20:57:00,139,New Zealand,5002100,2056,6.0,25,0.0,1959,3.0,72,,411,5.0,1275525,254998
2020-12-01,23:00:00,20:55:00,139,New Zealand,5002100,2059,3.0,25,0.0,1962,3.0,72,,412,5.0,1278690,255631
2020-12-02,23:00:00,20:58:00,139,New Zealand,5002100,2060,1.0,25,0.0,1963,1.0,72,,412,5.0,1285766,257045
2020-12-03,23:00:00,20:59:00,139,New Zealand,5002100,2069,9.0,25,0.0,1974,11.0,70,,414,5.0,1291609,258213
2020-12-04,23:00:00,20:57:00,139,New Zealand,5002100,2069,0.0,25,0.0,1983,9.0,61,,414,5.0,1298455,259582
2020-12-05,23:00:00,20:58:00,139,New Zealand,5002100,2078,9.0,25,0.0,1994,11.0,59,,415,5.0,1304502,260791
2020-12-06,23:00:00,20:51:00,139,New Zealand,5002100,2078,0.0,25,0.0,1997,3.0,56,,415,5.0,1309992,261888
2020-12-07,23:00:00,20:57:00,139,New Zealand,5002100,2079,1.0,25,0.0,1998,1.0,56,,416,5.0,1312307,262351
2020-12-08,23:00:00,20:59:00,139,New Zealand,5002100,2085,6.0,25,0.0,2006,8.0,54,,417,5.0,1315201,262930
2020-12-09,23:00:00,20:59:00,139,New Zealand,5002100,2088,3.0,25,0.0,2008,2.0,55,,417,5.0,1321598,264209
2020-12-10,23:00:00,20:59:00,139,New Zealand,5002100,2088,0.0,25,0.0,2008,0.0,55,,417,5.0,1321598,264209
2020-12-11,23:00:00,20:59:00,139,New Zealand,5002100,2092,4.0,25,0.0,2010,2.0,57,,418,5.0,1332470,266382
2020-12-12,23:00:00,20:58:00,139,New Zealand,5002100,2092,0.0,25,0.0,2010,0.0,57,,418,5.0,1332470,266382
2020-12-13,23:00:00,20:59:00,139,New Zealand,5002100,2096,4.0,25,0.0,2015,5.0,56,,419,5.0,1341978,268283
2020-12-14,23:35:00,21:34:00,139,New Zealand,5002100,2096,0.0,25,0.0,2015,0.0,56,,419,5.0,1341978,268283
2020-12-15,23:00:00,20:59:00,139,New Zealand,5002100,2096,0.0,25,0.0,2015,0.0,56,,419,5.0,1341978,268283
2020-12-16,23:00:00,20:58:00,139,New Zealand,5002100,2100,4.0,25,0.0,2032,17.0,43,,420,5.0,1352462,270379
2020-12-17,23:00:00,20:56:00,139,New Zealand,5002100,2100,0.0,25,0.0,2032,0.0,43,,420,5.0,1352462,270379
2020-12-18,23:00:00,20:57:00,139,New Zealand,5002100,2110,10.0,25,0.0,2034,2.0,51,,422,5.0,1363124,272510
2020-12-19,23:59:00,22:11:00,139,New Zealand,5002100,2110,0.0,25,0.0,2034,0.0,51,,422,5.0,1363124,272510
2020-12-20,23:00:00,20:54:00,139,New Zealand,5002100,2116,6.0,25,0.0,2036,2.0,55,,423,5.0,1371889,274263
2020-12-21,23:00:00,20:59:00,139,New Zealand,5002100,2121,5.0,25,0.0,2037,1.0,59,,424,5.0,1374050,274695
2020-12-22,23:00:00,20:59:00,139,New Zealand,5002100,2121,0.0,25,0.0,2037,0.0,59,,424,5.0,1374050,274695
2020-12-23,23:00:00,20:58:00,139,New Zealand,5002100,2128,7.0,25,0.0,2054,17.0,49,,425,5.0,1381545,276193
2020-12-24,23:00:00,20:55:00,139,New Zealand,5002100,2128,0.0,25,0.0,2054,0.0,49,,425,5.0,1381545,276193
2020-12-25,23:00:00,20:59:00,139,New Zealand,5002100,2128,0.0,25,0.0,2054,0.0,49,,425,5.0,1381545,276193
2020-12-26,23:00:00,20:59:00,139,New Zealand,5002100,2128,0.0,25,0.0,2054,0.0,49,,425,5.0,1381545,276193
2020-12-27,23:00:00,20:56:00,139,New Zealand,5002100,2144,16.0,25,0.0,2069,15.0,50,,429,5.0,1394812,278845
2020-12-28,23:00:00,20:58:00,139,New Zealand,5002100,2144,0.0,25,0.0,2069,0.0,50,,429,5.0,1394812,278845
2020-12-29,23:00:00,20:54:00,139,New Zealand,5002100,2151,7.0,25,0.0,2077,8.0,49,,430,5.0,1398932,279669
2020-12-30,23:00:00,20:54:00,139,New Zealand,5002100,2151,0.0,25,0.0,2077,0.0,49,,430,5.0,1398932,279669
2020-12-31,23:00:00,20:44:00,139,New Zealand,5002100,2162,11.0,25,0.0,2082,5.0,55,,432,5.0,1405854,281053
2021-01-01,23:00:00,20:54:00,139,New Zealand,5002100,2162,0.0,25,0.0,2082,0.0,55,,432,5.0,1405854,281053
2021-01-02,23:00:00,20:56:00,139,New Zealand,5002100,2162,0.0,25,0.0,2082,0.0,55,,432,5.0,1405854,281053
2021-01-03,23:00:00,20:59:00,139,New Zealand,5002100,2181,19.0,25,0.0,2084,2.0,72,,436,5.0,1414422,282766
2021-01-04,23:00:00,20:57:00,139,New Zealand,5002100,2181,0.0,25,0.0,2084,0.0,72,,436,5.0,1414422,282766
2021-01-05,23:00:00,20:51:00,139,New Zealand,5002100,2186,5.0,25,0.0,2100,16.0,61,,437,5.0,1419361,283753
2021-01-06,23:00:00,20:59:00,139,New Zealand,5002100,2186,0.0,25,0.0,2100,0.0,61,,437,5.0,1419361,283753
2021-01-07,23:00:00,20:59:00,139,New Zealand,5002100,2188,2.0,25,0.0,2101,1.0,62,,437,5.0,1426787,285238
2021-01-08,23:00:00,20:59:00,139,New Zealand,5002100,2188,0.0,25,0.0,2101,0.0,62,,437,5.0,1426787,285238
2021-01-09,23:00:00,20:55:00,139,New Zealand,5002100,2188,0.0,25,0.0,2101,0.0,62,,437,5.0,1426787,285238
2021-01-10,23:32:00,21:29:00,139,New Zealand,5002100,2219,31.0,25,0.0,2119,18.0,75,,444,5.0,1438446,287568
2021-01-11,23:40:00,21:37:00,139,New Zealand,5002100,2222,3.0,25,0.0,2120,1.0,77,,444,5.0,1441163,288112
2021-01-12,23:52:00,21:48:00,139,New Zealand,5002100,2222,0.0,25,0.0,2120,0.0,77,,444,5.0,1441163,288112
2021-01-13,23:58:00,21:57:00,139,New Zealand,5002100,2228,6.0,25,0.0,2141,21.0,62,,445,5.0,1448199,289518
2021-01-14,23:55:00,21:54:00,139,New Zealand,5002100,2228,0.0,25,0.0,2141,0.0,62,,445,5.0,1448199,289518
2021-01-15,19:39:38,00:00:00,139,New Zealand,5002100,2246,18.0,25,0.0,2145,4.0,76,,449,5.0,1457076,291293
2021-01-16,23:55:00,21:54:00,139,New Zealand,5002100,2246,0.0,25,0.0,2145,0.0,76,,449,5.0,1457076,291293
