Date,Scrap_time,Update_time_GMT,Country_id,Country,Population,TotalCases,NewCases,TotalDeaths,NewDeaths,TotalRecovered,NewRecovered,ActiveCases,SeriousCritical,Tot_Cases_1Mpop,Deaths_1Mpop,TotalTests,Tests_1Mpop
2020-08-02,20:00:00,,48,Nigeria,206536291,43537,,883,,20087,,22567,7,211,4.0,283916,1375
2020-08-08,20:00:00,,48,Nigeria,206620302,45687,2150.0,936,53.0,32637,12550.0,12114,7,221,5.0,310729,1504
2020-08-12,20:00:00,,48,Nigeria,206676309,47290,1603.0,956,20.0,33609,972.0,12725,7,229,5.0,319851,1548
2020-08-16,20:00:00,,48,Nigeria,206732316,48770,1480.0,974,18.0,36290,2681.0,11506,7,236,5.0,347545,1681
2020-08-17,20:00:00,,48,Nigeria,206746317,49068,298.0,975,1.0,36497,207.0,11596,7,237,5.0,347545,1681
2020-08-18,20:00:00,,48,Nigeria,206760319,49485,417.0,977,2.0,36834,337.0,11674,7,239,5.0,352625,1705
2020-08-19,20:00:00,,48,Nigeria,206774321,49895,410.0,981,4.0,37051,217.0,11863,7,241,5.0,352625,1705
2020-08-20,17:53:00,,48,Nigeria,206788323,50488,593.0,985,4.0,37304,253.0,12199,7,244,5.0,352625,1705
2020-08-23,21:09:00,,48,Nigeria,206830328,51905,1417.0,997,12.0,38767,1463.0,12141,7,251,5.0,369904,1788
2020-08-24,17:10:00,,48,Nigeria,206844330,52227,322.0,1002,5.0,38945,178.0,12280,7,252,5.0,369904,1788
2020-08-25,23:00:00,,48,Nigeria,206858331,52548,321.0,1004,2.0,39257,312.0,12287,7,254,5.0,379542,1835
2020-08-26,22:59:00,,48,Nigeria,206872333,52800,252.0,1007,3.0,39964,707.0,11829,7,255,5.0,379542,1835
2020-08-27,23:00:00,,48,Nigeria,206886335,53021,221.0,1010,3.0,40281,317.0,11730,7,256,5.0,388346,1877
2020-08-28,23:01:00,,48,Nigeria,206900336,53317,296.0,1011,1.0,40726,445.0,11580,7,258,5.0,391502,1892
2020-08-29,12:29:00,,48,Nigeria,206914338,53477,160.0,1011,0.0,41017,291.0,11449,7,258,5.0,394524,1907
2020-08-30,23:00:00,,48,Nigeria,206928340,53727,250.0,1011,0.0,41314,297.0,11402,7,260,5.0,398304,1925
2020-08-31,18:58:00,,48,Nigeria,206942342,53865,138.0,1013,2.0,41513,199.0,11339,7,260,5.0,402070,1943
2020-09-01,23:00:00,,48,Nigeria,206956343,54008,143.0,1013,0.0,41638,125.0,11357,7,261,5.0,403347,1949
2020-09-02,23:01:00,,48,Nigeria,206970345,54247,239.0,1023,10.0,42010,372.0,11214,7,262,5.0,405916,1961
2020-09-03,23:01:00,,48,Nigeria,206984347,54463,216.0,1027,4.0,42439,429.0,10997,7,263,5.0,411077,1986
2020-09-04,07:01:00,,48,Nigeria,206998349,54588,125.0,1048,21.0,42627,188.0,10913,7,264,5.0,413265,1996
2020-09-05,23:31:00,,48,Nigeria,207012350,54743,155.0,1051,3.0,42816,189.0,10876,7,264,5.0,417398,2016
2020-09-06,18:30:00,,48,Nigeria,207026352,54905,162.0,1054,3.0,42922,106.0,10929,7,265,5.0,420543,2031
2020-09-07,23:39:00,,48,Nigeria,207040354,55005,100.0,1057,3.0,43013,91.0,10935,7,266,5.0,420543,2031
2020-09-08,22:10:00,,48,Nigeria,207054356,55160,155.0,1061,4.0,43231,218.0,10868,7,266,5.0,424186,2049
2020-09-09,22:01:00,,48,Nigeria,207068357,55456,296.0,1067,6.0,43334,103.0,11055,7,268,5.0,426803,2061
2020-09-10,22:01:00,,48,Nigeria,207082359,55632,176.0,1070,3.0,43610,276.0,10952,7,269,5.0,430712,2080
2020-09-11,22:00:00,,48,Nigeria,207096361,55829,197.0,1075,5.0,43810,200.0,10944,7,270,5.0,433206,2092
2020-09-12,22:22:00,,48,Nigeria,207110363,56017,188.0,1076,1.0,43998,188.0,10943,7,270,5.0,433206,2092
2020-09-13,22:01:00,,48,Nigeria,207124364,56177,160.0,1078,2.0,44088,90.0,11011,7,271,5.0,438135,2115
2020-09-14,22:04:00,,48,Nigeria,207138366,56256,79.0,1082,4.0,44152,64.0,11022,7,272,5.0,440248,2125
2020-09-15,21:00:00,,48,Nigeria,207152368,56388,132.0,1083,1.0,44337,185.0,10968,7,272,5.0,442075,2134
2020-09-16,21:01:00,,48,Nigeria,207166370,56478,90.0,1088,5.0,44430,93.0,10960,7,273,5.0,443987,2143
2020-09-18,20:01:00,,48,Nigeria,207194373,56735,257.0,1093,5.0,48092,3662.0,7550,7,274,5.0,482321,2328
2020-09-19,21:00:00,,48,Nigeria,207208375,56956,221.0,1094,1.0,48305,213.0,7557,7,275,5.0,482321,2328
2020-09-20,22:31:00,,48,Nigeria,207222376,57145,189.0,1095,1.0,48431,126.0,7619,7,276,5.0,482321,2328
2020-09-21,21:01:00,,48,Nigeria,207236378,57242,97.0,1098,3.0,48569,138.0,7575,7,276,5.0,482321,2327
2020-09-22,21:01:00,,48,Nigeria,207250380,57437,195.0,1100,2.0,48674,105.0,7663,7,277,5.0,482321,2327
2020-09-23,19:58:00,,48,Nigeria,207264382,57613,176.0,1100,0.0,48836,162.0,7677,7,278,5.0,484051,2335
2020-09-24,21:00:00,,48,Nigeria,207278383,57724,111.0,1102,2.0,48985,149.0,7637,7,278,5.0,484051,2335
2020-09-25,21:00:00,,48,Nigeria,207292385,57849,125.0,1102,0.0,49098,113.0,7649,7,279,5.0,494577,2386
2020-09-26,21:00:00,,48,Nigeria,207306387,58062,213.0,1103,1.0,49606,508.0,7353,7,280,5.0,494577,2386
2020-09-27,22:45:00,,48,Nigeria,207320389,58198,136.0,1106,3.0,49722,116.0,7370,7,281,5.0,502545,2424
2020-09-28,22:00:00,,48,Nigeria,207334390,58324,126.0,1108,2.0,49794,72.0,7422,7,281,5.0,505556,2438
2020-09-29,21:35:00,,48,Nigeria,207348392,58460,136.0,1111,3.0,49895,101.0,7454,7,282,5.0,507006,2445
2020-09-30,22:00:00,,48,Nigeria,207362394,58647,187.0,1111,0.0,49937,42.0,7599,7,283,5.0,509555,2457
2020-10-01,21:31:00,,48,Nigeria,207376396,58848,201.0,1112,1.0,50358,421.0,7378,7,284,5.0,509555,2457
2020-10-02,22:36:00,,48,Nigeria,207390397,59001,153.0,1112,0.0,50452,94.0,7437,7,284,5.0,509555,2457
2020-10-03,22:24:00,,48,Nigeria,207404399,59127,126.0,1112,0.0,50593,141.0,7422,7,285,5.0,509555,2457
2020-10-04,21:01:00,,48,Nigeria,207418401,59287,160.0,1113,1.0,50718,125.0,7456,7,286,5.0,532765,2569
2020-10-05,22:13:00,,48,Nigeria,207432403,59345,58.0,1113,0.0,50768,50.0,7464,7,286,5.0,535733,2583
2020-10-06,23:01:00,,48,Nigeria,207446404,59465,120.0,1113,0.0,50951,183.0,7401,7,287,5.0,535733,2583
2020-10-07,23:01:00,,48,Nigeria,207460406,59583,118.0,1113,0.0,51308,357.0,7162,7,287,5.0,538815,2597
2020-10-08,23:59:00,,48,Nigeria,207474408,59738,155.0,1113,0.0,51403,95.0,7222,7,288,5.0,543415,2619
2020-10-09,23:00:00,,48,Nigeria,207488410,59841,103.0,1113,0.0,51551,148.0,7177,7,288,5.0,543415,2619
2020-10-10,23:00:00,,48,Nigeria,207502411,59992,151.0,1113,0.0,51614,63.0,7265,7,289,5.0,548514,2643
2020-10-12,23:10:00,,48,Nigeria,207530415,60266,274.0,1115,2.0,51735,121.0,7416,7,290,5.0,553037,2665
2020-10-13,23:01:00,,48,Nigeria,207544416,60430,164.0,1115,0.0,51943,208.0,7372,7,291,5.0,554006,2669
2020-10-14,23:01:00,,48,Nigeria,207558418,60655,225.0,1116,1.0,52006,63.0,7533,7,292,5.0,558313,2690
2020-10-15,14:09:00,11:06:00,48,Nigeria,207572420,60834,179.0,1116,0.0,52143,137.0,7575,7,293,5.0,564936,2722
2020-10-16,22:08:00,19:06:00,48,Nigeria,207586422,60982,148.0,1116,0.0,52194,51.0,7672,7,294,5.0,567857,2736
2020-10-17,23:01:00,19:58:00,48,Nigeria,207600423,61194,212.0,1119,3.0,52304,110.0,7771,7,295,5.0,572705,2759
2020-10-18,22:05:00,19:03:00,48,Nigeria,207614425,61307,113.0,1123,4.0,56557,4253.0,3627,7,295,5.0,576184,2775
2020-10-19,22:05:00,18:59:00,48,Nigeria,207628427,61440,133.0,1125,2.0,56611,54.0,3704,7,296,5.0,578841,2788
2020-10-20,22:05:00,19:04:00,48,Nigeria,207642429,61558,118.0,1125,0.0,56697,86.0,3736,7,296,5.0,590635,2844
2020-10-21,22:05:00,19:03:00,48,Nigeria,207656430,61630,72.0,1125,0.0,56798,101.0,3707,7,297,5.0,595283,2867
2020-10-22,22:05:00,19:04:00,48,Nigeria,207670432,61667,37.0,1125,0.0,56880,82.0,3662,7,297,5.0,595283,2866
2020-10-23,22:05:00,19:02:00,48,Nigeria,207684434,61805,138.0,1127,2.0,56985,105.0,3693,7,298,5.0,595283,2866
2020-10-24,23:41:00,20:40:00,48,Nigeria,207698436,61882,77.0,1129,2.0,57190,205.0,3563,7,298,5.0,602239,2900
2020-10-25,23:00:00,20:58:00,48,Nigeria,207712437,61930,48.0,1129,0.0,57285,95.0,3516,7,298,5.0,603611,2906
2020-10-26,23:00:00,20:56:00,48,Nigeria,207726439,61992,62.0,1130,1.0,57465,180.0,3397,7,298,5.0,607435,2924
2020-10-27,23:00:00,20:58:00,48,Nigeria,207740441,62111,119.0,1132,2.0,57571,106.0,3408,7,299,5.0,612154,2947
2020-10-28,23:00:00,20:58:00,48,Nigeria,207754443,62224,113.0,1135,3.0,57916,345.0,3173,7,300,5.0,614480,2958
2020-10-29,23:00:00,20:57:00,48,Nigeria,207768444,62371,147.0,1139,4.0,58095,179.0,3137,7,300,5.0,614480,2958
2020-10-30,23:00:00,20:58:00,48,Nigeria,207782446,62521,150.0,1141,2.0,58249,154.0,3131,7,301,5.0,620758,2988
2020-10-31,23:00:00,20:59:00,48,Nigeria,207796448,62691,170.0,1144,3.0,58430,181.0,3117,7,302,6.0,620758,2987
2020-11-01,23:00:00,20:59:00,48,Nigeria,207810450,62853,162.0,1144,0.0,58675,245.0,3034,7,302,6.0,625510,3010
2020-11-02,23:00:00,20:57:00,48,Nigeria,207824451,62964,111.0,1146,2.0,58790,115.0,3028,7,303,6.0,627600,3020
2020-11-03,23:00:00,20:59:00,48,Nigeria,207838453,63036,72.0,1147,1.0,59328,538.0,2561,7,303,6.0,627600,3020
2020-11-04,23:00:00,20:57:00,48,Nigeria,207852455,63173,137.0,1151,4.0,59634,306.0,2388,10,304,6.0,635410,3057
2020-11-05,23:00:00,20:59:00,48,Nigeria,207866456,63328,155.0,1155,4.0,59675,41.0,2498,10,305,6.0,668729,3217
2020-11-06,23:00:00,20:58:00,48,Nigeria,207880458,63508,180.0,1155,0.0,59748,73.0,2605,10,306,6.0,673183,3238
2020-11-07,23:00:00,20:57:00,48,Nigeria,207894460,63731,223.0,1155,0.0,59844,96.0,2732,10,307,6.0,673183,3238
2020-11-08,23:00:00,20:49:00,48,Nigeria,207908462,63790,59.0,1155,0.0,59884,40.0,2751,10,307,6.0,681599,3278
2020-11-09,23:00:00,20:59:00,48,Nigeria,207922463,64090,300.0,1154,,59910,26.0,3026,10,308,6.0,686395,3301
2020-11-10,23:00:00,20:59:00,48,Nigeria,207936465,64184,94.0,1158,4.0,60069,159.0,2957,10,309,6.0,687952,3308
2020-11-11,23:00:00,20:56:00,48,Nigeria,207950467,64336,152.0,1160,2.0,60333,264.0,2843,10,309,6.0,687952,3308
2020-11-12,23:00:00,20:59:00,48,Nigeria,207964469,64516,180.0,1162,2.0,60737,404.0,2617,10,310,6.0,687952,3308
2020-11-13,23:00:00,20:58:00,48,Nigeria,207978470,64728,212.0,1162,0.0,60790,53.0,2776,10,311,6.0,697544,3354
2020-11-14,23:00:00,20:57:00,48,Nigeria,207992472,64884,156.0,1163,1.0,60936,146.0,2785,10,312,6.0,697544,3354
2020-11-15,23:00:00,20:53:00,48,Nigeria,208006474,64996,112.0,1163,0.0,61029,93.0,2804,10,312,6.0,705809,3393
2020-11-16,23:00:00,20:59:00,48,Nigeria,208020476,65148,152.0,1163,0.0,61073,44.0,2912,10,313,6.0,705809,3393
2020-11-17,23:00:00,20:58:00,48,Nigeria,208034477,65305,157.0,1163,0.0,61162,89.0,2980,10,314,6.0,705809,3393
2020-11-18,23:00:00,20:57:00,48,Nigeria,208048479,65457,152.0,1163,0.0,61337,175.0,2957,10,315,6.0,717942,3451
2020-11-19,23:00:00,20:59:00,48,Nigeria,208062481,65693,236.0,1163,0.0,61457,120.0,3073,10,316,6.0,721516,3468
2020-11-20,23:00:00,20:59:00,48,Nigeria,208076483,65839,146.0,1165,2.0,61573,116.0,3101,10,316,6.0,724794,3483
2020-11-21,23:00:00,20:58:00,48,Nigeria,208090484,65982,143.0,1165,0.0,61782,209.0,3035,10,317,6.0,728128,3499
2020-11-22,23:00:00,20:59:00,48,Nigeria,208104486,66228,246.0,1166,1.0,61884,102.0,3178,10,318,6.0,739216,3552
2020-11-23,23:00:00,20:58:00,48,Nigeria,208118488,66383,155.0,1167,1.0,62076,192.0,3140,10,319,6.0,743298,3572
2020-11-24,23:00:00,20:57:00,48,Nigeria,208132490,66439,56.0,1168,1.0,62241,165.0,3030,10,319,6.0,743298,3571
2020-11-25,23:00:00,20:58:00,48,Nigeria,208146491,66607,168.0,1169,1.0,62311,70.0,3127,10,320,6.0,749136,3599
2020-11-26,23:00:00,20:47:00,48,Nigeria,208160493,66805,198.0,1169,0.0,62493,182.0,3143,10,321,6.0,749136,3599
2020-11-27,23:00:00,20:59:00,48,Nigeria,208174495,66974,169.0,1169,0.0,62585,92.0,3220,10,322,6.0,749136,3599
2020-11-28,23:00:00,20:46:00,48,Nigeria,208188496,67220,246.0,1171,2.0,62686,101.0,3363,10,323,6.0,756237,3632
2020-11-29,23:00:00,20:51:00,48,Nigeria,208202498,67330,110.0,1171,0.0,62819,133.0,3340,10,323,6.0,756237,3632
2020-11-30,23:00:00,20:57:00,48,Nigeria,208216500,67412,82.0,1173,2.0,63055,236.0,3184,10,324,6.0,756237,3632
2020-12-01,23:00:00,20:55:00,48,Nigeria,208230502,67557,145.0,1173,0.0,63282,227.0,3102,10,324,6.0,756237,3632
2020-12-02,23:00:00,20:58:00,48,Nigeria,208244503,67838,281.0,1176,3.0,63430,148.0,3232,10,326,6.0,779708,3744
2020-12-03,23:00:00,20:59:00,48,Nigeria,208258505,67960,122.0,1177,1.0,63839,409.0,2944,10,326,6.0,779708,3744
2020-12-04,23:00:00,20:57:00,48,Nigeria,208272507,68303,343.0,1179,2.0,64291,452.0,2833,10,328,6.0,779708,3744
2020-12-05,23:00:00,20:58:00,48,Nigeria,208286509,68627,324.0,1179,0.0,64467,176.0,2981,10,329,6.0,791539,3800
2020-12-06,23:00:00,20:51:00,48,Nigeria,208300510,68937,310.0,1180,1.0,64650,183.0,3107,10,331,6.0,791539,3800
2020-12-07,23:00:00,20:57:00,48,Nigeria,208314512,69255,318.0,1180,0.0,64774,124.0,3301,10,332,6.0,803621,3858
2020-12-08,23:00:00,20:59:00,48,Nigeria,208328514,69645,390.0,1181,1.0,64947,173.0,3517,10,334,6.0,817913,3926
2020-12-09,23:00:00,20:59:00,48,Nigeria,208342516,70195,550.0,1182,1.0,65110,163.0,3903,10,337,6.0,817913,3926
2020-12-10,23:00:00,20:59:00,48,Nigeria,208356517,70669,474.0,1184,2.0,65242,132.0,4243,10,339,6.0,817913,3926
2020-12-11,23:00:00,20:59:00,48,Nigeria,208370519,71344,675.0,1190,6.0,65474,232.0,4680,10,342,6.0,829743,3982
2020-12-12,23:00:00,20:58:00,48,Nigeria,208384521,72140,796.0,1190,0.0,65722,248.0,5228,10,346,6.0,833755,4001
2020-12-13,23:00:00,20:59:00,48,Nigeria,208398523,72757,617.0,1194,4.0,65850,128.0,5713,10,349,6.0,833755,4001
2020-12-14,23:35:00,21:34:00,48,Nigeria,208412524,73175,418.0,1197,3.0,66090,240.0,5888,10,351,6.0,845458,4057
2020-12-15,23:00:00,20:59:00,48,Nigeria,208426526,73374,199.0,1197,0.0,66314,224.0,5863,10,352,6.0,848194,4070
2020-12-16,23:00:00,20:58:00,48,Nigeria,208440528,74132,758.0,1200,3.0,66494,180.0,6438,10,356,6.0,848194,4069
2020-12-17,23:00:00,20:56:00,48,Nigeria,208454530,75062,930.0,1200,0.0,66775,281.0,7087,10,360,6.0,859357,4123
2020-12-18,23:00:00,20:57:00,48,Nigeria,208468531,76207,1145.0,1201,1.0,67110,335.0,7896,10,366,6.0,864104,4145
2020-12-19,23:59:00,22:11:00,48,Nigeria,208482533,77013,806.0,1212,11.0,67484,374.0,8317,10,369,6.0,869362,4170
2020-12-20,23:00:00,20:54:00,48,Nigeria,208496535,77933,920.0,1218,6.0,67784,300.0,8931,10,374,6.0,874617,4195
2020-12-21,23:00:00,20:59:00,48,Nigeria,208510536,78434,501.0,1221,3.0,68303,519.0,8910,10,376,6.0,874617,4195
2020-12-22,23:00:00,20:59:00,48,Nigeria,208524538,78790,356.0,1227,6.0,68493,190.0,9070,10,378,6.0,893590,4285
2020-12-23,23:00:00,20:58:00,48,Nigeria,208538540,79789,999.0,1231,4.0,68879,386.0,9679,10,383,6.0,903800,4334
2020-12-24,23:00:00,20:55:00,48,Nigeria,208552542,80922,1133.0,1236,5.0,69274,395.0,10412,10,388,6.0,903800,4334
2020-12-25,23:00:00,20:59:00,48,Nigeria,208566543,81963,1041.0,1242,6.0,69651,377.0,11070,10,393,6.0,912114,4373
2020-12-26,23:00:00,20:59:00,48,Nigeria,208580545,82747,784.0,1246,4.0,70248,597.0,11253,10,397,6.0,912114,4373
2020-12-27,23:00:00,20:56:00,48,Nigeria,208594547,83576,829.0,1247,1.0,70495,247.0,11834,10,401,6.0,925215,4435
2020-12-28,23:00:00,20:58:00,48,Nigeria,208608549,84414,838.0,1254,7.0,71034,539.0,12126,10,405,6.0,925215,4435
2020-12-29,23:00:00,20:54:00,48,Nigeria,208622550,84811,397.0,1264,10.0,71357,323.0,12190,10,407,6.0,932327,4469
2020-12-30,23:00:00,20:54:00,48,Nigeria,208636552,85560,749.0,1267,3.0,71937,580.0,12356,10,410,6.0,937712,4494
2020-12-31,23:00:00,20:44:00,48,Nigeria,208650554,86576,1016.0,1278,11.0,73322,1385.0,11976,10,415,6.0,938602,4498
2021-01-01,23:00:00,20:54:00,48,Nigeria,208664556,87607,1031.0,1289,11.0,73713,391.0,12605,10,420,6.0,948048,4543
2021-01-02,23:00:00,20:56:00,48,Nigeria,208678557,88587,980.0,1294,5.0,74373,660.0,12920,10,425,6.0,948048,4543
2021-01-03,23:00:00,20:59:00,48,Nigeria,208692559,89163,576.0,1302,8.0,74789,416.0,13072,10,427,6.0,952975,4566
2021-01-04,23:00:00,20:57:00,48,Nigeria,208706561,90080,917.0,1311,9.0,75044,255.0,13725,10,432,6.0,955429,4578
2021-01-05,23:00:00,20:51:00,48,Nigeria,208720563,91351,1271.0,1318,7.0,75699,655.0,14334,10,438,6.0,958911,4594
2021-01-06,23:00:00,20:59:00,48,Nigeria,208734564,92705,1354.0,1319,1.0,76396,697.0,14990,10,444,6.0,980046,4695
2021-01-07,23:00:00,20:59:00,48,Nigeria,208748566,94369,1664.0,1324,5.0,77299,903.0,15746,10,452,6.0,980046,4695
2021-01-08,23:00:00,20:59:00,48,Nigeria,208762568,95934,1565.0,1330,6.0,77982,683.0,16622,10,460,6.0,1004915,4814
2021-01-09,23:00:00,20:55:00,48,Nigeria,208776570,97478,1544.0,1342,12.0,78552,570.0,17584,10,467,6.0,1011584,4845
2021-01-10,23:32:00,21:29:00,48,Nigeria,208790571,99063,1585.0,1350,8.0,79417,865.0,18296,10,474,6.0,1011584,4845
2021-01-11,23:40:00,21:37:00,48,Nigeria,208804573,100087,1024.0,1358,8.0,80030,613.0,18699,10,479,7.0,1025560,4912
2021-01-12,23:52:00,21:48:00,48,Nigeria,208818575,101331,1244.0,1361,3.0,80491,461.0,19479,10,485,7.0,1033858,4951
2021-01-13,23:58:00,21:57:00,48,Nigeria,208832577,102601,1270.0,1373,12.0,81574,1083.0,19654,10,491,7.0,1033858,4951
2021-01-14,23:55:00,21:54:00,48,Nigeria,208846578,103999,1398.0,1382,9.0,82555,981.0,20062,10,498,7.0,1033858,4950
2021-01-15,19:39:38,00:00:00,48,Nigeria,208874582,107345,3346.0,1413,31.0,84535,1980.0,21397,10,514,7.0,1135535,5436
