Date,Scrap_time,Update_time_GMT,Country_id,Country,Population,TotalCases,NewCases,TotalDeaths,NewDeaths,TotalRecovered,NewRecovered,ActiveCases,SeriousCritical,Tot_Cases_1Mpop,Deaths_1Mpop,TotalTests,Tests_1Mpop
2020-08-02,20:00:00,,152,Niger,24269389,1136,,69,,1028,,39,,47,3.0,9052,373
2020-08-08,20:00:00,,152,Niger,24283842,1153,17.0,69,0.0,1057,29.0,27,,47,3.0,9052,373
2020-08-12,20:00:00,,152,Niger,24293476,1158,5.0,69,0.0,1065,8.0,24,,48,3.0,9052,373
2020-08-16,20:00:00,,152,Niger,24303111,1165,7.0,69,0.0,1077,12.0,19,,48,3.0,9052,372
2020-08-17,20:00:00,,152,Niger,24305520,1167,2.0,69,0.0,1078,1.0,20,,48,3.0,9052,372
2020-08-18,20:00:00,,152,Niger,24307929,1167,0.0,69,0.0,1078,0.0,20,,48,3.0,9052,372
2020-08-19,20:00:00,,152,Niger,24310338,1167,0.0,69,0.0,1079,1.0,19,,48,3.0,9052,372
2020-08-20,17:53:00,,152,Niger,24312746,1167,0.0,69,0.0,1079,0.0,19,,48,3.0,9052,372
2020-08-23,21:09:00,,152,Niger,24319972,1172,5.0,69,0.0,1083,4.0,20,,48,3.0,9052,372
2020-08-24,17:10:00,,152,Niger,24322381,1172,0.0,69,0.0,1083,0.0,20,,48,3.0,9052,372
2020-08-25,23:00:00,,152,Niger,24324790,1172,0.0,69,0.0,1084,1.0,19,,48,3.0,9052,372
2020-08-26,22:59:00,,152,Niger,24327199,1173,1.0,69,0.0,1084,0.0,20,,48,3.0,9052,372
2020-08-27,23:00:00,,152,Niger,24329607,1173,0.0,69,0.0,1084,0.0,20,,48,3.0,9052,372
2020-08-28,23:01:00,,152,Niger,24332016,1173,0.0,69,0.0,1084,0.0,20,,48,3.0,9052,372
2020-08-29,12:29:00,,152,Niger,24334425,1175,2.0,69,0.0,1085,1.0,21,,48,3.0,9052,372
2020-08-30,23:00:00,,152,Niger,24336834,1175,0.0,69,0.0,1085,0.0,21,,48,3.0,9052,372
2020-08-31,18:58:00,,152,Niger,24339242,1175,0.0,69,0.0,1085,0.0,21,,48,3.0,9052,372
2020-09-01,23:00:00,,152,Niger,24341651,1176,1.0,69,0.0,1088,3.0,19,,48,3.0,9052,372
2020-09-02,23:01:00,,152,Niger,24344060,1176,0.0,69,0.0,1088,0.0,19,,48,3.0,9052,372
2020-09-03,23:01:00,,152,Niger,24346468,1176,0.0,69,0.0,1088,0.0,19,,48,3.0,9052,372
2020-09-04,07:01:00,,152,Niger,24348877,1177,1.0,69,0.0,1091,3.0,17,,48,3.0,9052,372
2020-09-05,23:31:00,,152,Niger,24351286,1177,0.0,69,0.0,1091,0.0,17,,48,3.0,9052,372
2020-09-06,18:30:00,,152,Niger,24353695,1177,0.0,69,0.0,1091,0.0,17,,48,3.0,9052,372
2020-09-07,23:39:00,,152,Niger,24356103,1177,0.0,69,0.0,1091,0.0,17,,48,3.0,9052,372
2020-09-08,22:10:00,,152,Niger,24358512,1177,0.0,69,0.0,1091,0.0,17,,48,3.0,9052,372
2020-09-10,22:01:00,,152,Niger,24363330,1178,1.0,69,0.0,1099,8.0,10,,48,3.0,9052,372
2020-09-11,22:00:00,,152,Niger,24365738,1178,0.0,69,0.0,1099,0.0,10,,48,3.0,9052,372
2020-09-12,22:22:00,,152,Niger,24368147,1178,0.0,69,0.0,1100,1.0,9,,48,3.0,9052,371
2020-09-13,22:01:00,,152,Niger,24370556,1178,0.0,69,0.0,1100,0.0,9,,48,3.0,9052,371
2020-09-14,22:04:00,,152,Niger,24372964,1180,2.0,69,0.0,1104,4.0,7,,48,3.0,9052,371
2020-09-15,21:00:00,,152,Niger,24375373,1180,0.0,69,0.0,1104,0.0,7,,48,3.0,9052,371
2020-09-16,21:01:00,,152,Niger,24377782,1182,2.0,69,0.0,1104,0.0,9,,48,3.0,19543,802
2020-09-18,20:01:00,,152,Niger,24382599,1183,1.0,69,0.0,1104,0.0,10,,49,3.0,19794,812
2020-09-19,21:00:00,,152,Niger,24385008,1183,0.0,69,0.0,1104,0.0,10,,49,3.0,19989,820
2020-09-20,22:31:00,,152,Niger,24387417,1183,0.0,69,0.0,1104,0.0,10,,49,3.0,20530,842
2020-09-21,21:01:00,,152,Niger,24389826,1188,5.0,69,0.0,1104,0.0,15,,49,3.0,20589,844
2020-09-22,21:01:00,,152,Niger,24392234,1189,1.0,69,0.0,1104,0.0,16,,49,3.0,20589,844
2020-09-23,19:58:00,,152,Niger,24394643,1193,4.0,69,0.0,1104,0.0,20,,49,3.0,20589,844
2020-09-24,21:00:00,,152,Niger,24397052,1193,0.0,69,0.0,1107,3.0,17,,49,3.0,21016,861
2020-09-25,21:00:00,,152,Niger,24399460,1194,1.0,69,0.0,1107,0.0,18,,49,3.0,21016,861
2020-09-26,21:00:00,,152,Niger,24401869,1194,0.0,69,0.0,1107,0.0,18,,49,3.0,21482,880
2020-09-27,22:45:00,,152,Niger,24404278,1194,0.0,69,0.0,1107,0.0,18,,49,3.0,21905,898
2020-09-28,22:00:00,,152,Niger,24406687,1196,2.0,69,0.0,1107,0.0,20,,49,3.0,22022,902
2020-09-29,21:35:00,,152,Niger,24409095,1196,0.0,69,0.0,1110,3.0,17,,49,3.0,24769,1015
2020-09-30,22:00:00,,152,Niger,24411504,1196,0.0,69,0.0,1110,0.0,17,,49,3.0,25024,1025
2020-10-01,21:31:00,,152,Niger,24413913,1197,1.0,69,0.0,1114,4.0,14,,49,3.0,25024,1025
2020-10-02,22:36:00,,152,Niger,24416322,1197,0.0,69,0.0,1114,0.0,14,,49,3.0,25447,1042
2020-10-03,22:24:00,,152,Niger,24418730,1198,1.0,69,0.0,1115,1.0,14,,49,3.0,25579,1048
2020-10-04,21:01:00,,152,Niger,24421139,1200,2.0,69,0.0,1115,0.0,16,,49,3.0,25889,1060
2020-10-05,22:13:00,,152,Niger,24423548,1200,0.0,69,0.0,1115,0.0,16,,49,3.0,26062,1067
2020-10-06,23:01:00,,152,Niger,24425957,1200,0.0,69,0.0,1115,0.0,16,,49,3.0,26229,1074
2020-10-07,23:01:00,,152,Niger,24428365,1200,0.0,69,0.0,1115,0.0,16,,49,3.0,26746,1095
2020-10-08,23:59:00,,152,Niger,24430774,1200,0.0,69,0.0,1122,7.0,9,,49,3.0,26937,1103
2020-10-09,23:00:00,,152,Niger,24433183,1201,1.0,69,0.0,1122,0.0,10,,49,3.0,27129,1110
2020-10-10,23:00:00,,152,Niger,24435591,1201,0.0,69,0.0,1123,1.0,9,9.0,49,3.0,27584,1129
2020-10-12,23:10:00,,152,Niger,24440409,1201,0.0,69,0.0,1123,0.0,9,9.0,49,3.0,28191,1153
2020-10-13,23:01:00,,152,Niger,24442818,1202,1.0,69,0.0,1124,1.0,9,9.0,49,3.0,28347,1160
2020-10-14,23:01:00,,152,Niger,24445226,1203,1.0,69,0.0,1124,0.0,10,9.0,49,3.0,28347,1160
2020-10-15,14:09:00,11:06:00,152,Niger,24447635,1205,2.0,69,0.0,1124,0.0,12,9.0,49,3.0,28347,1159
2020-10-16,22:08:00,19:06:00,152,Niger,24450044,1207,2.0,69,0.0,1124,0.0,14,9.0,49,3.0,30162,1234
2020-10-17,23:01:00,19:58:00,152,Niger,24452453,1209,2.0,69,0.0,1126,2.0,14,9.0,49,3.0,30162,1233
2020-10-18,22:05:00,19:03:00,152,Niger,24454861,1209,0.0,69,0.0,1126,0.0,14,9.0,49,3.0,30663,1254
2020-10-19,22:05:00,18:59:00,152,Niger,24457270,1210,1.0,69,0.0,1126,0.0,15,9.0,49,3.0,30663,1254
2020-10-20,22:05:00,19:04:00,152,Niger,24459679,1211,1.0,69,0.0,1128,2.0,14,9.0,50,3.0,30663,1254
2020-10-21,22:05:00,19:03:00,152,Niger,24462087,1212,1.0,69,0.0,1128,0.0,15,9.0,50,3.0,33958,1388
2020-10-22,22:05:00,19:04:00,152,Niger,24464496,1214,2.0,69,0.0,1128,0.0,17,9.0,50,3.0,34414,1407
2020-10-23,22:05:00,19:02:00,152,Niger,24466905,1215,1.0,69,0.0,1128,0.0,18,9.0,50,3.0,34670,1417
2020-10-24,23:41:00,20:40:00,152,Niger,24469314,1215,0.0,69,0.0,1128,0.0,18,9.0,50,3.0,34823,1423
2020-10-25,23:00:00,20:58:00,152,Niger,24471722,1215,0.0,69,0.0,1128,0.0,18,9.0,50,3.0,35103,1434
2020-10-26,23:00:00,20:56:00,152,Niger,24474131,1215,0.0,69,0.0,1129,1.0,17,9.0,50,3.0,35257,1441
2020-10-27,23:00:00,20:58:00,152,Niger,24476540,1215,0.0,69,0.0,1129,0.0,17,9.0,50,3.0,35257,1440
2020-10-28,23:00:00,20:58:00,152,Niger,24478949,1218,3.0,69,0.0,1132,3.0,17,9.0,50,3.0,36531,1492
2020-10-29,23:00:00,20:57:00,152,Niger,24481357,1219,1.0,69,0.0,1135,3.0,15,9.0,50,3.0,37027,1512
2020-10-30,23:00:00,20:58:00,152,Niger,24483766,1219,0.0,69,0.0,1135,0.0,15,9.0,50,3.0,37027,1512
2020-10-31,23:00:00,20:59:00,152,Niger,24486175,1220,1.0,69,0.0,1137,2.0,14,9.0,50,3.0,37027,1512
2020-11-01,23:00:00,20:59:00,152,Niger,24488583,1220,0.0,69,0.0,1137,0.0,14,9.0,50,3.0,37433,1529
2020-11-02,23:00:00,20:57:00,152,Niger,24490992,1221,1.0,69,0.0,1141,4.0,11,9.0,50,3.0,37564,1534
2020-11-03,23:00:00,20:59:00,152,Niger,24493401,1222,1.0,69,0.0,1141,0.0,12,9.0,50,3.0,37722,1540
2020-11-04,23:00:00,20:57:00,152,Niger,24495810,1225,3.0,69,0.0,1142,1.0,14,9.0,50,3.0,37896,1547
2020-11-05,23:00:00,20:59:00,152,Niger,24498218,1226,1.0,69,0.0,1142,0.0,15,9.0,50,3.0,37896,1547
2020-11-06,23:00:00,20:58:00,152,Niger,24500627,1226,0.0,69,0.0,1142,0.0,15,9.0,50,3.0,37896,1547
2020-11-07,23:00:00,20:57:00,152,Niger,24503036,1230,4.0,69,0.0,1143,1.0,18,9.0,50,3.0,39103,1596
2020-11-08,23:00:00,20:49:00,152,Niger,24505445,1242,12.0,69,0.0,1143,0.0,30,9.0,51,3.0,39430,1609
2020-11-09,23:00:00,20:59:00,152,Niger,24507853,1243,1.0,69,0.0,1144,1.0,30,9.0,51,3.0,39562,1614
2020-11-10,23:00:00,20:59:00,152,Niger,24510262,1246,3.0,69,0.0,1144,0.0,33,9.0,51,3.0,39707,1620
2020-11-11,23:00:00,20:56:00,152,Niger,24512671,1256,10.0,69,0.0,1144,0.0,43,9.0,51,3.0,39707,1620
2020-11-12,23:00:00,20:59:00,152,Niger,24515079,1263,7.0,69,0.0,1144,0.0,50,9.0,52,3.0,40796,1664
2020-11-13,23:00:00,20:58:00,152,Niger,24517488,1282,19.0,69,0.0,1144,0.0,69,9.0,52,3.0,40796,1664
2020-11-14,23:00:00,20:57:00,152,Niger,24519897,1301,19.0,70,1.0,1147,3.0,84,9.0,53,3.0,41475,1691
2020-11-15,23:00:00,20:53:00,152,Niger,24522306,1301,0.0,70,0.0,1147,0.0,84,9.0,53,3.0,41475,1691
2020-11-16,23:00:00,20:59:00,152,Niger,24524714,1316,15.0,70,0.0,1150,3.0,96,9.0,54,3.0,42170,1719
2020-11-17,23:00:00,20:58:00,152,Niger,24527123,1316,0.0,70,0.0,1150,0.0,96,9.0,54,3.0,42170,1719
2020-11-18,23:00:00,20:57:00,152,Niger,24529532,1331,15.0,70,0.0,1151,1.0,110,9.0,54,3.0,42659,1739
2020-11-19,23:00:00,20:59:00,152,Niger,24531941,1331,0.0,70,0.0,1151,0.0,110,9.0,54,3.0,42659,1739
2020-11-20,23:00:00,20:59:00,152,Niger,24534349,1335,4.0,70,0.0,1153,2.0,112,9.0,54,3.0,42659,1739
2020-11-21,23:00:00,20:58:00,152,Niger,24536758,1351,16.0,70,0.0,1158,5.0,123,9.0,55,3.0,43087,1756
2020-11-22,23:00:00,20:59:00,152,Niger,24539167,1351,0.0,70,0.0,1158,0.0,123,9.0,55,3.0,43087,1756
2020-11-23,23:00:00,20:58:00,152,Niger,24541576,1368,17.0,70,0.0,1166,8.0,132,9.0,56,3.0,43488,1772
2020-11-24,23:00:00,20:57:00,152,Niger,24543984,1381,13.0,70,0.0,1166,0.0,145,9.0,56,3.0,43488,1772
2020-11-25,23:00:00,20:58:00,152,Niger,24546393,1406,25.0,70,0.0,1169,3.0,167,9.0,57,3.0,43488,1772
2020-11-26,23:00:00,20:47:00,152,Niger,24548802,1419,13.0,70,0.0,1170,1.0,179,9.0,58,3.0,44383,1808
2020-11-27,23:00:00,20:59:00,152,Niger,24551210,1443,24.0,70,0.0,1182,12.0,191,9.0,59,3.0,44950,1831
2020-11-28,23:00:00,20:46:00,152,Niger,24553619,1472,29.0,70,0.0,1192,10.0,210,9.0,60,3.0,44950,1831
2020-11-29,23:00:00,20:51:00,152,Niger,24556028,1484,12.0,70,0.0,1205,13.0,209,9.0,60,3.0,44950,1831
2020-11-30,23:00:00,20:57:00,152,Niger,24558437,1516,32.0,70,0.0,1207,2.0,239,9.0,62,3.0,44950,1830
2020-12-01,23:00:00,20:55:00,152,Niger,24560845,1548,32.0,72,2.0,1210,3.0,266,9.0,63,3.0,46310,1886
2020-12-02,23:00:00,20:58:00,152,Niger,24563254,1586,38.0,75,3.0,1219,9.0,292,9.0,65,3.0,46310,1885
2020-12-03,23:00:00,20:59:00,152,Niger,24565663,1640,54.0,76,1.0,1227,8.0,337,9.0,67,3.0,47083,1917
2020-12-04,23:00:00,20:57:00,152,Niger,24568072,1682,42.0,76,0.0,1231,4.0,375,9.0,68,3.0,47083,1916
2020-12-05,23:00:00,20:58:00,152,Niger,24570480,1789,107.0,77,1.0,1237,6.0,475,9.0,73,3.0,47907,1950
2020-12-06,23:00:00,20:51:00,152,Niger,24572889,1856,67.0,77,0.0,1237,0.0,542,9.0,76,3.0,47907,1950
2020-12-07,23:00:00,20:57:00,152,Niger,24575298,1894,38.0,78,1.0,1239,2.0,577,9.0,77,3.0,47907,1949
2020-12-08,23:00:00,20:59:00,152,Niger,24577706,1894,0.0,78,0.0,1239,0.0,577,9.0,77,3.0,47907,1949
2020-12-09,23:00:00,20:59:00,152,Niger,24580115,1987,93.0,79,1.0,1239,0.0,669,9.0,81,3.0,47907,1949
2020-12-10,23:00:00,20:59:00,152,Niger,24582524,2078,91.0,79,0.0,1241,2.0,758,9.0,85,3.0,50488,2054
2020-12-11,23:00:00,20:59:00,152,Niger,24584933,2160,82.0,80,1.0,1269,28.0,811,9.0,88,3.0,50488,2054
2020-12-12,23:00:00,20:58:00,152,Niger,24587341,2160,0.0,80,0.0,1269,0.0,811,9.0,88,3.0,50488,2053
2020-12-13,23:00:00,20:59:00,152,Niger,24589750,2258,98.0,80,0.0,1292,23.0,886,9.0,92,3.0,52702,2143
2020-12-14,23:35:00,21:34:00,152,Niger,24592159,2258,0.0,80,0.0,1292,0.0,886,9.0,92,3.0,52702,2143
2020-12-15,23:00:00,20:59:00,152,Niger,24594568,2322,64.0,82,2.0,1294,2.0,946,9.0,94,3.0,53223,2164
2020-12-16,23:00:00,20:58:00,152,Niger,24596976,2361,39.0,82,0.0,1329,35.0,950,9.0,96,3.0,54217,2204
2020-12-17,23:00:00,20:56:00,152,Niger,24599385,2361,0.0,82,0.0,1329,0.0,950,9.0,96,3.0,54217,2204
2020-12-18,23:00:00,20:57:00,152,Niger,24601794,2506,145.0,84,2.0,1373,44.0,1049,9.0,102,3.0,55339,2249
2020-12-19,23:59:00,22:11:00,152,Niger,24604202,2612,106.0,86,2.0,1406,33.0,1120,9.0,106,3.0,55724,2265
2020-12-20,23:00:00,20:54:00,152,Niger,24606611,2612,0.0,86,0.0,1406,0.0,1120,9.0,106,3.0,55724,2265
2020-12-21,23:00:00,20:59:00,152,Niger,24609020,2659,47.0,87,1.0,1418,12.0,1154,9.0,108,4.0,55724,2264
2020-12-22,23:00:00,20:59:00,152,Niger,24611429,2803,144.0,89,2.0,1508,90.0,1206,9.0,114,4.0,57256,2326
2020-12-23,23:00:00,20:58:00,152,Niger,24613837,2803,0.0,89,0.0,1508,0.0,1206,9.0,114,4.0,57256,2326
2020-12-24,23:00:00,20:55:00,152,Niger,24616246,2876,73.0,89,0.0,1578,70.0,1209,9.0,117,4.0,58316,2369
2020-12-25,23:00:00,20:59:00,152,Niger,24618655,2933,57.0,90,1.0,1579,1.0,1264,9.0,119,4.0,59010,2397
2020-12-26,23:00:00,20:59:00,152,Niger,24621064,3057,124.0,94,4.0,1673,94.0,1290,9.0,124,4.0,59753,2427
2020-12-27,23:00:00,20:56:00,152,Niger,24623472,3057,0.0,94,0.0,1673,0.0,1290,9.0,124,4.0,59753,2427
2020-12-28,23:00:00,20:58:00,152,Niger,24625881,3110,53.0,96,2.0,1673,0.0,1341,9.0,126,4.0,59753,2426
2020-12-29,23:00:00,20:54:00,152,Niger,24628290,3159,49.0,99,3.0,1736,63.0,1324,9.0,128,4.0,59753,2426
2020-12-30,23:00:00,20:54:00,152,Niger,24630698,3208,49.0,102,3.0,1767,31.0,1339,9.0,130,4.0,61470,2496
2020-12-31,23:00:00,20:44:00,152,Niger,24633107,3268,60.0,104,2.0,1802,35.0,1362,3.0,133,4.0,61950,2515
2021-01-01,23:00:00,20:54:00,152,Niger,24635516,3323,55.0,104,0.0,1825,23.0,1394,3.0,135,4.0,62421,2534
2021-01-02,23:00:00,20:56:00,152,Niger,24637925,3403,80.0,106,2.0,1828,3.0,1469,3.0,138,4.0,62421,2534
2021-01-03,23:00:00,20:59:00,152,Niger,24640333,3437,34.0,110,4.0,1906,78.0,1421,3.0,139,4.0,62421,2533
2021-01-04,23:00:00,20:57:00,152,Niger,24642742,3465,28.0,110,0.0,1986,80.0,1369,3.0,141,4.0,63573,2580
2021-01-05,23:00:00,20:51:00,152,Niger,24645151,3500,35.0,110,0.0,2061,75.0,1329,3.0,142,4.0,63856,2591
2021-01-06,23:00:00,20:59:00,152,Niger,24647560,3557,57.0,112,2.0,2152,91.0,1293,3.0,144,5.0,64215,2605
2021-01-07,23:00:00,20:59:00,152,Niger,24649968,3706,149.0,119,7.0,2253,101.0,1334,3.0,150,5.0,64778,2628
2021-01-08,23:00:00,20:59:00,152,Niger,24652377,3706,0.0,119,0.0,2253,0.0,1334,3.0,150,5.0,64778,2628
2021-01-09,23:00:00,20:55:00,152,Niger,24654786,3747,41.0,125,6.0,2311,58.0,1311,3.0,152,5.0,64778,2627
2021-01-10,23:32:00,21:29:00,152,Niger,24657194,3819,72.0,126,1.0,2323,12.0,1370,3.0,155,5.0,66067,2679
2021-01-11,23:40:00,21:37:00,152,Niger,24659603,3924,105.0,128,2.0,2404,81.0,1392,3.0,159,5.0,66389,2692
2021-01-12,23:52:00,21:48:00,152,Niger,24662012,3924,0.0,128,0.0,2404,0.0,1392,3.0,159,5.0,66389,2692
2021-01-13,23:58:00,21:57:00,152,Niger,24664421,3969,45.0,135,7.0,2507,103.0,1327,3.0,161,5.0,67052,2719
2021-01-14,21:18:00,19:10:00,152,Niger,24666829,3998,29.0,136,1.0,2631,124.0,1231,3.0,162,6.0,67052,2718
2021-01-14,23:55:00,21:54:00,152,Niger,24666829,3998,0.0,136,0.0,2631,0.0,1231,3.0,162,6.0,67052,2718
