Date,Scrap_time,Update_time_GMT,Country_id,Country,Population,TotalCases,NewCases,TotalDeaths,NewDeaths,TotalRecovered,NewRecovered,ActiveCases,SeriousCritical,Tot_Cases_1Mpop,Deaths_1Mpop,TotalTests,Tests_1Mpop
2020-08-02,20:00:00,,79,North Macedonia,2083366,11054,,497,,6882,,3675,5,5306,239.0,105357,50571
2020-08-08,20:00:00,,79,North Macedonia,2083365,11754,700.0,523,26.0,7622,740.0,3609,3,5642,251.0,113619,54536
2020-08-12,20:00:00,,79,North Macedonia,2083364,12083,329.0,529,6.0,8248,626.0,3306,6,5800,254.0,117475,56387
2020-08-16,20:00:00,,79,North Macedonia,2083363,12653,570.0,539,10.0,9123,875.0,2991,4,6073,259.0,125128,60061
2020-08-17,20:00:00,,79,North Macedonia,2083363,12840,187.0,547,8.0,9174,51.0,3119,4,6163,263.0,126284,60615
2020-08-18,20:00:00,,79,North Macedonia,2083363,12970,130.0,549,2.0,9513,339.0,2908,3,6226,264.0,128938,61889
2020-08-19,20:00:00,,79,North Macedonia,2083362,12970,0.0,549,0.0,9513,0.0,2908,3,6226,264.0,128938,61889
2020-08-20,17:53:00,,79,North Macedonia,2083362,13194,224.0,554,5.0,9752,239.0,2888,4,6333,266.0,132493,63596
2020-08-23,21:09:00,,79,North Macedonia,2083361,13595,401.0,564,10.0,10110,358.0,2921,4,6526,271.0,134318,64472
2020-08-24,17:10:00,,79,North Macedonia,2083361,13673,78.0,568,4.0,10150,40.0,2955,5,6563,273.0,138325,66395
2020-08-25,23:00:00,,79,North Macedonia,2083361,13799,126.0,573,5.0,10210,60.0,3016,7,6623,275.0,140093,67244
2020-08-26,22:59:00,,79,North Macedonia,2083361,13914,115.0,578,5.0,10507,297.0,2829,5,6679,277.0,142158,68235
2020-08-27,23:00:00,,79,North Macedonia,2083360,14004,90.0,585,7.0,10722,215.0,2697,5,6722,281.0,143687,68969
2020-08-28,23:01:00,,79,North Macedonia,2083360,14163,159.0,590,5.0,10933,211.0,2640,3,6798,283.0,145705,69938
2020-08-29,12:29:00,,79,North Macedonia,2083360,14163,0.0,590,0.0,10933,0.0,2640,3,6798,283.0,145705,69938
2020-08-30,23:00:00,,79,North Macedonia,2083360,14330,167.0,600,10.0,11062,129.0,2668,3,6878,288.0,147819,70952
2020-08-31,18:58:00,,79,North Macedonia,2083360,14341,11.0,603,3.0,11157,95.0,2581,1,6884,289.0,148269,71168
2020-09-01,23:00:00,,79,North Macedonia,2083359,14455,114.0,604,1.0,11525,368.0,2326,1,6938,290.0,149934,71967
2020-09-02,23:01:00,,79,North Macedonia,2083359,14600,145.0,606,2.0,11741,216.0,2253,1,7008,291.0,151706,72818
2020-09-03,23:01:00,,79,North Macedonia,2083359,14762,162.0,606,0.0,11965,224.0,2191,2,7086,291.0,153462,73661
2020-09-04,07:01:00,,79,North Macedonia,2083359,14762,0.0,606,0.0,11965,0.0,2191,2,7086,291.0,153462,73661
2020-09-05,23:31:00,,79,North Macedonia,2083358,14998,236.0,614,8.0,12149,184.0,2235,2,7199,295.0,156522,75130
2020-09-06,18:30:00,,79,North Macedonia,2083358,15090,92.0,617,3.0,12235,86.0,2238,2,7243,296.0,157519,75608
2020-09-07,23:39:00,,79,North Macedonia,2083358,15127,37.0,623,6.0,12486,251.0,2018,7,7261,299.0,158003,75841
2020-09-08,22:10:00,,79,North Macedonia,2083358,15226,99.0,631,8.0,12700,214.0,1895,7,7308,303.0,158003,75841
2020-09-09,22:01:00,,79,North Macedonia,2083357,15293,67.0,634,3.0,12754,54.0,1905,4,7341,304.0,160180,76886
2020-09-10,22:01:00,,79,North Macedonia,2083357,15414,121.0,637,3.0,12896,142.0,1881,4,7399,306.0,161590,77562
2020-09-11,22:00:00,,79,North Macedonia,2083357,15555,141.0,642,5.0,12994,98.0,1919,4,7466,308.0,163132,78302
2020-09-12,22:22:00,,79,North Macedonia,2083357,15694,139.0,646,4.0,13128,134.0,1920,6,7533,310.0,164639,79026
2020-09-13,22:01:00,,79,North Macedonia,2083357,15791,97.0,648,2.0,13184,56.0,1959,4,7580,311.0,165892,79627
2020-09-14,22:04:00,,79,North Macedonia,2083356,15827,36.0,652,4.0,13315,131.0,1860,4,7597,313.0,166356,79850
2020-09-15,21:00:00,,79,North Macedonia,2083356,15925,98.0,661,9.0,13418,103.0,1846,2,7644,317.0,167760,80524
2020-09-16,21:01:00,,79,North Macedonia,2083356,16088,163.0,668,7.0,13550,132.0,1870,2,7722,321.0,169481,81350
2020-09-18,20:01:00,,79,North Macedonia,2083355,16417,329.0,683,15.0,13732,182.0,2002,4,7880,328.0,172700,82895
2020-09-19,21:00:00,,79,North Macedonia,2083355,16557,140.0,689,6.0,13792,60.0,2076,4,7947,331.0,174097,83566
2020-09-20,22:31:00,,79,North Macedonia,2083355,16735,178.0,693,4.0,13863,71.0,2179,4,8033,333.0,175465,84222
2020-09-21,21:01:00,,79,North Macedonia,2083355,16780,45.0,700,7.0,13949,86.0,2131,4,8054,336.0,176017,84487
2020-09-22,21:01:00,,79,North Macedonia,2083354,16867,87.0,705,5.0,14084,135.0,2078,3,8096,338.0,177635,85264
2020-09-23,19:58:00,,79,North Macedonia,2083354,17049,182.0,710,5.0,14186,102.0,2153,3,8183,341.0,179404,86113
2020-09-24,21:00:00,,79,North Macedonia,2083354,17200,151.0,712,2.0,14312,126.0,2176,3,8256,342.0,181034,86895
2020-09-25,21:00:00,,79,North Macedonia,2083354,17343,143.0,721,9.0,14422,110.0,2200,3,8325,346.0,182538,87617
2020-09-26,21:00:00,,79,North Macedonia,2083354,17483,140.0,722,1.0,14516,94.0,2245,3,8392,347.0,184097,88366
2020-09-27,22:45:00,,79,North Macedonia,2083353,17629,146.0,725,3.0,14581,65.0,2323,5,8462,348.0,185321,88953
2020-09-28,22:00:00,,79,North Macedonia,2083353,17674,45.0,729,4.0,14642,61.0,2303,5,8483,350.0,185708,89139
2020-09-29,21:35:00,,79,North Macedonia,2083353,17786,112.0,737,8.0,14801,159.0,2248,6,8537,354.0,187080,89798
2020-09-30,22:00:00,,79,North Macedonia,2083353,17977,191.0,739,2.0,14959,158.0,2279,6,8629,355.0,188777,90612
2020-10-01,21:31:00,,79,North Macedonia,2083352,18138,161.0,743,4.0,15068,109.0,2327,5,8706,357.0,190127,91260
2020-10-02,22:36:00,,79,North Macedonia,2083352,18363,225.0,749,6.0,15164,96.0,2450,1,8814,360.0,191821,92073
2020-10-03,22:24:00,,79,North Macedonia,2083352,18602,239.0,753,4.0,15264,100.0,2585,3,8929,361.0,193652,92952
2020-10-04,21:01:00,,79,North Macedonia,2083352,18790,188.0,756,3.0,15341,77.0,2693,3,9019,363.0,195002,93600
2020-10-05,22:13:00,,79,North Macedonia,2083351,18873,83.0,760,4.0,15487,146.0,2626,3,9059,365.0,195541,93859
2020-10-06,23:01:00,,79,North Macedonia,2083351,19096,223.0,768,8.0,15645,158.0,2683,3,9166,369.0,197382,94743
2020-10-07,23:01:00,,79,North Macedonia,2083351,19413,317.0,772,4.0,15749,104.0,2892,3,9318,371.0,199372,95698
2020-10-08,23:59:00,,79,North Macedonia,2083351,19777,364.0,775,3.0,15855,106.0,3147,3,9493,372.0,201512,96725
2020-10-09,23:00:00,,79,North Macedonia,2083350,20163,386.0,781,6.0,16009,154.0,3373,4,9678,375.0,203779,97813
2020-10-10,23:00:00,,79,North Macedonia,2083350,20555,392.0,785,4.0,16099,90.0,3671,4,9866,377.0,203779,97813
2020-10-12,23:10:00,,79,North Macedonia,2083350,21113,558.0,797,12.0,16301,202.0,4015,4,10134,383.0,208669,100160
2020-10-13,23:01:00,,79,North Macedonia,2083350,21193,80.0,800,3.0,16397,96.0,3996,3,10173,384.0,209349,100487
2020-10-14,23:01:00,,79,North Macedonia,2083349,21636,443.0,809,9.0,16591,194.0,4236,3,10385,388.0,211790,101658
2020-10-15,14:09:00,11:06:00,79,North Macedonia,2083349,21636,0.0,809,0.0,16591,0.0,4236,3,10385,388.0,211790,101658
2020-10-16,22:08:00,19:06:00,79,North Macedonia,2083349,22607,971.0,821,12.0,16949,358.0,4837,15,10851,394.0,216541,103939
2020-10-17,23:01:00,19:58:00,79,North Macedonia,2083349,23201,594.0,824,3.0,17111,162.0,5266,15,11136,396.0,219158,105195
2020-10-18,22:05:00,19:03:00,79,North Macedonia,2083348,23628,427.0,834,10.0,17239,128.0,5555,25,11341,400.0,221011,106085
2020-10-19,22:05:00,18:59:00,79,North Macedonia,2083348,23788,160.0,846,12.0,17392,153.0,5550,25,11418,406.0,221782,106455
2020-10-20,22:05:00,19:04:00,79,North Macedonia,2083348,24196,408.0,850,4.0,17673,281.0,5673,25,11614,408.0,223922,107482
2020-10-21,22:05:00,19:03:00,79,North Macedonia,2083348,24836,640.0,862,12.0,17905,232.0,6069,25,11921,414.0,226612,108773
2020-10-22,22:05:00,19:04:00,79,North Macedonia,2083347,25473,637.0,874,12.0,18047,142.0,6552,25,12227,420.0,229246,110037
2020-10-23,22:05:00,19:02:00,79,North Macedonia,2083347,25991,518.0,883,9.0,18247,200.0,6861,25,12476,424.0,231613,111174
2020-10-24,23:41:00,20:40:00,79,North Macedonia,2083347,26394,403.0,897,14.0,18430,183.0,7067,25,12669,431.0,233137,111905
2020-10-25,23:00:00,20:58:00,79,North Macedonia,2083347,26954,560.0,919,22.0,18627,197.0,7408,25,12938,441.0,235038,112817
2020-10-26,23:00:00,20:56:00,79,North Macedonia,2083347,27199,245.0,934,15.0,18948,321.0,7317,25,13055,448.0,235775,113171
2020-10-27,23:00:00,20:58:00,79,North Macedonia,2083346,27827,628.0,949,15.0,19479,531.0,7399,25,13357,456.0,238011,114245
2020-10-28,23:00:00,20:58:00,79,North Macedonia,2083346,28697,870.0,963,14.0,19771,292.0,7963,25,13774,462.0,240658,115515
2020-10-29,23:00:00,20:57:00,79,North Macedonia,2083346,29558,861.0,977,14.0,19994,223.0,8587,25,14188,469.0,243357,116811
2020-10-30,23:00:00,20:58:00,79,North Macedonia,2083346,30488,930.0,982,5.0,20448,454.0,9058,25,14634,471.0,243357,116811
2020-10-31,23:00:00,20:59:00,79,North Macedonia,2083345,31572,1084.0,994,12.0,20731,283.0,9847,25,15154,477.0,249399,119711
2020-11-01,23:00:00,20:59:00,79,North Macedonia,2083345,32436,864.0,1004,10.0,21090,359.0,10342,25,15569,482.0,251848,120886
2020-11-02,23:00:00,20:57:00,79,North Macedonia,2083345,32997,561.0,1025,21.0,21244,154.0,10728,25,15838,492.0,253173,121522
2020-11-03,23:00:00,20:59:00,79,North Macedonia,2083345,32997,0.0,1025,0.0,21244,0.0,10728,25,15838,492.0,253173,121522
2020-11-04,23:00:00,20:57:00,79,North Macedonia,2083344,35097,2100.0,1071,46.0,22024,780.0,12002,25,16846,514.0,259115,124375
2020-11-05,23:00:00,20:59:00,79,North Macedonia,2083344,36372,1275.0,1084,13.0,22526,502.0,12762,25,17458,520.0,262446,125973
2020-11-06,23:00:00,20:58:00,79,North Macedonia,2083344,37499,1127.0,1096,12.0,22835,309.0,13568,25,17999,526.0,265528,127453
2020-11-07,23:00:00,20:57:00,79,North Macedonia,2083344,38782,1283.0,1110,14.0,23011,176.0,14661,25,18615,533.0,268932,129087
2020-11-08,23:00:00,20:49:00,79,North Macedonia,2083343,39760,978.0,1136,26.0,23035,24.0,15589,25,19085,545.0,271599,130367
2020-11-09,23:00:00,20:59:00,79,North Macedonia,2083343,40275,515.0,1156,20.0,24229,1194.0,14890,138,19332,555.0,272892,130988
2020-11-10,23:00:00,20:59:00,79,North Macedonia,2083343,41222,947.0,1186,30.0,24920,691.0,15116,138,19786,569.0,275934,132448
2020-11-11,23:00:00,20:56:00,79,North Macedonia,2083343,41222,0.0,1186,0.0,24920,0.0,15116,138,19786,569.0,275934,132448
2020-11-12,23:00:00,20:59:00,79,North Macedonia,2083343,43835,2613.0,1238,52.0,25782,862.0,16815,138,21041,594.0,283085,135880
2020-11-13,23:00:00,20:58:00,79,North Macedonia,2083342,44898,1063.0,1263,25.0,26289,507.0,17346,138,21551,606.0,286181,137366
2020-11-14,23:00:00,20:57:00,79,North Macedonia,2083342,46062,1164.0,1281,18.0,26981,692.0,17800,138,22110,615.0,289534,138976
2020-11-15,23:00:00,20:53:00,79,North Macedonia,2083342,47050,988.0,1305,24.0,27364,383.0,18381,138,22584,626.0,292189,140250
2020-11-16,23:00:00,20:59:00,79,North Macedonia,2083342,47636,586.0,1345,40.0,27803,439.0,18488,138,22865,646.0,293872,141058
2020-11-17,23:00:00,20:58:00,79,North Macedonia,2083341,48613,977.0,1376,31.0,28646,843.0,18591,138,23334,660.0,296802,142464
2020-11-18,23:00:00,20:57:00,79,North Macedonia,2083341,50015,1402.0,1397,21.0,29583,937.0,19035,138,24007,671.0,300200,144095
2020-11-19,23:00:00,20:59:00,79,North Macedonia,2083341,51213,1198.0,1423,26.0,30204,621.0,19586,138,24582,683.0,303281,145574
2020-11-20,23:00:00,20:59:00,79,North Macedonia,2083341,52449,1236.0,1462,39.0,30952,748.0,20035,138,25175,702.0,306481,147110
2020-11-21,23:00:00,20:58:00,79,North Macedonia,2083340,53631,1182.0,1487,25.0,31659,707.0,20485,138,25743,714.0,309590,148603
2020-11-22,23:00:00,20:59:00,79,North Macedonia,2083340,54743,1112.0,1511,24.0,32366,707.0,20866,138,26277,725.0,312143,149828
2020-11-23,23:00:00,20:58:00,79,North Macedonia,2083340,55127,384.0,1546,35.0,32894,528.0,20687,138,26461,742.0,313519,150489
2020-11-24,23:00:00,20:57:00,79,North Macedonia,2083340,56164,1037.0,1561,15.0,33892,998.0,20711,138,26959,749.0,316662,151997
2020-11-25,23:00:00,20:58:00,79,North Macedonia,2083340,57451,1287.0,1600,39.0,34970,1078.0,20881,138,27576,768.0,320011,153605
2020-11-26,23:00:00,20:47:00,79,North Macedonia,2083339,58608,1157.0,1630,30.0,36064,1094.0,20914,138,28132,782.0,322875,154980
2020-11-27,23:00:00,20:59:00,79,North Macedonia,2083339,58608,0.0,1630,0.0,36064,0.0,20914,138,28132,782.0,322875,154980
2020-11-28,23:00:00,20:46:00,79,North Macedonia,2083339,59701,1093.0,1658,28.0,36825,761.0,21218,138,28656,796.0,325959,156460
2020-11-29,23:00:00,20:51:00,79,North Macedonia,2083339,61543,1842.0,1731,73.0,38400,1575.0,21412,138,29541,831.0,331105,158930
2020-11-30,23:00:00,20:57:00,79,North Macedonia,2083338,61543,0.0,1731,0.0,38400,0.0,21412,138,29541,831.0,331105,158930
2020-12-01,23:00:00,20:55:00,79,North Macedonia,2083338,62945,1402.0,1792,61.0,40188,1788.0,20965,138,30214,860.0,335298,160943
2020-12-02,23:00:00,20:58:00,79,North Macedonia,2083338,63890,945.0,1825,33.0,40977,789.0,21088,138,30667,876.0,337862,162173
2020-12-03,23:00:00,20:59:00,79,North Macedonia,2083338,65231,1341.0,1847,22.0,41656,679.0,21728,138,31311,887.0,341261,163805
2020-12-04,23:00:00,20:57:00,79,North Macedonia,2083337,65231,0.0,1847,0.0,41656,0.0,21728,138,31311,887.0,341261,163805
2020-12-05,23:00:00,20:58:00,79,North Macedonia,2083337,67311,2080.0,1901,54.0,42872,1216.0,22538,138,32309,912.0,347080,166598
2020-12-06,23:00:00,20:51:00,79,North Macedonia,2083337,67968,657.0,1924,23.0,43646,774.0,22398,138,32625,924.0,348795,167421
2020-12-07,23:00:00,20:57:00,79,North Macedonia,2083337,68332,364.0,1949,25.0,44705,1059.0,21678,138,32799,936.0,349742,167876
2020-12-08,23:00:00,20:59:00,79,North Macedonia,2083337,69452,1120.0,1977,28.0,45621,916.0,21854,138,33337,949.0,352735,169313
2020-12-09,23:00:00,20:59:00,79,North Macedonia,2083336,69954,502.0,2023,46.0,46352,731.0,21579,138,33578,971.0,354205,170018
2020-12-10,23:00:00,20:59:00,79,North Macedonia,2083336,70883,929.0,2051,28.0,47364,1012.0,21468,138,34024,984.0,357102,171409
2020-12-11,23:00:00,20:59:00,79,North Macedonia,2083336,72044,1161.0,2077,26.0,48170,806.0,21797,138,34581,997.0,360216,172903
2020-12-12,23:00:00,20:58:00,79,North Macedonia,2083336,73025,981.0,2096,19.0,48726,556.0,22203,138,35052,1006.0,363021,174250
2020-12-13,23:00:00,20:59:00,79,North Macedonia,2083335,73638,613.0,2121,25.0,49414,688.0,22103,138,35346,1018.0,364858,175132
2020-12-14,23:35:00,21:34:00,79,North Macedonia,2083335,73851,213.0,2147,26.0,50046,632.0,21658,138,35448,1031.0,365599,175487
2020-12-15,23:00:00,20:59:00,79,North Macedonia,2083335,74732,881.0,2169,22.0,50852,806.0,21711,138,35871,1041.0,368502,176881
2020-12-16,23:00:00,20:58:00,79,North Macedonia,2083335,75597,865.0,2194,25.0,51493,641.0,21910,138,36287,1053.0,371391,178268
2020-12-17,23:00:00,20:56:00,79,North Macedonia,2083334,76251,654.0,2225,31.0,52413,920.0,21613,138,36600,1068.0,373738,179394
2020-12-18,23:00:00,20:57:00,79,North Macedonia,2083334,77134,883.0,2254,29.0,52949,536.0,21931,138,37024,1082.0,376565,180751
2020-12-19,23:59:00,22:11:00,79,North Macedonia,2083334,77949,815.0,2274,20.0,53345,396.0,22330,138,37416,1092.0,379229,182030
2020-12-20,23:00:00,20:54:00,79,North Macedonia,2083334,78305,356.0,2292,18.0,54034,689.0,21979,138,37586,1100.0,380616,182696
2020-12-21,23:00:00,20:59:00,79,North Macedonia,2083333,78434,129.0,2314,22.0,55155,1121.0,20965,138,37648,1111.0,381207,182979
2020-12-22,23:00:00,20:59:00,79,North Macedonia,2083333,79190,756.0,2340,26.0,56099,944.0,20751,138,38011,1123.0,383769,184209
2020-12-23,23:00:00,20:58:00,79,North Macedonia,2083333,79815,625.0,2354,14.0,56743,644.0,20718,138,38311,1130.0,386279,185414
2020-12-24,23:00:00,20:55:00,79,North Macedonia,2083333,80407,592.0,2375,21.0,57434,691.0,20598,138,38595,1140.0,388485,186473
2020-12-25,23:00:00,20:59:00,79,North Macedonia,2083333,80407,0.0,2375,0.0,57434,0.0,20598,138,38595,1140.0,388485,186473
2020-12-26,23:00:00,20:59:00,79,North Macedonia,2083332,81425,1018.0,2427,52.0,58720,1286.0,20278,138,39084,1165.0,392376,188341
