scrap_date,scrap_time,update_time_GMT,Country_id,Country,Population,TotalCases,NewCases,TotalDeaths,NewDeaths,TotalRecovered,NewRecovered,ActiveCases,SeriousCritical,Tot_Cases_1Mpop,Deaths_1Mpop,TotalTests,Tests_1Mpop
2020-08-02,20:00:00,,86,Norway,5424892,9263,,255,,8752,,256,1.0,1707,47.0,445946,82204
2020-08-08,20:00:00,,86,Norway,5425586,9568,305.0,256,1.0,8857,105.0,455,2.0,1763,47.0,479789,88431
2020-08-12,20:00:00,,86,Norway,5426049,9751,183.0,256,0.0,8857,0.0,638,2.0,1797,47.0,499866,92123
2020-08-16,20:00:00,,86,Norway,5426512,9965,214.0,261,5.0,8857,0.0,847,2.0,1836,48.0,530446,97751
2020-08-17,20:00:00,,86,Norway,5426627,10035,70.0,261,0.0,8857,0.0,917,1.0,1849,48.0,556653,102578
2020-08-18,20:00:00,,86,Norway,5426743,10089,54.0,262,1.0,8857,0.0,970,1.0,1859,48.0,556653,102576
2020-08-19,20:00:00,,86,Norway,5426859,10111,22.0,262,0.0,8857,0.0,992,1.0,1863,48.0,564549,104029
2020-08-20,17:53:00,,86,Norway,5426974,10190,79.0,264,2.0,8857,0.0,1069,1.0,1878,49.0,588550,108449
2020-08-23,21:09:00,,86,Norway,5427321,10299,109.0,264,0.0,9150,293.0,885,,1898,49.0,601569,110841
2020-08-24,17:10:00,,86,Norway,5427437,10323,24.0,264,0.0,9150,0.0,909,1.0,1902,49.0,601569,110839
2020-08-25,23:00:00,,86,Norway,5427553,10426,103.0,264,0.0,9150,0.0,1012,1.0,1921,49.0,640575,118023
2020-08-26,22:59:00,,86,Norway,5427668,10486,60.0,264,0.0,9150,0.0,1072,1.0,1932,49.0,653756,120449
2020-08-27,23:00:00,,86,Norway,5427784,10524,38.0,264,0.0,9348,198.0,912,1.0,1939,49.0,669717,123387
2020-08-28,23:01:00,,86,Norway,5427900,10565,41.0,264,0.0,9348,0.0,953,1.0,1946,49.0,686202,126421
2020-08-29,12:29:00,,86,Norway,5428015,10582,17.0,264,0.0,9348,0.0,970,1.0,1950,49.0,686202,126419
2020-08-30,23:00:00,,86,Norway,5428131,10631,49.0,264,0.0,9348,0.0,1019,1.0,1959,49.0,686202,126416
2020-08-31,18:58:00,,86,Norway,5428247,10746,115.0,264,0.0,9348,0.0,1134,1.0,1980,49.0,686202,126413
2020-09-01,23:00:00,,86,Norway,5428362,10840,94.0,264,0.0,9348,0.0,1228,1.0,1997,49.0,686202,126411
2020-09-02,23:01:00,,86,Norway,5428478,10951,111.0,264,0.0,9348,0.0,1339,1.0,2017,49.0,745279,137291
2020-09-03,23:01:00,,86,Norway,5428594,11065,114.0,264,0.0,9348,0.0,1453,1.0,2038,49.0,745279,137288
2020-09-04,07:01:00,,86,Norway,5428709,11120,55.0,264,0.0,9348,0.0,1508,1.0,2048,49.0,747479,137690
2020-09-05,23:31:00,,86,Norway,5428825,11254,134.0,264,0.0,9348,0.0,1642,1.0,2073,49.0,777459,143209
2020-09-06,18:30:00,,86,Norway,5428941,11330,76.0,264,0.0,9348,0.0,1718,1.0,2087,49.0,777459,143206
2020-09-07,23:39:00,,86,Norway,5429056,11462,132.0,264,0.0,9348,0.0,1850,1.0,2111,49.0,777459,143203
2020-09-08,22:10:00,,86,Norway,5429172,11560,98.0,264,0.0,9348,0.0,1948,1.0,2129,49.0,816866,150459
2020-09-09,22:01:00,,86,Norway,5429288,11685,125.0,264,0.0,9348,0.0,2073,1.0,2152,49.0,831064,153071
2020-09-10,22:01:00,,86,Norway,5429403,11801,116.0,265,1.0,9348,0.0,2188,1.0,2174,49.0,831064,153067
2020-09-11,22:00:00,,86,Norway,5429519,11924,123.0,265,0.0,10371,1023.0,1288,1.0,2196,49.0,860155,158422
2020-09-12,22:22:00,,86,Norway,5429635,12050,126.0,265,0.0,10371,0.0,1414,1.0,2219,49.0,860155,158419
2020-09-13,22:01:00,,86,Norway,5429750,12123,73.0,265,0.0,10371,0.0,1487,1.0,2233,49.0,860155,158415
2020-09-14,22:04:00,,86,Norway,5429866,12219,96.0,265,0.0,10371,0.0,1583,1.0,2250,49.0,889122,163747
2020-09-15,21:00:00,,86,Norway,5429982,12330,111.0,265,0.0,10371,0.0,1694,1.0,2271,49.0,898092,165395
2020-09-16,21:01:00,,86,Norway,5430097,12431,101.0,265,0.0,10371,0.0,1795,1.0,2289,49.0,913283,168189
2020-09-18,20:01:00,,86,Norway,5430329,12644,213.0,266,1.0,10371,0.0,2007,2.0,2328,49.0,928024,170896
2020-09-19,21:00:00,,86,Norway,5430444,12820,176.0,267,1.0,10371,0.0,2182,2.0,2361,49.0,940722,173231
2020-09-20,22:31:00,,86,Norway,5430560,12883,63.0,267,0.0,10371,0.0,2245,2.0,2372,49.0,940722,173227
2020-09-21,21:01:00,,86,Norway,5430676,12954,71.0,267,0.0,10371,0.0,2316,2.0,2385,49.0,940722,173224
2020-09-22,21:01:00,,86,Norway,5430791,13075,121.0,267,0.0,10371,0.0,2437,2.0,2408,49.0,940722,173220
2020-09-23,19:58:00,,86,Norway,5430907,13210,135.0,267,0.0,10371,0.0,2572,2.0,2432,49.0,985249,181415
2020-09-24,21:00:00,,86,Norway,5431023,13347,137.0,270,3.0,10371,0.0,2706,2.0,2458,50.0,999528,184040
2020-09-25,21:00:00,,86,Norway,5431138,13478,131.0,270,0.0,10371,0.0,2837,2.0,2482,50.0,999528,184037
2020-09-26,21:00:00,,86,Norway,5431254,13589,111.0,270,0.0,11190,819.0,2129,2.0,2502,50.0,1011121,186167
2020-09-27,22:45:00,,86,Norway,5431370,13660,71.0,270,0.0,11190,0.0,2200,2.0,2515,50.0,1011121,186163
2020-09-28,22:00:00,,86,Norway,5431485,13741,81.0,274,4.0,11190,0.0,2277,3.0,2530,50.0,1034670,190495
2020-09-29,21:35:00,,86,Norway,5431601,13861,120.0,274,0.0,11190,0.0,2397,4.0,2552,50.0,1041470,191743
2020-09-30,22:00:00,,86,Norway,5431717,13961,100.0,274,0.0,11190,0.0,2497,3.0,2570,50.0,1053346,193925
2020-10-01,21:31:00,,86,Norway,5431832,14085,124.0,274,0.0,11190,0.0,2621,3.0,2593,50.0,1065340,196129
2020-10-02,22:36:00,,86,Norway,5431948,14149,64.0,274,0.0,11190,0.0,2685,3.0,2605,50.0,1065340,196125
2020-10-03,22:24:00,,86,Norway,5432064,14328,179.0,275,1.0,11190,0.0,2863,3.0,2638,51.0,1075807,198048
2020-10-04,21:01:00,,86,Norway,5432179,14421,93.0,275,0.0,11190,0.0,2956,3.0,2655,51.0,1075807,198043
2020-10-05,22:13:00,,86,Norway,5432295,14527,106.0,275,0.0,11190,0.0,3062,3.0,2674,51.0,1075807,198039
2020-10-06,23:01:00,,86,Norway,5432411,14669,142.0,275,0.0,11190,0.0,3204,4.0,2700,51.0,1107929,203948
2020-10-07,23:01:00,,86,Norway,5432526,14895,226.0,275,0.0,11863,673.0,2757,3.0,2742,51.0,1119418,206058
2020-10-08,23:59:00,,86,Norway,5432642,15097,202.0,275,0.0,11863,0.0,2959,4.0,2779,51.0,1130499,208094
2020-10-09,23:00:00,,86,Norway,5432758,15294,197.0,275,0.0,11863,0.0,3156,3.0,2815,51.0,1140084,209854
2020-10-10,23:00:00,,86,Norway,5432873,15452,158.0,275,0.0,11863,0.0,3314,3.0,2844,51.0,1140084,209849
2020-10-12,23:10:00,,86,Norway,5433105,15585,133.0,276,1.0,11863,0.0,3446,5.0,2869,51.0,1158338,213200
2020-10-13,23:01:00,,86,Norway,5433220,15730,145.0,277,1.0,11863,0.0,3590,5.0,2895,51.0,1165444,214503
2020-10-14,23:01:00,,86,Norway,5433336,15888,158.0,277,0.0,11863,0.0,3748,3.0,2924,51.0,1177478,216714
2020-10-15,14:09:00,11:06:00,86,Norway,5433452,15953,65.0,277,0.0,11863,0.0,3813,3.0,2936,51.0,1177478,216709
2020-10-16,22:08:00,19:06:00,86,Norway,5433567,16201,248.0,278,1.0,11863,0.0,4060,5.0,2982,51.0,1198048,220490
2020-10-17,23:01:00,19:58:00,86,Norway,5433683,16349,148.0,278,0.0,11863,0.0,4208,5.0,3009,51.0,1198048,220485
2020-10-18,22:05:00,19:03:00,86,Norway,5433799,16429,80.0,278,0.0,11863,0.0,4288,5.0,3023,51.0,1198048,220481
2020-10-19,22:05:00,18:59:00,86,Norway,5433914,16539,110.0,278,0.0,11863,0.0,4398,6.0,3044,51.0,1495288,275177
2020-10-20,22:05:00,19:04:00,86,Norway,5434030,16679,140.0,278,0.0,11863,0.0,4538,6.0,3069,51.0,1495288,275171
2020-10-21,22:05:00,19:03:00,86,Norway,5434146,16880,201.0,279,1.0,11863,0.0,4738,6.0,3106,51.0,1511819,278207
2020-10-22,22:05:00,19:04:00,86,Norway,5434261,17125,245.0,279,0.0,11863,0.0,4983,6.0,3151,51.0,1528498,281271
2020-10-23,22:05:00,19:02:00,86,Norway,5434377,17405,280.0,279,0.0,11863,0.0,5263,6.0,3203,51.0,1528498,281265
2020-10-24,23:41:00,20:40:00,86,Norway,5434493,17670,265.0,279,0.0,11863,0.0,5528,6.0,3251,51.0,1528498,281259
2020-10-25,23:00:00,20:58:00,86,Norway,5434608,17843,173.0,279,0.0,11863,0.0,5701,6.0,3283,51.0,1528498,281253
2020-10-26,23:00:00,20:56:00,86,Norway,5434724,18110,267.0,279,0.0,11863,0.0,5968,7.0,3332,51.0,1580349,290787
2020-10-27,23:00:00,20:58:00,86,Norway,5434840,18483,373.0,279,0.0,11863,0.0,6341,7.0,3401,51.0,1580349,290781
2020-10-28,23:00:00,20:58:00,86,Norway,5434955,18920,437.0,280,1.0,11863,0.0,6777,8.0,3481,52.0,1580349,290775
2020-10-29,23:00:00,20:57:00,86,Norway,5435071,19355,435.0,281,1.0,11863,0.0,7211,8.0,3561,52.0,1580349,290769
2020-10-29,23:00:00,20:57:00,86,Norway,5435071,19355,,281,,11863,,7211,8.0,3561,52.0,1580349,290769
2020-10-30,23:00:00,20:58:00,86,Norway,5435187,19861,506.0,282,1.0,11863,0.0,7716,10.0,3654,52.0,1580349,290763
2020-10-30,23:00:00,20:58:00,86,Norway,5435187,19861,,282,,11863,,7716,10.0,3654,52.0,1580349,290763
2020-10-31,23:00:00,20:59:00,86,Norway,5435302,20214,353.0,282,0.0,11863,0.0,8069,10.0,3719,52.0,1580349,290756
2020-10-31,23:00:00,20:59:00,86,Norway,5435302,20214,,282,,11863,,8069,10.0,3719,52.0,1580349,290756
