scrap_date,scrap_time,update_time_GMT,Country_id,Country,Population,TotalCases,NewCases,TotalDeaths,NewDeaths,TotalRecovered,NewRecovered,ActiveCases,SeriousCritical,Tot_Cases_1Mpop,Deaths_1Mpop,TotalTests,Tests_1Mpop
2020-08-02,20:00:00,,16,Pakistan,221237160,279698,,5976,,248577,,25145,1064,1264,27.0,2010170,9086
2020-08-08,20:00:00,,16,Pakistan,221307590,283487,3789.0,6068,92.0,259604,11027.0,17815,801,1281,27.0,2103699,9506
2020-08-12,20:00:00,,16,Pakistan,221354543,285921,2434.0,6129,61.0,263193,3589.0,16599,785,1292,28.0,2186442,9878
2020-08-16,20:00:00,,16,Pakistan,221401496,288717,2796.0,6168,39.0,266301,3108.0,16248,769,1304,28.0,2277153,10285
2020-08-17,20:00:00,,16,Pakistan,221413234,289215,498.0,6175,7.0,269087,2786.0,13953,771,1306,28.0,2299601,10386
2020-08-18,20:00:00,,16,Pakistan,221424972,289832,617.0,6190,15.0,270009,922.0,13633,759,1309,28.0,2317213,10465
2020-08-19,20:00:00,,16,Pakistan,221436711,290445,613.0,6201,11.0,272128,2119.0,12116,743,1312,28.0,2340072,10568
2020-08-20,17:53:00,,16,Pakistan,221448449,290958,513.0,6209,8.0,272804,676.0,11945,725,1314,28.0,2363752,10674
2020-08-23,21:09:00,,16,Pakistan,221483664,292765,1807.0,6235,26.0,275836,3032.0,10694,696,1322,28.0,2439858,11016
2020-08-24,17:10:00,,16,Pakistan,221495402,293261,496.0,6244,9.0,276829,993.0,10188,686,1324,28.0,2463513,11122
2020-08-25,23:00:00,,16,Pakistan,221507141,293711,450.0,6255,11.0,278425,1596.0,9031,672,1326,28.0,2487744,11231
2020-08-26,22:59:00,,16,Pakistan,221518879,294193,482.0,6267,12.0,278939,514.0,8987,669,1328,28.0,2512337,11341
2020-08-27,23:00:00,,16,Pakistan,221530617,294638,445.0,6274,7.0,279561,622.0,8803,641,1330,28.0,2535778,11447
2020-08-28,23:01:00,,16,Pakistan,221542355,295053,415.0,6283,9.0,279937,376.0,8833,644,1332,28.0,2559261,11552
2020-08-29,12:29:00,,16,Pakistan,221554094,295372,319.0,6284,1.0,280340,403.0,8748,642,1333,28.0,2581695,11653
2020-08-30,23:00:00,,16,Pakistan,221565832,295636,264.0,6288,4.0,280547,207.0,8801,601,1334,28.0,2603129,11749
2020-08-31,18:58:00,,16,Pakistan,221577570,295849,213.0,6294,6.0,280682,135.0,8873,604,1335,28.0,2621146,11829
2020-09-01,23:00:00,,16,Pakistan,221589309,296149,300.0,6298,4.0,280970,288.0,8881,589,1336,28.0,2642028,11923
2020-09-02,23:01:00,,16,Pakistan,221601047,296590,441.0,6318,20.0,281459,489.0,8813,584,1338,29.0,2662508,12015
2020-09-03,23:01:00,,16,Pakistan,221612785,297014,424.0,6328,10.0,281925,466.0,8761,585,1340,29.0,2684252,12112
2020-09-04,07:01:00,,16,Pakistan,221624524,297512,498.0,6335,7.0,282268,343.0,8909,595,1342,29.0,2707470,12216
2020-09-05,23:31:00,,16,Pakistan,221636262,298025,513.0,6340,5.0,282553,285.0,9132,535,1345,29.0,2732325,12328
2020-09-06,18:30:00,,16,Pakistan,221648000,298509,484.0,6342,2.0,285898,3345.0,6269,532,1347,29.0,2757709,12442
2020-09-07,23:39:00,,16,Pakistan,221659738,298903,394.0,6345,3.0,286016,118.0,6542,534,1348,29.0,2778689,12536
2020-09-08,22:10:00,,16,Pakistan,221671477,299233,330.0,6350,5.0,286157,141.0,6726,606,1350,29.0,2802210,12641
2020-09-09,22:01:00,,16,Pakistan,221683215,299659,426.0,6359,9.0,286506,349.0,6794,544,1352,29.0,2825040,12744
2020-09-10,22:01:00,,16,Pakistan,221694953,299855,196.0,6365,6.0,287950,1444.0,5540,550,1353,29.0,2850121,12856
2020-09-11,22:00:00,,16,Pakistan,221706692,300371,516.0,6370,5.0,288206,256.0,5795,535,1355,29.0,2879655,12989
2020-09-12,22:22:00,,16,Pakistan,221718430,300955,584.0,6373,3.0,288536,330.0,6046,534,1357,29.0,2908379,13117
2020-09-13,22:01:00,,16,Pakistan,221730168,301481,526.0,6379,6.0,289429,893.0,5673,534,1360,29.0,2939790,13258
2020-09-14,22:04:00,,16,Pakistan,221741906,302020,539.0,6383,4.0,289806,377.0,5831,551,1362,29.0,2968613,13388
2020-09-15,21:00:00,,16,Pakistan,221753645,302424,404.0,6389,6.0,290261,455.0,5774,563,1364,29.0,2995890,13510
2020-09-16,21:01:00,,16,Pakistan,221765383,303089,665.0,6393,4.0,290760,499.0,5936,571,1367,29.0,3024987,13640
2020-09-18,20:01:00,,16,Pakistan,221788860,304386,1297.0,6408,15.0,291683,923.0,6295,579,1372,29.0,3090660,13935
2020-09-19,21:00:00,,16,Pakistan,221800598,305031,645.0,6415,7.0,292044,361.0,6572,562,1375,29.0,3126380,14095
2020-09-20,22:31:00,,16,Pakistan,221812336,305671,640.0,6416,1.0,292303,259.0,6952,562,1378,29.0,3160924,14250
2020-09-21,21:01:00,,16,Pakistan,221824075,306304,633.0,6420,4.0,292869,566.0,7015,556,1381,29.0,3194317,14400
2020-09-22,21:01:00,,16,Pakistan,221835813,306886,582.0,6424,4.0,293159,290.0,7303,570,1383,29.0,3230472,14562
2020-09-23,19:58:00,,16,Pakistan,221847551,307418,532.0,6432,8.0,293916,757.0,7070,558,1386,29.0,3264216,14714
2020-09-24,21:00:00,,16,Pakistan,221859289,308217,799.0,6437,5.0,294392,476.0,7388,548,1389,29.0,3306515,14904
2020-09-25,21:00:00,,16,Pakistan,221871028,309015,798.0,6444,7.0,294740,348.0,7831,544,1393,29.0,3344019,15072
2020-09-26,21:00:00,,16,Pakistan,221882766,309581,566.0,6451,7.0,295333,593.0,7797,576,1395,29.0,3384186,15252
2020-09-27,22:45:00,,16,Pakistan,221894504,310275,694.0,6457,6.0,295613,280.0,8205,584,1398,29.0,3420654,15416
2020-09-28,22:00:00,,16,Pakistan,221906243,310841,566.0,6466,9.0,296022,409.0,8353,451,1401,29.0,3449541,15545
2020-09-29,21:35:00,,16,Pakistan,221917981,311516,675.0,6474,8.0,296340,318.0,8702,419,1404,29.0,3482206,15691
2020-09-30,22:00:00,,16,Pakistan,221929719,312263,747.0,6479,5.0,296881,541.0,8903,467,1407,29.0,3514237,15835
2020-10-01,21:31:00,,16,Pakistan,221941458,312806,543.0,6484,5.0,297497,616.0,8825,490,1409,29.0,3548476,15988
2020-10-02,22:36:00,,16,Pakistan,221953196,313431,625.0,6499,15.0,298055,558.0,8877,480,1412,29.0,3580173,16130
2020-10-03,22:24:00,,16,Pakistan,221964934,313984,553.0,6507,8.0,298593,538.0,8884,511,1415,29.0,3615244,16287
2020-10-04,21:01:00,,16,Pakistan,221976672,314616,632.0,6513,6.0,298968,375.0,9135,513,1417,29.0,3644762,16420
2020-10-05,22:13:00,,16,Pakistan,221988411,315260,644.0,6517,4.0,299836,868.0,8907,515,1420,29.0,3678534,16571
2020-10-06,23:01:00,,16,Pakistan,222000149,315727,467.0,6523,6.0,300616,780.0,8588,516,1422,29.0,3702607,16678
2020-10-07,23:01:00,,16,Pakistan,222011887,316351,624.0,6535,12.0,301288,672.0,8528,499,1425,29.0,3730221,16802
2020-10-08,23:59:00,,16,Pakistan,222023626,316934,583.0,6544,9.0,302375,1087.0,8015,497,1427,29.0,3761389,16941
2020-10-09,23:00:00,,16,Pakistan,222035364,317595,661.0,6552,8.0,302708,333.0,8335,493,1430,30.0,3795287,17093
2020-10-10,23:00:00,,16,Pakistan,222047102,318266,671.0,6558,6.0,303062,354.0,8646,475,1433,30.0,3828952,17244
2020-10-12,23:10:00,,16,Pakistan,222070579,319317,1051.0,6580,22.0,304185,1123.0,8552,491,1438,30.0,3884796,17494
2020-10-13,23:01:00,,16,Pakistan,222082317,319848,531.0,6588,8.0,304609,424.0,8651,516,1440,30.0,3914818,17628
2020-10-14,23:01:00,,16,Pakistan,222094055,320463,615.0,6601,13.0,305080,471.0,8782,518,1443,30.0,3943734,17757
2020-10-15,14:09:00,11:06:00,16,Pakistan,222105794,321218,755.0,6614,13.0,305395,315.0,9209,533,1446,30.0,3975596,17900
2020-10-16,22:08:00,19:06:00,16,Pakistan,222117532,321877,659.0,6621,7.0,305835,440.0,9421,529,1449,30.0,4009497,18051
2020-10-17,23:01:00,19:58:00,16,Pakistan,222129270,322452,575.0,6638,17.0,306640,805.0,9174,567,1452,30.0,4041962,18196
2020-10-18,22:05:00,19:03:00,16,Pakistan,222141009,323019,567.0,6654,16.0,307069,429.0,9296,534,1454,30.0,4074024,18340
2020-10-19,22:05:00,18:59:00,16,Pakistan,222152747,323452,433.0,6659,5.0,307409,340.0,9384,526,1456,30.0,4101115,18461
2020-10-20,22:05:00,19:04:00,16,Pakistan,222164485,324077,625.0,6673,14.0,308020,611.0,9384,544,1459,30.0,4122069,18554
2020-10-21,22:05:00,19:03:00,16,Pakistan,222176223,324744,667.0,6692,19.0,308674,654.0,9378,559,1462,30.0,4148739,18673
2020-10-22,22:05:00,19:04:00,16,Pakistan,222187962,325480,736.0,6702,10.0,309136,462.0,9642,591,1465,30.0,4177270,18801
2020-10-23,22:05:00,19:02:00,16,Pakistan,222199700,326216,736.0,6715,13.0,309646,510.0,9855,586,1468,30.0,4204320,18921
2020-10-24,23:41:00,20:40:00,16,Pakistan,222211438,327063,847.0,6727,12.0,310101,455.0,10235,586,1472,30.0,4235329,19060
2020-10-25,23:00:00,20:58:00,16,Pakistan,222223177,327895,832.0,6736,9.0,310491,390.0,10668,562,1476,30.0,4264053,19188
2020-10-26,23:00:00,20:56:00,16,Pakistan,222234915,328602,707.0,6739,3.0,311075,584.0,10788,559,1479,30.0,4290545,19306
2020-10-27,23:00:00,20:58:00,16,Pakistan,222246653,329375,773.0,6745,6.0,311440,365.0,11190,576,1482,30.0,4317678,19427
2020-10-28,23:00:00,20:58:00,16,Pakistan,222258391,330200,825.0,6759,14.0,311814,374.0,11627,611,1486,30.0,4347155,19559
2020-10-29,23:00:00,20:57:00,16,Pakistan,222270130,331108,908.0,6775,16.0,312638,824.0,11695,624,1490,30.0,4376604,19690
2020-10-30,23:00:00,20:58:00,16,Pakistan,222281868,332186,1078.0,6795,20.0,313527,889.0,11864,632,1494,31.0,4409537,19838
2020-10-31,23:00:00,20:59:00,16,Pakistan,222293606,332993,807.0,6806,11.0,314066,539.0,12121,669,1498,31.0,4431225,19934
2020-11-01,23:00:00,20:59:00,16,Pakistan,222305345,333970,977.0,6823,17.0,314555,489.0,12592,648,1502,31.0,4458890,20058
2020-11-02,23:00:00,20:57:00,16,Pakistan,222317083,335093,1123.0,6835,12.0,315016,461.0,13242,707,1507,31.0,4486843,20182
2020-11-03,23:00:00,20:59:00,16,Pakistan,222328821,336260,1167.0,6849,14.0,315446,430.0,13965,728,1512,31.0,4514827,20307
2020-11-04,23:00:00,20:57:00,16,Pakistan,222340560,337573,1313.0,6867,18.0,316060,614.0,14646,747,1518,31.0,4541392,20425
2020-11-05,23:00:00,20:59:00,16,Pakistan,222352298,338875,1302.0,6893,26.0,316665,605.0,15317,827,1524,31.0,4573768,20570
2020-11-06,23:00:00,20:58:00,16,Pakistan,222364036,340251,1376.0,6923,30.0,317086,421.0,16242,830,1530,31.0,4609513,20730
2020-11-07,23:00:00,20:57:00,16,Pakistan,222375774,341753,1502.0,6943,20.0,317898,812.0,16912,890,1537,31.0,4643913,20883
2020-11-08,23:00:00,20:49:00,16,Pakistan,222387513,343189,1436.0,6968,25.0,318417,519.0,17804,921,1543,31.0,4676263,21028
2020-11-09,23:00:00,20:59:00,16,Pakistan,222399251,344839,1650.0,6977,9.0,318881,464.0,18981,972,1551,31.0,4709603,21176
2020-11-10,23:00:00,20:59:00,16,Pakistan,222410989,346476,1637.0,7000,23.0,319431,550.0,20045,1052,1558,31.0,4741507,21319
2020-11-11,23:00:00,20:56:00,16,Pakistan,222422728,348184,1708.0,7021,21.0,320065,634.0,21098,1109,1565,32.0,4773496,21461
2020-11-12,23:00:00,20:59:00,16,Pakistan,222434466,349992,1808.0,7055,34.0,320849,784.0,22088,1164,1573,32.0,4810182,21625
2020-11-13,23:00:00,20:58:00,16,Pakistan,222446204,352296,2304.0,7092,37.0,321563,714.0,23641,1219,1584,32.0,4847105,21790
2020-11-14,23:00:00,20:57:00,16,Pakistan,222457943,354461,2165.0,7109,17.0,322414,851.0,24938,1316,1593,32.0,4881640,21944
2020-11-15,23:00:00,20:53:00,16,Pakistan,222469681,356904,2443.0,7141,32.0,323225,811.0,26538,1377,1604,32.0,4921050,22120
2020-11-16,23:00:00,20:59:00,16,Pakistan,222481419,359032,2128.0,7160,19.0,323824,599.0,28048,1379,1614,32.0,4950561,22252
2020-11-17,23:00:00,20:58:00,16,Pakistan,222493157,361082,2050.0,7193,33.0,324834,1010.0,29055,1447,1623,32.0,4979939,22382
2020-11-18,23:00:00,20:57:00,16,Pakistan,222504896,363380,2298.0,7230,37.0,325788,954.0,30362,1551,1633,32.0,5018483,22554
2020-11-19,23:00:00,20:59:00,16,Pakistan,222516634,365927,2547.0,7248,18.0,326674,886.0,32005,1535,1644,33.0,5055382,22719
2020-11-20,23:00:00,20:59:00,16,Pakistan,222528372,368665,2738.0,7284,36.0,327542,868.0,33839,1517,1657,33.0,5098291,22911
2020-11-21,23:00:00,20:58:00,16,Pakistan,222540111,371508,2843.0,7603,319.0,328931,1389.0,34974,1613,1669,34.0,5141403,23103
2020-11-22,23:00:00,20:59:00,16,Pakistan,222551849,374173,2665.0,7662,59.0,329828,897.0,36683,1653,1681,34.0,5180026,23276
2020-11-23,23:00:00,20:58:00,16,Pakistan,222563587,376929,2756.0,7696,34.0,330885,1057.0,38348,1677,1694,35.0,5216955,23440
2020-11-24,23:00:00,20:57:00,16,Pakistan,222575325,379883,2954.0,7744,48.0,331760,875.0,40379,1751,1707,35.0,5256120,23615
2020-11-25,23:00:00,20:58:00,16,Pakistan,222587064,382892,3009.0,7803,59.0,332974,1214.0,42115,1867,1720,35.0,5297703,23801
2020-11-26,23:00:00,20:47:00,16,Pakistan,222598802,386198,3306.0,7843,40.0,334392,1418.0,43963,1968,1735,35.0,5343702,24006
2020-11-27,23:00:00,20:59:00,16,Pakistan,222610540,389311,3113.0,7897,54.0,335881,1489.0,45533,2112,1749,35.0,5386916,24199
2020-11-28,23:00:00,20:46:00,16,Pakistan,222622279,392356,3045.0,7942,45.0,337553,1672.0,46861,2172,1762,36.0,5435139,24414
2020-11-29,23:00:00,20:51:00,16,Pakistan,222634017,395185,2829.0,7985,43.0,339810,2257.0,47390,2186,1775,36.0,5475508,24594
2020-11-30,23:00:00,20:57:00,16,Pakistan,222645755,398024,2839.0,8025,40.0,341423,1613.0,48576,2046,1788,36.0,5508810,24742
2020-12-01,23:00:00,20:55:00,16,Pakistan,222657494,400482,2458.0,8091,66.0,343286,1863.0,49105,2165,1799,36.0,5549779,24925
2020-12-02,23:00:00,20:58:00,16,Pakistan,222669232,403311,2829.0,8166,75.0,345365,2079.0,49780,2244,1811,37.0,5584976,25082
2020-12-03,23:00:00,20:59:00,16,Pakistan,222680970,406810,3499.0,8205,39.0,346951,1586.0,51654,2469,1827,37.0,5627539,25272
2020-12-04,23:00:00,20:57:00,16,Pakistan,222692708,410072,3262.0,8260,55.0,350305,3354.0,51507,2395,1841,37.0,5672166,25471
2020-12-05,23:00:00,20:58:00,16,Pakistan,222704447,413191,3119.0,8303,43.0,352529,2224.0,52359,2441,1855,37.0,5713341,25654
2020-12-06,23:00:00,20:51:00,16,Pakistan,222716185,416499,3308.0,8361,58.0,355012,2483.0,53126,2436,1870,38.0,5754986,25840
2020-12-07,23:00:00,20:57:00,16,Pakistan,222727923,420294,3795.0,8398,37.0,356542,1530.0,55354,2539,1887,38.0,5794242,26015
2020-12-08,23:00:00,20:59:00,16,Pakistan,222739662,423179,2885.0,8487,89.0,370474,13932.0,44218,2486,1900,38.0,5827852,26164
2020-12-09,23:00:00,20:59:00,16,Pakistan,222751400,426142,2963.0,8547,60.0,372271,1797.0,45324,2498,1913,38.0,5865944,26334
2020-12-10,23:00:00,20:59:00,16,Pakistan,222763138,429280,3138.0,8603,56.0,374301,2030.0,46376,2575,1927,39.0,5906146,26513
2020-12-11,23:00:00,20:59:00,16,Pakistan,222774877,432327,3047.0,8653,50.0,379092,4791.0,44582,2538,1941,39.0,5948742,26703
2020-12-12,23:00:00,20:58:00,16,Pakistan,222786615,435056,2729.0,8724,71.0,381208,2116.0,45124,2470,1953,39.0,5990168,26887
2020-12-13,23:00:00,20:59:00,16,Pakistan,222798353,438425,3369.0,8796,72.0,383000,1792.0,46629,2471,1968,39.0,6032390,27076
2020-12-14,23:35:00,21:34:00,16,Pakistan,222810091,440787,2362.0,8832,36.0,384719,1719.0,47236,2456,1978,40.0,6064220,27217
