scrap_date,scrap_time,update_time_GMT,Country_id,Country,Population,TotalCases,NewCases,TotalDeaths,NewDeaths,TotalRecovered,NewRecovered,ActiveCases,SeriousCritical,Tot_Cases_1Mpop,Deaths_1Mpop,TotalTests,Tests_1Mpop
2020-08-02,20:00:00,,43,Poland,37842866,46894,,1731,,34709,,10454,76,1239,46.0,2297427,60710
2020-08-08,20:00:00,,43,Poland,37842189,51167,4273.0,1800,69.0,36403,1694.0,12964,72,1352,48.0,2199085,58112
2020-08-12,20:00:00,,43,Poland,37841737,53676,2509.0,1830,30.0,37611,1208.0,14235,76,1418,48.0,2257525,59657
2020-08-16,20:00:00,,43,Poland,37841286,56684,3008.0,1877,47.0,39130,1519.0,15677,81,1498,50.0,2307735,60985
2020-08-17,20:00:00,,43,Poland,37841173,57279,595.0,1885,8.0,39359,229.0,16035,83,1514,50.0,2388864,63129
2020-08-18,20:00:00,,43,Poland,37841061,57876,597.0,1896,11.0,39643,284.0,16337,82,1529,50.0,2409394,63671
2020-08-19,20:00:00,,43,Poland,37840948,58611,735.0,1913,17.0,40099,456.0,16599,83,1549,51.0,2409394,63672
2020-08-20,17:53:00,,43,Poland,37840835,59378,767.0,1925,12.0,40481,382.0,16972,85,1569,51.0,2409394,63672
2020-08-23,21:09:00,,43,Poland,37840496,61762,2384.0,1955,30.0,42183,1702.0,17624,81,1632,52.0,2538761,67091
2020-08-24,17:10:00,,43,Poland,37840384,62310,548.0,1960,5.0,42448,265.0,17902,83,1647,52.0,2555515,67534
2020-08-25,23:00:00,,43,Poland,37840271,63073,763.0,1977,17.0,42784,336.0,18312,76,1667,52.0,2577726,68121
2020-08-26,22:59:00,,43,Poland,37840158,63802,729.0,1994,17.0,43399,615.0,18409,79,1686,53.0,2577726,68121
2020-08-27,23:00:00,,43,Poland,37840045,64689,887.0,2010,16.0,44097,698.0,18582,82,1710,53.0,2577726,68122
2020-08-28,23:01:00,,43,Poland,37839932,65480,791.0,2018,8.0,44785,688.0,18677,89,1730,53.0,2660665,70314
2020-08-29,12:29:00,,43,Poland,37839819,66239,759.0,2032,14.0,45536,751.0,18671,87,1751,54.0,2660665,70314
2020-08-30,23:00:00,,43,Poland,37839707,66870,631.0,2033,1.0,46192,656.0,18645,85,1767,54.0,2701553,71395
2020-08-31,18:58:00,,43,Poland,37839594,67372,502.0,2039,6.0,46638,446.0,18695,83,1780,54.0,2714027,71725
2020-09-01,23:00:00,,43,Poland,37839481,67922,550.0,2058,19.0,47030,392.0,18834,86,1795,54.0,2743434,72502
2020-09-02,23:01:00,,43,Poland,37839368,68517,595.0,2078,20.0,47865,835.0,18574,83,1811,55.0,2777601,73405
2020-09-03,23:01:00,,43,Poland,37839255,69129,612.0,2092,14.0,48593,728.0,18444,81,1827,55.0,2777601,73405
2020-09-04,07:01:00,,43,Poland,37839143,69129,0.0,2092,0.0,48593,0.0,18444,81,1827,55.0,2777601,73405
2020-09-05,23:31:00,,43,Poland,37839030,70387,1258.0,2113,21.0,52346,3753.0,15928,77,1860,56.0,2841344,75090
2020-09-06,18:30:00,,43,Poland,37838917,70824,437.0,2120,7.0,54256,1910.0,14448,79,1872,56.0,2841344,75091
2020-09-07,23:39:00,,43,Poland,37838804,71126,302.0,2124,4.0,55113,857.0,13889,81,1880,56.0,2841344,75091
2020-09-08,22:10:00,,43,Poland,37838691,71526,400.0,2136,12.0,55910,797.0,13480,81,1890,56.0,2841344,75091
2020-09-09,22:01:00,,43,Poland,37838578,71947,421.0,2147,11.0,57135,1225.0,12665,81,1901,57.0,2912411,76969
2020-09-10,22:01:00,,43,Poland,37838466,72453,506.0,2159,12.0,58069,934.0,12225,84,1915,57.0,2912411,76970
2020-09-11,22:00:00,,43,Poland,37838353,73047,594.0,2169,10.0,58848,779.0,12030,82,1931,57.0,2949734,77956
2020-09-12,22:22:00,,43,Poland,37838240,73650,603.0,2182,13.0,59725,877.0,11743,85,1946,58.0,2970888,78515
2020-09-13,22:01:00,,43,Poland,37838127,74152,502.0,2188,6.0,60659,934.0,11305,86,1960,58.0,2970888,78516
2020-09-14,22:04:00,,43,Poland,37838014,74529,377.0,2203,15.0,61097,438.0,11229,87,1970,58.0,2998021,79233
2020-09-15,21:00:00,,43,Poland,37837902,75134,605.0,2227,24.0,61548,451.0,11359,92,1986,59.0,3016740,79728
2020-09-16,21:01:00,,43,Poland,37837789,75734,600.0,2237,10.0,62110,562.0,11387,86,2002,59.0,3038652,80307
2020-09-18,20:01:00,,43,Poland,37837563,77328,1594.0,2270,33.0,63312,1202.0,11746,83,2044,60.0,3081867,81450
2020-09-19,21:00:00,,43,Poland,37837450,78330,1002.0,2282,12.0,63861,549.0,12187,83,2070,60.0,3081867,81450
2020-09-20,22:31:00,,43,Poland,37837337,79240,910.0,2293,11.0,64302,441.0,12645,86,2094,61.0,3120895,82482
2020-09-21,21:01:00,,43,Poland,37837225,79988,748.0,2298,5.0,64604,302.0,13086,83,2114,61.0,3133119,82805
2020-09-22,21:01:00,,43,Poland,37837112,80699,711.0,2316,18.0,64972,368.0,13411,85,2133,61.0,3155718,83403
2020-09-23,19:58:00,,43,Poland,37836999,81673,974.0,2344,28.0,65561,589.0,13768,89,2159,62.0,3177776,83986
2020-09-24,21:00:00,,43,Poland,37836886,82809,1136.0,2369,25.0,66158,597.0,14282,91,2189,63.0,3201501,84613
2020-09-25,21:00:00,,43,Poland,37836773,84396,1587.0,2392,23.0,66740,582.0,15264,96,2231,63.0,3201501,84613
2020-09-26,21:00:00,,43,Poland,37836661,85980,1584.0,2424,32.0,67326,586.0,16230,110,2272,64.0,3201501,84614
2020-09-27,22:45:00,,43,Poland,37836548,87330,1350.0,2432,8.0,67904,578.0,16994,124,2308,64.0,3267844,86367
2020-09-28,22:00:00,,43,Poland,37836435,88636,1306.0,2447,15.0,68420,516.0,17769,130,2343,65.0,3267844,86368
2020-09-29,21:35:00,,43,Poland,37836322,89962,1326.0,2483,36.0,68955,535.0,18524,141,2378,66.0,3267844,86368
2020-09-30,22:00:00,,43,Poland,37836209,91514,1552.0,2513,30.0,69695,740.0,19306,152,2419,66.0,3332451,88076
2020-10-01,21:31:00,,43,Poland,37836096,93481,1967.0,2543,30.0,70401,706.0,20537,159,2471,67.0,3362066,88859
2020-10-02,22:36:00,,43,Poland,37835984,95773,2292.0,2570,27.0,71353,952.0,21850,166,2531,68.0,3390790,89618
2020-10-03,22:24:00,,43,Poland,37835871,98140,2367.0,2604,34.0,72209,856.0,23327,179,2594,69.0,3390790,89618
2020-10-04,21:01:00,,43,Poland,37835758,100074,1934.0,2630,26.0,73003,794.0,24441,191,2645,70.0,3447281,91112
2020-10-05,22:13:00,,43,Poland,37835645,102080,2006.0,2659,29.0,73552,549.0,25869,219,2698,70.0,3465605,91596
2020-10-06,23:01:00,,43,Poland,37835532,104316,2236.0,2717,58.0,74158,606.0,27441,263,2757,72.0,3489641,92232
2020-10-07,23:01:00,,43,Poland,37835420,107319,3003.0,2792,75.0,75346,1188.0,29181,283,2836,74.0,3533697,93397
2020-10-08,23:59:00,,43,Poland,37835307,111599,4280.0,2867,75.0,76490,1144.0,32242,296,2950,76.0,3577810,94563
2020-10-09,23:00:00,,43,Poland,37835194,116338,4739.0,2919,52.0,77875,1385.0,35544,320,3075,77.0,3577810,94563
2020-10-10,23:00:00,,43,Poland,37835081,121638,5300.0,2972,53.0,78982,1107.0,39684,346,3215,79.0,3608622,95378
2020-10-12,23:10:00,,43,Poland,37834855,130210,8572.0,3039,67.0,81201,2219.0,45970,404,3442,80.0,3693108,97611
2020-10-13,23:01:00,,43,Poland,37834743,135278,5068.0,3101,62.0,82004,803.0,50173,421,3575,82.0,3726959,98506
2020-10-14,23:01:00,,43,Poland,37834630,141804,6526.0,3217,116.0,83847,1843.0,54740,467,3748,85.0,3770811,99666
2020-10-15,14:09:00,11:06:00,43,Poland,37834517,149903,8099.0,3308,91.0,85588,1741.0,61007,508,3962,87.0,3835329,101371
2020-10-16,22:08:00,19:06:00,43,Poland,37834404,157608,7705.0,3440,132.0,87773,2185.0,66395,540,4166,91.0,3886154,102715
2020-10-17,23:01:00,19:58:00,43,Poland,37834291,167230,9622.0,3524,84.0,90162,2389.0,73544,604,4420,93.0,3935143,104010
2020-10-18,22:05:00,19:03:00,43,Poland,37834178,175766,8536.0,3573,49.0,92651,2489.0,79542,649,4646,94.0,3972432,104996
2020-10-19,22:05:00,18:59:00,43,Poland,37834066,183248,7482.0,3614,41.0,94014,1363.0,85620,672,4843,96.0,4008471,105949
2020-10-20,22:05:00,19:04:00,43,Poland,37833953,192539,9291.0,3721,107.0,95956,1942.0,92862,725,5089,98.0,4050049,107048
2020-10-21,22:05:00,19:03:00,43,Poland,37833840,202579,10040.0,3851,130.0,98884,2928.0,99844,757,5354,102.0,4109390,108617
2020-10-22,22:05:00,19:04:00,43,Poland,37833727,214686,12107.0,4019,168.0,102204,3320.0,108463,812,5674,106.0,4159590,109944
2020-10-23,22:05:00,19:02:00,43,Poland,37833614,228318,13632.0,4172,153.0,105092,2888.0,119054,851,6035,110.0,4221711,111586
2020-10-24,23:41:00,20:40:00,43,Poland,37833502,241946,13628.0,4351,179.0,109344,4252.0,128251,911,6395,115.0,4277063,113050
2020-10-25,23:00:00,20:58:00,43,Poland,37833389,253688,11742.0,4438,87.0,112619,3275.0,136631,947,6705,117.0,4330602,114465
2020-10-26,23:00:00,20:56:00,43,Poland,37833276,263929,10241.0,4483,45.0,115302,2683.0,144144,999,6976,118.0,4381009,115798
2020-10-27,23:00:00,20:58:00,43,Poland,37833163,280229,16300.0,4615,132.0,119237,3935.0,156377,1078,7407,122.0,4447071,117544
2020-10-28,23:00:00,20:58:00,43,Poland,37833050,299049,18820.0,4849,234.0,123504,4267.0,170696,1150,7904,128.0,4507678,119147
2020-10-29,23:00:00,20:57:00,43,Poland,37832937,319205,20156.0,5149,300.0,129267,5763.0,184789,1203,8437,136.0,4575570,120941
2020-10-30,23:00:00,20:58:00,43,Poland,37832825,340834,21629.0,5351,202.0,134724,5457.0,200759,1254,9009,141.0,4653611,123005
2020-10-31,23:00:00,20:59:00,43,Poland,37832712,362731,21897.0,5631,280.0,140280,5556.0,216820,1305,9588,149.0,4713403,124585
2020-11-01,23:00:00,20:59:00,43,Poland,37832599,379902,17171.0,5783,152.0,146595,6315.0,227524,1371,10042,153.0,4763377,125907
2020-11-02,23:00:00,20:57:00,43,Poland,37832486,395480,15578.0,5875,92.0,154413,7818.0,235192,1453,10453,155.0,4828389,127625
2020-11-03,23:00:00,20:59:00,43,Poland,37832373,414844,19364.0,6102,227.0,159986,5573.0,248756,1550,10965,161.0,4894181,129365
2020-11-04,23:00:00,20:57:00,43,Poland,37832261,439536,24692.0,6475,373.0,168960,8974.0,264101,1625,11618,171.0,4963261,131191
2020-11-05,23:00:00,20:59:00,43,Poland,37832148,466679,27143.0,6842,367.0,177681,8721.0,282156,1615,12336,181.0,5030381,132966
2020-11-06,23:00:00,20:58:00,43,Poland,37832035,493765,27086.0,7287,445.0,188675,10994.0,297803,1703,13052,193.0,5113336,135159
2020-11-07,23:00:00,20:57:00,43,Poland,37831922,521640,27875.0,7636,349.0,200510,11835.0,313494,1813,13788,202.0,5180150,136925
2020-11-08,23:00:00,20:49:00,43,Poland,37831809,546425,24785.0,7872,236.0,209363,8853.0,329190,1841,14444,208.0,5241205,138540
2020-11-09,23:00:00,20:59:00,43,Poland,37831696,568138,21713.0,8045,173.0,219371,10008.0,340722,1804,15018,213.0,5284661,139689
2020-11-10,23:00:00,20:59:00,43,Poland,37831584,593592,25454.0,8375,330.0,230661,11290.0,354556,1898,15690,221.0,5339362,141135
2020-11-11,23:00:00,20:56:00,43,Poland,37831471,618813,25221.0,8805,430.0,242875,12214.0,367133,1975,16357,233.0,5392636,142544
2020-11-12,23:00:00,20:59:00,43,Poland,37831358,641496,22683.0,9080,275.0,254349,11474.0,378067,2008,16957,240.0,5449885,144057
2020-11-13,23:00:00,20:58:00,43,Poland,37831245,665547,24051.0,9499,419.0,267580,13231.0,388468,2047,17593,251.0,5507437,145579
2020-11-14,23:00:00,20:57:00,43,Poland,37831132,691118,25571.0,10045,546.0,282215,14635.0,398858,2126,18268,266.0,5563521,147062
2020-11-15,23:00:00,20:53:00,43,Poland,37831020,712972,21854.0,10348,303.0,294783,12568.0,407841,2114,18846,274.0,5563521,147062
2020-11-16,23:00:00,20:59:00,43,Poland,37830907,733788,20816.0,10491,143.0,306022,11239.0,417275,2103,19397,277.0,5645233,149223
2020-11-17,23:00:00,20:58:00,43,Poland,37830794,752940,19152.0,10848,357.0,324282,18260.0,417810,2114,19903,287.0,5687216,150333
2020-11-18,23:00:00,20:57:00,43,Poland,37830681,772823,19883.0,11451,603.0,342883,18601.0,418489,2117,20428,303.0,5744228,151840
2020-11-19,23:00:00,20:59:00,43,Poland,37830568,796798,23975.0,12088,637.0,361886,19003.0,422824,2080,21062,320.0,5802239,153374
2020-11-20,23:00:00,20:59:00,43,Poland,37830455,819262,22464.0,12714,626.0,381800,19914.0,424748,2135,21656,336.0,5857287,154830
2020-11-21,23:00:00,20:58:00,43,Poland,37830343,843475,24213.0,13288,574.0,407075,25275.0,423112,2125,22296,351.0,5901232,155992
2020-11-22,23:00:00,20:59:00,43,Poland,37830230,861331,17856.0,13618,330.0,423971,16896.0,423742,2126,22768,360.0,5944092,157125
