scrap_date,scrap_time,update_time_GMT,Country_id,Country,Population,TotalCases,NewCases,TotalDeaths,NewDeaths,TotalRecovered,NewRecovered,ActiveCases,SeriousCritical,Tot_Cases_1Mpop,Deaths_1Mpop,TotalTests,Tests_1Mpop
2020-08-02,20:00:00,,25,Qatar,2807805,111107,,177,,107779,,3151,76,39571,63.0,500536,178266
2020-08-08,20:00:00,,25,Qatar,2807805,112650,1543.0,182,5.0,109438,1659.0,3030,78,40120,65.0,516825,184067
2020-08-12,20:00:00,,25,Qatar,2807805,113646,996.0,188,6.0,110324,886.0,3134,77,40475,67.0,529289,188506
2020-08-16,20:00:00,,25,Qatar,2807805,115080,1434.0,193,5.0,111794,1470.0,3093,74,40986,69.0,551273,196336
2020-08-17,20:00:00,,25,Qatar,2807805,115368,288.0,193,0.0,112088,294.0,3087,69,41088,69.0,555970,198009
2020-08-18,20:00:00,,25,Qatar,2807805,115368,0.0,193,0.0,112088,0.0,3087,69,41088,69.0,555970,198009
2020-08-19,20:00:00,,25,Qatar,2807805,115661,293.0,193,0.0,112355,267.0,3113,68,41193,69.0,560990,199797
2020-08-20,17:53:00,,25,Qatar,2807805,116224,563.0,193,0.0,112924,569.0,3107,64,41393,69.0,572273,203815
2020-08-23,21:09:00,,25,Qatar,2807805,117008,784.0,193,0.0,113808,884.0,3007,68,41672,69.0,589920,210100
2020-08-24,17:10:00,,25,Qatar,2807805,117266,258.0,194,1.0,114099,291.0,2973,67,41764,69.0,594215,211630
2020-08-25,23:00:00,,25,Qatar,2807805,117498,232.0,194,0.0,114318,219.0,2986,68,41847,69.0,599447,213493
2020-08-26,22:59:00,,25,Qatar,2807805,117742,244.0,194,0.0,114558,240.0,2990,63,41934,69.0,604112,215155
2020-08-27,23:00:00,,25,Qatar,2807805,117988,246.0,195,1.0,114797,239.0,2996,66,42021,69.0,609258,216987
2020-08-28,23:01:00,,25,Qatar,2807805,118196,208.0,196,1.0,115017,220.0,2983,68,42096,70.0,614354,218802
2020-08-29,12:29:00,,25,Qatar,2807805,118196,0.0,196,0.0,115017,0.0,2983,68,42096,70.0,614354,218802
2020-08-30,23:00:00,,25,Qatar,2807805,118575,379.0,197,1.0,115430,413.0,2948,66,42230,70.0,624609,222455
2020-08-31,18:58:00,,25,Qatar,2807805,118778,203.0,197,0.0,115667,237.0,2914,68,42303,70.0,629831,224314
2020-09-01,23:00:00,,25,Qatar,2807805,118994,216.0,198,1.0,115895,228.0,2901,65,42380,71.0,634745,226064
2020-09-02,23:01:00,,25,Qatar,2807805,119206,212.0,199,1.0,116111,216.0,2896,60,42455,71.0,639742,227844
2020-09-03,23:01:00,,25,Qatar,2807805,119420,214.0,201,2.0,116313,202.0,2906,58,42531,72.0,644904,229683
2020-09-04,07:01:00,,25,Qatar,2807805,119420,0.0,201,0.0,116313,0.0,2906,58,42531,72.0,644904,229683
2020-09-05,23:31:00,,25,Qatar,2807805,119864,444.0,202,1.0,116780,467.0,2882,51,42690,72.0,654973,233269
2020-09-06,18:30:00,,25,Qatar,2807805,120095,231.0,203,1.0,116998,218.0,2894,49,42772,72.0,660008,235062
2020-09-07,23:39:00,,25,Qatar,2807805,120348,253.0,205,2.0,117241,243.0,2902,59,42862,73.0,663648,236358
2020-09-08,22:10:00,,25,Qatar,2807805,120579,231.0,205,0.0,117497,256.0,2877,49,42944,73.0,667936,237885
2020-09-09,22:01:00,,25,Qatar,2807805,120846,267.0,205,0.0,117746,249.0,2895,51,43039,73.0,672099,239368
2020-09-10,22:01:00,,25,Qatar,2807805,121052,206.0,205,0.0,117978,232.0,2869,47,43113,73.0,676170,240818
2020-09-11,22:00:00,,25,Qatar,2807805,121287,235.0,205,0.0,118199,221.0,2883,50,43196,73.0,680633,242408
2020-09-12,22:22:00,,25,Qatar,2807805,121523,236.0,205,0.0,118475,276.0,2843,48,43280,73.0,685839,244262
2020-09-13,22:01:00,,25,Qatar,2807805,121740,217.0,205,0.0,118682,207.0,2853,37,43358,73.0,691031,246111
2020-09-14,22:04:00,,25,Qatar,2807805,121975,235.0,207,2.0,118931,249.0,2837,55,43441,74.0,695427,247676
2020-09-15,21:00:00,,25,Qatar,2807805,122214,239.0,208,1.0,119144,213.0,2862,55,43527,74.0,700414,249453
2020-09-16,21:01:00,,25,Qatar,2807805,122449,235.0,208,0.0,119400,256.0,2841,55,43610,74.0,704982,251079
2020-09-18,20:01:00,,25,Qatar,2807805,122917,468.0,209,1.0,119822,422.0,2886,59,43777,74.0,714183,254356
2020-09-19,21:00:00,,25,Qatar,2807805,123146,229.0,209,0.0,120089,267.0,2848,58,43858,74.0,719057,256092
2020-09-20,22:31:00,,25,Qatar,2807805,123376,230.0,210,1.0,120303,214.0,2863,60,43940,75.0,724077,257880
2020-09-21,21:01:00,,25,Qatar,2807805,123604,228.0,211,1.0,120540,237.0,2853,62,44022,75.0,729545,259828
2020-09-22,21:01:00,,25,Qatar,2807805,123917,313.0,211,0.0,120766,226.0,2940,66,44133,75.0,734141,261464
2020-09-23,19:58:00,,25,Qatar,2807805,124175,258.0,212,1.0,121006,240.0,2957,64,44225,76.0,739091,263227
2020-09-24,21:00:00,,25,Qatar,2807805,124425,250.0,212,0.0,121263,257.0,2950,62,44314,76.0,745130,265378
2020-09-25,21:00:00,,25,Qatar,2807805,124650,225.0,212,0.0,121512,249.0,2926,63,44394,76.0,751104,267506
2020-09-26,21:00:00,,25,Qatar,2807805,124850,200.0,214,2.0,121738,226.0,2898,58,44465,76.0,755365,269023
2020-09-27,22:45:00,,25,Qatar,2807805,125084,234.0,214,0.0,121995,257.0,2875,52,44549,76.0,760267,270769
2020-09-28,22:00:00,,25,Qatar,2807805,125311,227.0,214,0.0,122209,214.0,2888,55,44630,76.0,764925,272428
2020-09-29,21:35:00,,25,Qatar,2807805,125533,222.0,214,0.0,122448,239.0,2871,53,44709,76.0,770213,274311
2020-09-30,22:00:00,,25,Qatar,2807805,125760,227.0,214,0.0,122699,251.0,2847,56,44789,76.0,775914,276342
2020-10-01,21:31:00,,25,Qatar,2807805,125959,199.0,214,0.0,122911,212.0,2834,58,44860,76.0,781128,278199
2020-10-02,22:36:00,,25,Qatar,2807805,126164,205.0,215,1.0,123108,197.0,2841,59,44933,77.0,786224,280014
2020-10-03,22:24:00,,25,Qatar,2807805,126339,175.0,216,1.0,123302,194.0,2821,58,44996,77.0,791424,281866
2020-10-04,21:01:00,,25,Qatar,2807805,126498,159.0,216,0.0,123475,173.0,2807,58,45052,77.0,795768,283413
2020-10-05,22:13:00,,25,Qatar,2807805,126692,194.0,216,0.0,123664,189.0,2812,59,45121,77.0,800519,285105
2020-10-06,23:01:00,,25,Qatar,2807805,126943,251.0,216,0.0,123893,229.0,2834,56,45211,77.0,805365,286831
2020-10-07,23:01:00,,25,Qatar,2807805,127181,238.0,218,2.0,124108,215.0,2855,55,45296,78.0,810027,288491
2020-10-08,23:59:00,,25,Qatar,2807805,127394,213.0,218,0.0,124327,219.0,2849,56,45371,78.0,815021,290270
2020-10-09,23:00:00,,25,Qatar,2807805,127600,206.0,219,1.0,124559,232.0,2822,55,45445,78.0,820368,292174
2020-10-10,23:00:00,,25,Qatar,2807805,127778,178.0,219,0.0,124767,208.0,2792,54,45508,78.0,825511,294006
2020-10-12,23:10:00,,25,Qatar,2807805,128191,413.0,220,1.0,125176,409.0,2795,55,45655,78.0,837486,298271
2020-10-13,23:01:00,,25,Qatar,2807805,128405,214.0,220,0.0,125373,197.0,2812,56,45731,78.0,843565,300436
2020-10-14,23:01:00,,25,Qatar,2807805,128603,198.0,220,0.0,125584,211.0,2799,57,45802,78.0,849738,302634
2020-10-15,14:09:00,11:06:00,25,Qatar,2807805,128603,0.0,220,0.0,125584,0.0,2799,57,45802,78.0,849738,302634
2020-10-16,22:08:00,19:06:00,25,Qatar,2807805,128992,389.0,222,2.0,126006,422.0,2764,54,45941,79.0,861236,306729
2020-10-17,23:01:00,19:58:00,25,Qatar,2807805,129227,235.0,223,1.0,126218,212.0,2786,52,46024,79.0,869857,309800
2020-10-18,22:05:00,19:03:00,25,Qatar,2807805,129431,204.0,224,1.0,126406,188.0,2801,51,46097,80.0,877342,312465
2020-10-19,22:05:00,18:59:00,25,Qatar,2807805,129671,240.0,224,0.0,126650,244.0,2797,49,46182,80.0,886186,315615
2020-10-20,22:05:00,19:04:00,25,Qatar,2807805,129671,0.0,224,0.0,126650,0.0,2797,49,46182,80.0,886186,315615
2020-10-21,22:05:00,19:03:00,25,Qatar,2807805,130210,539.0,225,1.0,127093,443.0,2892,42,46374,80.0,899439,320335
2020-10-22,22:05:00,19:04:00,25,Qatar,2807805,130462,252.0,228,3.0,127328,235.0,2906,38,46464,81.0,908883,323699
2020-10-23,22:05:00,19:02:00,25,Qatar,2807805,130711,249.0,229,1.0,127599,271.0,2883,35,46553,82.0,918548,327141
2020-10-24,23:41:00,20:40:00,25,Qatar,2807805,130965,254.0,229,0.0,127868,269.0,2868,34,46643,82.0,927580,330358
2020-10-25,23:00:00,20:58:00,25,Qatar,2807805,131170,205.0,230,1.0,128099,231.0,2841,33,46716,82.0,934283,332745
2020-10-26,23:00:00,20:56:00,25,Qatar,2807805,131432,262.0,230,0.0,128343,244.0,2859,37,46810,82.0,944018,336212
2020-10-27,23:00:00,20:58:00,25,Qatar,2807805,131689,257.0,230,0.0,128617,274.0,2842,40,46901,82.0,950031,338354
2020-10-28,23:00:00,20:58:00,25,Qatar,2807805,131939,250.0,230,0.0,128884,267.0,2825,38,46990,82.0,960075,341931
2020-10-29,23:00:00,20:57:00,25,Qatar,2807805,132150,211.0,231,1.0,129124,240.0,2795,41,47065,82.0,970119,345508
2020-10-30,23:00:00,20:58:00,25,Qatar,2807805,132343,193.0,232,1.0,129349,225.0,2762,39,47134,83.0,971199,345893
2020-10-31,23:00:00,20:59:00,25,Qatar,2807805,132556,213.0,232,0.0,129583,234.0,2741,36,47210,83.0,975530,347435
2020-11-01,23:00:00,20:59:00,25,Qatar,2807805,132720,164.0,232,0.0,129784,201.0,2704,36,47268,83.0,979011,348675
2020-11-02,23:00:00,20:57:00,25,Qatar,2807805,132917,197.0,232,0.0,129996,212.0,2689,41,47338,83.0,984312,350563
2020-11-03,23:00:00,20:59:00,25,Qatar,2807805,133143,226.0,232,0.0,130202,206.0,2709,38,47419,83.0,989992,352586
2020-11-04,23:00:00,20:57:00,25,Qatar,2807805,133370,227.0,232,0.0,130414,212.0,2724,37,47500,83.0,995459,354533
2020-11-05,23:00:00,20:59:00,25,Qatar,2807805,133619,249.0,232,0.0,130680,266.0,2707,40,47588,83.0,1001488,356680
2020-11-06,23:00:00,20:58:00,25,Qatar,2807805,133811,192.0,232,0.0,130881,201.0,2698,39,47657,83.0,1007050,358661
2020-11-07,23:00:00,20:57:00,25,Qatar,2807805,134013,202.0,232,0.0,131075,194.0,2706,40,47729,83.0,1011047,360084
2020-11-08,23:00:00,20:49:00,25,Qatar,2807805,134203,190.0,232,0.0,131276,201.0,2695,39,47796,83.0,1015828,361787
2020-11-09,23:00:00,20:59:00,25,Qatar,2807805,134433,230.0,232,0.0,131490,214.0,2711,41,47878,83.0,1021116,363671
2020-11-10,23:00:00,20:59:00,25,Qatar,2807805,134663,230.0,233,1.0,131733,243.0,2697,39,47960,83.0,1025505,365234
2020-11-11,23:00:00,20:56:00,25,Qatar,2807805,134887,224.0,233,0.0,131926,193.0,2728,36,48040,83.0,1030640,367063
2020-11-12,23:00:00,20:59:00,25,Qatar,2807805,135132,245.0,234,1.0,132153,227.0,2745,36,48127,83.0,1035940,368950
2020-11-13,23:00:00,20:58:00,25,Qatar,2807805,135367,235.0,234,0.0,132356,203.0,2777,36,48211,83.0,1040710,370649
2020-11-14,23:00:00,20:57:00,25,Qatar,2807805,135570,203.0,234,0.0,132577,221.0,2759,36,48283,83.0,1044873,372132
2020-11-15,23:00:00,20:53:00,25,Qatar,2807805,135785,215.0,234,0.0,132784,207.0,2767,37,48360,83.0,1048828,373540
2020-11-16,23:00:00,20:59:00,25,Qatar,2807805,136028,243.0,235,1.0,133010,226.0,2783,35,48446,84.0,1053841,375326
2020-11-17,23:00:00,20:58:00,25,Qatar,2807805,136222,194.0,235,0.0,133217,207.0,2770,40,48515,84.0,1058418,376956
2020-11-18,23:00:00,20:57:00,25,Qatar,2807805,136441,219.0,235,0.0,133473,256.0,2733,37,48593,84.0,1063055,378607
2020-11-19,23:00:00,20:59:00,25,Qatar,2807805,136649,208.0,235,0.0,133691,218.0,2723,36,48668,84.0,1067758,380282
2020-11-20,23:00:00,20:59:00,25,Qatar,2807805,136888,239.0,235,0.0,133914,223.0,2739,35,48753,84.0,1072110,381832
2020-11-21,23:00:00,20:58:00,25,Qatar,2807805,137062,174.0,235,0.0,134100,186.0,2727,35,48815,84.0,1075890,383178
2020-11-22,23:00:00,20:59:00,25,Qatar,2807805,137229,167.0,236,1.0,134282,182.0,2711,37,48874,84.0,1080568,384844
2020-11-23,23:00:00,20:58:00,25,Qatar,2807805,137415,186.0,236,0.0,134486,204.0,2693,37,48940,84.0,1084762,386338
2020-11-24,23:00:00,20:57:00,25,Qatar,2807805,137642,227.0,236,0.0,134698,212.0,2708,38,49021,84.0,1088913,387816
2020-11-25,23:00:00,20:58:00,25,Qatar,2807805,137851,209.0,237,1.0,134950,252.0,2664,36,49096,84.0,1092622,389137
2020-11-26,23:00:00,20:47:00,25,Qatar,2807805,138066,215.0,237,0.0,135198,248.0,2631,35,49172,84.0,1097377,390831
2020-11-27,23:00:00,20:59:00,25,Qatar,2807805,138250,184.0,237,0.0,135370,172.0,2643,35,49238,84.0,1100989,392117
2020-11-28,23:00:00,20:46:00,25,Qatar,2807805,138477,227.0,237,0.0,135651,281.0,2589,34,49319,84.0,1104866,393498
2020-11-29,23:00:00,20:51:00,25,Qatar,2807805,138648,171.0,237,0.0,135862,211.0,2549,33,49379,84.0,1108078,394642
2020-11-30,23:00:00,20:57:00,25,Qatar,2807805,138833,185.0,237,0.0,136090,228.0,2506,32,49445,84.0,1112430,396192
2020-12-01,23:00:00,20:55:00,25,Qatar,2807805,139001,168.0,238,1.0,136306,216.0,2457,30,49505,85.0,1116081,397492
