Date,Scrap_time,Update_time_GMT,Country_id,Country,Population,TotalCases,NewCases,TotalDeaths,NewDeaths,TotalRecovered,NewRecovered,ActiveCases,SeriousCritical,Tot_Cases_1Mpop,Deaths_1Mpop,TotalTests,Tests_1Mpop
2020-08-02,20:00:00,,38,Romania,19225767,53186,,2413,,27592,,23181,412,2766,126.0,1240273,64511
2020-08-08,20:00:00,,38,Romania,19223675,60623,7437.0,2659,246.0,29872,2280.0,28092,448,3154,138.0,1364759,70994
2020-08-12,20:00:00,,38,Romania,19222280,63762,3139.0,2764,105.0,30585,713.0,30413,485,3317,144.0,1404845,73084
2020-08-16,20:00:00,,38,Romania,19220885,70461,6699.0,2991,227.0,32587,2002.0,34883,479,3666,156.0,1513888,78763
2020-08-17,20:00:00,,38,Romania,19220536,71194,733.0,3029,38.0,32759,172.0,35406,497,3704,158.0,1520750,79121
2020-08-18,20:00:00,,38,Romania,19220188,72208,1014.0,3074,45.0,33135,376.0,35999,479,3757,160.0,1542094,80233
2020-08-19,20:00:00,,38,Romania,19219839,73617,1409.0,3106,32.0,33566,431.0,36945,480,3830,162.0,1566632,81511
2020-08-20,17:53:00,,38,Romania,19219490,74963,1346.0,3154,48.0,34196,630.0,37613,489,3900,164.0,1591015,82781
2020-08-23,21:09:00,,38,Romania,19218444,78505,3542.0,3272,118.0,35287,1091.0,39946,480,4085,170.0,1652644,85993
2020-08-24,17:10:00,,38,Romania,19218095,79330,825.0,3309,37.0,35517,230.0,40504,494,4128,172.0,1659135,86332
2020-08-25,23:00:00,,38,Romania,19217747,80390,1060.0,3367,58.0,35816,299.0,41207,490,4183,175.0,1679614,87399
2020-08-26,22:59:00,,38,Romania,19217398,81646,1256.0,3421,54.0,36286,470.0,41939,502,4249,178.0,1705368,88741
2020-08-27,23:00:00,,38,Romania,19217049,83150,1504.0,3459,38.0,36677,391.0,43014,492,4327,180.0,1730420,90046
2020-08-28,23:01:00,,38,Romania,19216700,84468,1318.0,3507,48.0,37056,379.0,43905,497,4396,182.0,1756920,91427
2020-08-29,12:29:00,,38,Romania,19216352,84468,0.0,3507,0.0,37056,0.0,43905,497,4396,183.0,1756920,91428
2020-08-30,23:00:00,,38,Romania,19216003,86785,2317.0,3578,71.0,37665,609.0,45542,492,4516,186.0,1795633,93445
2020-08-31,18:58:00,,38,Romania,19215654,87540,755.0,3621,43.0,37869,204.0,46050,506,4556,188.0,1802946,93827
2020-09-01,23:00:00,,38,Romania,19215305,88593,1053.0,3681,60.0,38454,585.0,46458,522,4611,192.0,1825272,94991
2020-09-02,23:01:00,,38,Romania,19214957,89891,1298.0,3721,40.0,38701,247.0,47469,519,4678,194.0,1852088,96388
2020-09-03,23:01:00,,38,Romania,19214608,91256,1365.0,3765,44.0,39275,574.0,48216,503,4749,196.0,1876063,97637
2020-09-04,07:01:00,,38,Romania,19214259,91256,0.0,3765,0.0,39275,0.0,48216,503,4749,196.0,1876063,97639
2020-09-05,23:31:00,,38,Romania,19213911,93864,2608.0,3850,85.0,40028,753.0,49986,476,4885,200.0,1923620,100116
2020-09-06,18:30:00,,38,Romania,19213562,95014,1150.0,3893,43.0,40307,279.0,50814,474,4945,203.0,1938491,100892
2020-09-07,23:39:00,,38,Romania,19213213,95897,883.0,3926,33.0,40454,147.0,51517,465,4991,204.0,1945738,101271
2020-09-08,22:10:00,,38,Romania,19212864,97033,1136.0,3967,41.0,40838,384.0,52228,460,5050,206.0,1966290,102342
2020-09-09,22:01:00,,38,Romania,19212516,98304,1271.0,4018,51.0,41002,164.0,53284,459,5117,209.0,1990587,103609
2020-09-10,22:01:00,,38,Romania,19212167,99684,1380.0,4065,47.0,41010,8.0,54609,459,5189,212.0,2015772,104922
2020-09-11,22:00:00,,38,Romania,19211818,101075,1391.0,4100,35.0,41010,0.0,55965,478,5261,213.0,2041921,106285
2020-09-12,22:22:00,,38,Romania,19211470,102386,1311.0,4127,27.0,42811,1801.0,55448,467,5329,215.0,2066860,107585
2020-09-13,22:01:00,,38,Romania,19211121,103495,1109.0,4163,36.0,43025,214.0,56307,465,5387,217.0,2081644,108356
2020-09-14,22:04:00,,38,Romania,19210772,104187,692.0,4185,22.0,43244,219.0,56758,456,5423,218.0,2088975,108740
2020-09-15,21:00:00,,38,Romania,19210423,105298,1111.0,4236,51.0,43244,0.0,57818,460,5481,221.0,2110024,109837
2020-09-16,21:01:00,,38,Romania,19210075,107011,1713.0,4285,49.0,43244,0.0,59482,471,5571,223.0,2136544,111220
2020-09-18,20:01:00,,38,Romania,19209377,110217,3206.0,4360,75.0,88235,44991.0,17622,447,5738,227.0,2185923,113795
2020-09-19,21:00:00,,38,Romania,19209029,111550,1333.0,4402,42.0,89119,884.0,18029,461,5807,229.0,2210071,115054
2020-09-20,22:31:00,,38,Romania,19208680,112781,1231.0,4435,33.0,89771,652.0,18575,470,5871,231.0,2223462,115753
2020-09-21,21:01:00,,38,Romania,19208331,113589,808.0,4458,23.0,90649,878.0,18482,464,5914,232.0,2231402,116168
2020-09-22,21:01:00,,38,Romania,19207982,114648,1059.0,4503,45.0,92169,1520.0,17976,496,5969,234.0,2253380,117315
2020-09-23,19:58:00,,38,Romania,19207634,116415,1767.0,4550,47.0,93558,1389.0,18307,498,6061,237.0,2278125,118605
2020-09-24,21:00:00,,38,Romania,19207285,118054,1639.0,4591,41.0,94877,1319.0,18586,506,6146,239.0,2302828,119893
2020-09-25,21:00:00,,38,Romania,19206936,119683,1629.0,4633,42.0,96158,1281.0,18892,508,6231,241.0,2328322,121223
2020-09-26,21:00:00,,38,Romania,19206588,121235,1552.0,4687,54.0,97554,1396.0,18994,512,6312,244.0,2352650,122492
2020-09-27,22:45:00,,38,Romania,19206239,122673,1438.0,4718,31.0,98607,1053.0,19348,535,6387,246.0,2366178,123198
2020-09-28,22:00:00,,38,Romania,19205890,123944,1271.0,4748,30.0,99344,737.0,19852,557,6453,247.0,2372340,123521
2020-09-29,21:35:00,,38,Romania,19205541,125414,1470.0,4792,44.0,100636,1292.0,19986,551,6530,250.0,2393670,124634
2020-09-30,22:00:00,,38,Romania,19205193,127572,2158.0,4825,33.0,102476,1840.0,20271,550,6643,251.0,2419691,125991
2020-10-01,21:31:00,,38,Romania,19204844,129658,2086.0,4862,37.0,103994,1518.0,20802,557,6751,253.0,2445488,127337
2020-10-02,22:36:00,,38,Romania,19204495,132001,2343.0,4915,53.0,105582,1588.0,21504,571,6873,256.0,2471499,128694
2020-10-03,22:24:00,,38,Romania,19204146,134065,2064.0,4947,32.0,107058,1476.0,22060,583,6981,258.0,2496439,129995
2020-10-04,21:01:00,,38,Romania,19203798,135900,1835.0,5003,56.0,108135,1077.0,22762,598,7077,261.0,2510209,130714
2020-10-05,22:13:00,,38,Romania,19203449,137491,1591.0,5048,45.0,108526,391.0,23917,592,7160,263.0,2516746,131057
2020-10-06,23:01:00,,38,Romania,19203100,139612,2121.0,5121,73.0,109898,1372.0,24593,608,7270,267.0,2540222,132282
2020-10-07,23:01:00,,38,Romania,19202752,142570,2958.0,5203,82.0,111564,1666.0,25803,612,7424,271.0,2568071,133735
2020-10-08,23:59:00,,38,Romania,19202403,145700,3130.0,5247,44.0,113112,1548.0,27341,607,7588,273.0,2598262,135309
2020-10-09,23:00:00,,38,Romania,19202054,148886,3186.0,5299,52.0,114792,1680.0,28795,613,7754,276.0,2627544,136837
2020-10-10,23:00:00,,38,Romania,19201705,152403,3517.0,5358,59.0,116628,1836.0,30417,629,7937,279.0,2656828,138364
2020-10-12,23:10:00,,38,Romania,19201008,157352,4949.0,5467,109.0,118912,2284.0,32973,628,8195,285.0,2682588,139711
2020-10-13,23:01:00,,38,Romania,19200659,160461,3109.0,5535,68.0,120515,1603.0,34411,651,8357,288.0,2709306,141105
2020-10-14,23:01:00,,38,Romania,19200311,164477,4016.0,5601,66.0,122714,2199.0,36162,686,8566,292.0,2740624,142739
2020-10-15,14:09:00,11:06:00,38,Romania,19199962,168490,4013.0,5674,73.0,125009,2295.0,37807,721,8776,296.0,2770481,144296
2020-10-16,22:08:00,19:06:00,38,Romania,19199613,172516,4026.0,5749,75.0,127076,2067.0,39691,726,8985,299.0,2800912,145884
2020-10-17,23:01:00,19:58:00,38,Romania,19199264,176468,3952.0,5812,63.0,129556,2480.0,41100,745,9191,303.0,2832679,147541
2020-10-18,22:05:00,19:03:00,38,Romania,19198916,180388,3920.0,5872,60.0,130894,1338.0,43622,749,9396,306.0,2852186,148560
2020-10-19,22:05:00,18:59:00,38,Romania,19198567,182854,2466.0,5931,59.0,132082,1188.0,44841,757,9524,309.0,2860226,148981
2020-10-20,22:05:00,19:04:00,38,Romania,19198218,186254,3400.0,5996,65.0,134395,2313.0,45863,768,9702,312.0,2890071,150539
2020-10-21,22:05:00,19:03:00,38,Romania,19197870,191102,4848.0,6065,69.0,137835,3440.0,47202,766,9954,316.0,2927096,152470
2020-10-22,22:05:00,19:04:00,38,Romania,19197521,196004,4902.0,6163,98.0,141089,3254.0,48752,778,10210,321.0,2961562,154268
2020-10-23,22:05:00,19:02:00,38,Romania,19197172,201032,5028.0,6245,82.0,144429,3340.0,50358,782,10472,325.0,3002800,156419
2020-10-24,23:41:00,20:40:00,38,Romania,19196823,205793,4761.0,6318,73.0,147932,3503.0,51543,787,10720,329.0,3036643,158185
2020-10-25,23:00:00,20:58:00,38,Romania,19196475,209648,3855.0,6391,73.0,149741,1809.0,53516,828,10921,333.0,3055989,159195
2020-10-26,23:00:00,20:56:00,38,Romania,19196126,212492,2844.0,6470,79.0,151811,2070.0,54211,823,11070,337.0,3064698,159652
2020-10-27,23:00:00,20:58:00,38,Romania,19195777,217216,4724.0,6574,104.0,155630,3819.0,55012,824,11316,342.0,3096526,161313
2020-10-28,23:00:00,20:58:00,38,Romania,19195429,222559,5343.0,6681,107.0,159855,4225.0,56023,861,11594,348.0,3133809,163258
2020-10-29,23:00:00,20:57:00,38,Romania,19195080,229040,6481.0,6764,83.0,163852,3997.0,58424,868,11932,352.0,3169978,165145
2020-10-30,23:00:00,20:58:00,38,Romania,19194731,235586,6546.0,6867,103.0,167897,4045.0,60822,917,12273,358.0,3206567,167055
2020-10-31,23:00:00,20:59:00,38,Romania,19194382,241339,5753.0,6968,101.0,172513,4616.0,61858,923,12573,363.0,3242748,168943
2020-11-01,23:00:00,20:59:00,38,Romania,19194034,246663,5324.0,7067,99.0,175975,3462.0,63621,910,12851,368.0,3264304,170069
2020-11-02,23:00:00,20:57:00,38,Romania,19193685,250704,4041.0,7153,86.0,177361,1386.0,66190,916,13062,373.0,3274870,170622
2020-11-03,23:00:00,20:59:00,38,Romania,19193336,258437,7733.0,7273,120.0,181175,3814.0,69989,974,13465,379.0,3305309,172211
2020-11-04,23:00:00,20:57:00,38,Romania,19192987,267088,8651.0,7419,146.0,186260,5085.0,73409,1001,13916,387.0,3341867,174119
2020-11-05,23:00:00,20:59:00,38,Romania,19192639,276802,9714.0,7540,121.0,191085,4825.0,78177,1014,14422,393.0,3379609,176089
2020-11-06,23:00:00,20:58:00,38,Romania,19192290,287062,10260.0,7663,123.0,195971,4886.0,83428,1001,14957,399.0,3418245,178105
2020-11-07,23:00:00,20:57:00,38,Romania,19191941,296999,9937.0,7793,130.0,201114,5143.0,88092,1048,15475,406.0,3455093,180028
2020-11-08,23:00:00,20:49:00,38,Romania,19191593,303751,6752.0,7879,86.0,204679,3565.0,91193,1056,15827,411.0,3476645,181155
2020-11-09,23:00:00,20:59:00,38,Romania,19191244,306991,3240.0,8009,130.0,206793,2114.0,92189,1076,15996,417.0,3488090,181754
2020-11-10,23:00:00,20:59:00,38,Romania,19190895,314295,7304.0,8186,177.0,211408,4615.0,94701,1093,16377,427.0,3519095,183373
2020-11-11,23:00:00,20:56:00,38,Romania,19190546,324094,9799.0,8389,203.0,218086,6678.0,97619,1092,16888,437.0,3557958,185402
2020-11-12,23:00:00,20:59:00,38,Romania,19190198,334236,10142.0,8510,121.0,224916,6830.0,100810,1152,17417,443.0,3593720,187269
2020-11-13,23:00:00,20:58:00,38,Romania,19189849,343725,9489.0,8684,174.0,231808,6892.0,103233,1149,17912,453.0,3630856,189207
2020-11-14,23:00:00,20:57:00,38,Romania,19189500,353185,9460.0,8813,129.0,239051,7243.0,105321,1172,18405,459.0,3667896,191141
2020-11-15,23:00:00,20:53:00,38,Romania,19189152,360281,7096.0,8926,113.0,243832,4781.0,107523,1169,18775,465.0,3691062,192351
2020-11-16,23:00:00,20:59:00,38,Romania,19188803,365212,4931.0,9075,149.0,246633,2801.0,109504,1187,19033,473.0,3702328,192942
2020-11-17,23:00:00,20:58:00,38,Romania,19188454,373474,8262.0,9261,186.0,253244,6611.0,110969,1174,19463,483.0,3733410,194565
2020-11-18,23:00:00,20:57:00,38,Romania,19188105,383743,10269.0,9429,168.0,261387,8143.0,112927,1174,19999,491.0,3771316,196544
2020-11-19,23:00:00,20:59:00,38,Romania,19187757,393851,10108.0,9596,167.0,269590,8203.0,114665,1131,20526,500.0,3808279,198474
2020-11-20,23:00:00,20:59:00,38,Romania,19187408,403123,9272.0,9756,160.0,278676,9086.0,114691,1139,21010,508.0,3844732,200378
2020-11-21,23:00:00,20:58:00,38,Romania,19187059,412808,9685.0,9916,160.0,287310,8634.0,115582,1132,21515,517.0,3877953,202113
2020-11-22,23:00:00,20:59:00,38,Romania,19186711,418645,5837.0,10047,131.0,295148,7838.0,113450,1174,21820,524.0,3898743,203200
2020-11-23,23:00:00,20:58:00,38,Romania,19186362,422852,4207.0,10177,130.0,296844,1696.0,115831,1160,22039,530.0,3908681,203722
2020-11-24,23:00:00,20:57:00,38,Romania,19186013,430605,7753.0,10373,196.0,304188,7344.0,116044,1204,22444,541.0,3939421,205328
2020-11-25,23:00:00,20:58:00,38,Romania,19185664,440344,9739.0,10541,168.0,313885,9697.0,115918,1205,22952,549.0,3974996,207186
2020-11-26,23:00:00,20:47:00,38,Romania,19185316,449349,9005.0,10712,171.0,323514,9629.0,115123,1226,23422,558.0,4011887,209112
2020-11-27,23:00:00,20:59:00,38,Romania,19184967,457848,8499.0,10884,172.0,326657,3143.0,120307,1226,23865,567.0,4048536,211026
2020-11-28,23:00:00,20:46:00,38,Romania,19184618,465982,8134.0,11045,161.0,335764,9107.0,119173,1249,24289,576.0,4081557,212752
2020-11-29,23:00:00,20:51:00,38,Romania,19184270,471536,5554.0,11193,148.0,348852,13088.0,111491,1250,24579,583.0,4097782,213601
2020-11-30,23:00:00,20:57:00,38,Romania,19183921,475362,3826.0,11331,138.0,353188,4336.0,110843,1251,24779,591.0,4107567,214115
2020-12-01,23:00:00,20:55:00,38,Romania,19183572,479634,4272.0,11530,199.0,360934,7746.0,107170,1259,25002,601.0,4122192,214881
2020-12-02,23:00:00,20:58:00,38,Romania,19183223,484550,4916.0,11665,135.0,371231,10297.0,101654,1260,25259,608.0,4137893,215704
2020-12-03,23:00:00,20:59:00,38,Romania,19182875,492211,7661.0,11876,211.0,381001,9770.0,99334,1252,25659,619.0,4170013,217382
2020-12-04,23:00:00,20:57:00,38,Romania,19182526,500273,8062.0,12052,176.0,390212,9211.0,98009,1275,26080,628.0,4205480,219235
2020-12-05,23:00:00,20:58:00,38,Romania,19182177,508345,8072.0,12186,134.0,399207,8995.0,96952,1280,26501,635.0,4237925,220930
2020-12-06,23:00:00,20:51:00,38,Romania,19181829,513576,5231.0,12320,134.0,405612,6405.0,95644,1289,26774,642.0,4255481,221850
2020-12-07,23:00:00,20:57:00,38,Romania,19181480,517236,3660.0,12447,127.0,409121,3509.0,95668,1280,26965,649.0,4264272,222312
2020-12-08,23:00:00,20:59:00,38,Romania,19181131,524675,7439.0,12660,213.0,416797,7676.0,95218,1276,27354,660.0,4293672,223849
2020-12-09,23:00:00,20:59:00,38,Romania,19180782,532040,7365.0,12821,161.0,425816,9019.0,93403,1271,27738,668.0,4325130,225493
2020-12-10,23:00:00,20:59:00,38,Romania,19180434,539107,7067.0,12948,127.0,434679,8863.0,91480,1288,28107,675.0,4356567,227136
2020-12-11,23:00:00,20:59:00,38,Romania,19180085,545567,6460.0,13116,168.0,443168,8489.0,89283,1299,28444,684.0,4386813,228717
2020-12-12,23:00:00,20:58:00,38,Romania,19179736,551900,6333.0,13264,148.0,451477,8309.0,87159,1288,28775,692.0,4413212,230098
2020-12-13,23:00:00,20:59:00,38,Romania,19179387,556335,4435.0,13385,121.0,457360,5883.0,85590,1289,29007,698.0,4428071,230877
2020-12-14,23:35:00,21:34:00,38,Romania,19179039,559587,3252.0,13494,109.0,460780,3420.0,85313,1289,29177,704.0,4436130,231301
2020-12-15,23:00:00,20:59:00,38,Romania,19178690,565758,6171.0,13698,204.0,465050,4270.0,87010,1255,29499,714.0,4461315,232618
2020-12-16,23:00:00,20:58:00,38,Romania,19178341,571749,5991.0,13862,164.0,469499,4449.0,88388,1267,29812,723.0,4505916,234948
2020-12-17,23:00:00,20:56:00,38,Romania,19177993,577446,5697.0,13969,107.0,477139,7640.0,86338,1297,30110,728.0,4534197,236427
2020-12-18,23:00:00,20:57:00,38,Romania,19177644,582786,5340.0,14157,188.0,484948,7809.0,83681,1270,30389,738.0,4561726,237867
2020-12-19,23:59:00,22:11:00,38,Romania,19177295,587944,5158.0,14296,139.0,493379,8431.0,80269,1274,30658,745.0,4587552,239218
2020-12-20,23:00:00,20:54:00,38,Romania,19176946,591294,3350.0,14394,98.0,498777,5398.0,78123,1267,30834,751.0,4599845,239863
2020-12-21,23:00:00,20:59:00,38,Romania,19176598,593783,2489.0,14481,87.0,501896,3119.0,77406,1255,30964,755.0,4607030,240242
2020-12-22,23:00:00,20:59:00,38,Romania,19176249,598792,5009.0,14636,155.0,508979,7083.0,75177,1252,31226,763.0,4630874,241490
2020-12-23,23:00:00,20:58:00,38,Romania,19175900,604251,5459.0,14766,130.0,516423,7444.0,73062,1251,31511,770.0,4656714,242842
2020-12-24,23:00:00,20:55:00,38,Romania,19175552,608561,4310.0,14912,146.0,523829,7406.0,69820,1234,31736,778.0,4689628,244563
2020-12-25,23:00:00,20:59:00,38,Romania,19175203,612373,3812.0,15023,111.0,530308,6479.0,67042,1233,31936,783.0,4706490,245447
2020-12-26,23:00:00,20:59:00,38,Romania,19174854,613760,1387.0,15108,85.0,536332,6024.0,62320,1210,32009,788.0,4710842,245678
2020-12-27,23:00:00,20:56:00,38,Romania,19174505,615809,2049.0,15230,122.0,540437,4105.0,60142,1206,32116,794.0,4718625,246088
2020-12-28,23:00:00,20:58:00,38,Romania,19174157,618429,2620.0,15334,104.0,543341,2904.0,59754,1197,32253,800.0,4726466,246502
