scrap_date,scrap_time,update_time_GMT,Country_id,Country,Population,TotalCases,NewCases,TotalDeaths,NewDeaths,TotalRecovered,NewRecovered,ActiveCases,SeriousCritical,Tot_Cases_1Mpop,Deaths_1Mpop,TotalTests,Tests_1Mpop
2020-08-02,20:00:00,,122,Rwanda,12977147,2042,,5,,1119,,918,,157,0.4,269261,20749
2020-08-08,20:00:00,,122,Rwanda,12982426,2128,86.0,5,0.0,1297,178.0,826,,164,0.4,289153,22273
2020-08-12,20:00:00,,122,Rwanda,12985946,2171,43.0,7,2.0,1478,181.0,686,,167,0.5,309653,23845
2020-08-16,20:00:00,,122,Rwanda,12989465,2352,181.0,8,1.0,1631,153.0,713,,181,0.6,329474,25365
2020-08-17,20:00:00,,122,Rwanda,12990345,2453,101.0,8,0.0,1648,17.0,797,,189,0.6,334270,25732
2020-08-18,20:00:00,,122,Rwanda,12991225,2540,87.0,8,0.0,1661,13.0,871,,196,0.6,338288,26040
2020-08-19,20:00:00,,122,Rwanda,12992105,2577,37.0,10,2.0,1683,22.0,884,,198,0.8,342614,26371
2020-08-20,17:53:00,,122,Rwanda,12992985,2644,67.0,10,0.0,1698,15.0,936,,203,0.8,345920,26624
2020-08-23,21:09:00,,122,Rwanda,12995624,2889,245.0,11,1.0,1754,56.0,1124,,222,0.8,361842,27843
2020-08-24,17:10:00,,122,Rwanda,12996504,3089,200.0,12,1.0,1755,1.0,1322,,238,0.9,368244,28334
2020-08-25,23:00:00,,122,Rwanda,12997384,3306,217.0,14,2.0,1785,30.0,1507,,254,1.0,371886,28612
2020-08-26,22:59:00,,122,Rwanda,12998264,3537,231.0,15,1.0,1806,21.0,1716,,272,1.0,378014,29082
2020-08-27,23:00:00,,122,Rwanda,12999144,3625,88.0,15,0.0,1810,4.0,1800,,279,1.0,383481,29500
2020-08-28,23:01:00,,122,Rwanda,13000024,3672,47.0,15,0.0,1863,53.0,1794,,282,1.0,388078,29852
2020-08-29,12:29:00,,122,Rwanda,13000904,3742,70.0,16,1.0,1866,3.0,1860,,288,1.0,393237,30247
2020-08-30,23:00:00,,122,Rwanda,13001784,4020,278.0,16,0.0,1918,52.0,2086,,309,1.0,404944,31145
2020-08-31,18:58:00,,122,Rwanda,13002664,4020,0.0,16,0.0,1918,0.0,2086,,309,1.0,404944,31143
2020-09-01,23:00:00,,122,Rwanda,13003544,4063,43.0,16,0.0,2013,95.0,2034,,312,1.0,409707,31507
2020-09-02,23:01:00,,122,Rwanda,13004423,4142,79.0,16,0.0,2044,31.0,2082,,319,1.0,415329,31938
2020-09-03,23:01:00,,122,Rwanda,13005303,4218,76.0,17,1.0,2071,27.0,2130,,324,1.0,421121,32381
2020-09-04,07:01:00,,122,Rwanda,13006183,4255,37.0,18,1.0,2163,92.0,2074,,327,1.0,426200,32769
2020-09-05,23:31:00,,122,Rwanda,13007063,4304,49.0,18,0.0,2191,28.0,2095,,331,1.0,431992,33212
2020-09-06,18:30:00,,122,Rwanda,13007943,4349,45.0,18,0.0,2199,8.0,2132,,334,1.0,436412,33550
2020-09-07,23:39:00,,122,Rwanda,13008823,4374,25.0,19,1.0,2235,36.0,2120,,336,1.0,439893,33815
2020-09-08,22:10:00,,122,Rwanda,13009703,4409,35.0,19,0.0,2271,36.0,2119,,339,1.0,444350,34155
2020-09-10,22:01:00,,122,Rwanda,13011463,4460,51.0,21,2.0,2325,54.0,2114,,343,2.0,451408,34693
2020-09-11,22:00:00,,122,Rwanda,13012342,4479,19.0,22,1.0,2352,27.0,2105,,344,2.0,454246,34909
2020-09-12,22:22:00,,122,Rwanda,13013222,4534,55.0,22,0.0,2450,98.0,2062,,348,2.0,457273,35139
2020-09-13,22:01:00,,122,Rwanda,13014102,4565,31.0,22,0.0,2544,94.0,1999,,351,2.0,460174,35360
2020-09-14,22:04:00,,122,Rwanda,13014982,4591,26.0,22,0.0,2556,12.0,2013,,353,2.0,462896,35566
2020-09-15,21:00:00,,122,Rwanda,13015862,4602,11.0,22,0.0,2736,180.0,1844,,354,2.0,464583,35694
2020-09-16,21:01:00,,122,Rwanda,13016742,4624,22.0,22,0.0,2767,31.0,1835,,355,2.0,466518,35840
2020-09-18,20:01:00,,122,Rwanda,13018502,4653,29.0,23,1.0,2817,50.0,1813,,357,2.0,470218,36119
2020-09-19,21:00:00,,122,Rwanda,13019382,4671,18.0,25,2.0,2845,28.0,1801,,359,2.0,471767,36236
2020-09-20,22:31:00,,122,Rwanda,13020261,4689,18.0,26,1.0,2910,65.0,1753,,360,2.0,474039,36408
2020-09-21,21:01:00,,122,Rwanda,13021141,4711,22.0,26,0.0,2961,51.0,1724,,362,2.0,475931,36551
2020-09-22,21:01:00,,122,Rwanda,13022021,4722,11.0,27,1.0,2973,12.0,1722,,363,2.0,477379,36659
2020-09-23,19:58:00,,122,Rwanda,13022901,4738,16.0,27,0.0,2991,18.0,1720,,364,2.0,479010,36782
2020-09-24,21:00:00,,122,Rwanda,13023781,4779,41.0,27,0.0,2995,4.0,1757,,367,2.0,481283,36954
2020-09-25,21:00:00,,122,Rwanda,13024661,4789,10.0,27,0.0,3050,55.0,1712,,368,2.0,483441,37117
2020-09-26,21:00:00,,122,Rwanda,13025541,4798,9.0,29,2.0,3080,30.0,1689,,368,2.0,484841,37222
2020-09-27,22:45:00,,122,Rwanda,13026421,4811,13.0,29,0.0,3091,11.0,1691,,369,2.0,486735,37365
2020-09-28,22:00:00,,122,Rwanda,13027301,4820,9.0,29,0.0,3099,8.0,1692,,370,2.0,488942,37532
2020-09-29,21:35:00,,122,Rwanda,13028180,4832,12.0,29,0.0,3117,18.0,1686,,371,2.0,490225,37628
2020-09-30,22:00:00,,122,Rwanda,13029060,4836,4.0,29,0.0,3125,8.0,1682,,371,2.0,492986,37837
2020-10-01,21:31:00,,122,Rwanda,13029940,4840,4.0,29,0.0,3154,29.0,1657,,371,2.0,495793,38050
2020-10-02,22:36:00,,122,Rwanda,13030820,4843,3.0,29,0.0,3181,27.0,1633,,372,2.0,498376,38246
2020-10-03,22:24:00,,122,Rwanda,13031700,4847,4.0,29,0.0,3197,16.0,1621,,372,2.0,500249,38387
2020-10-04,21:01:00,,122,Rwanda,13032580,4852,5.0,29,0.0,3211,14.0,1612,,372,2.0,502817,38582
2020-10-05,22:13:00,,122,Rwanda,13033460,4866,14.0,29,0.0,3216,5.0,1621,,373,2.0,504670,38721
2020-10-06,23:01:00,,122,Rwanda,13034340,4867,1.0,29,0.0,3226,10.0,1612,,373,2.0,506658,38871
2020-10-07,23:01:00,,122,Rwanda,13035220,4873,6.0,29,0.0,3246,20.0,1598,,374,2.0,507964,38969
2020-10-08,23:59:00,,122,Rwanda,13036099,4885,12.0,29,0.0,3542,296.0,1314,,375,2.0,513118,39361
2020-10-09,23:00:00,,122,Rwanda,13036979,4885,0.0,29,0.0,3542,0.0,1314,,375,2.0,513118,39359
2020-10-10,23:00:00,,122,Rwanda,13037859,4890,5.0,30,1.0,3555,13.0,1305,,375,2.0,514081,39430
2020-10-12,23:10:00,,122,Rwanda,13039619,4905,15.0,32,2.0,3877,322.0,996,,376,2.0,521137,39966
2020-10-13,23:01:00,,122,Rwanda,13040499,4908,3.0,32,0.0,4130,253.0,746,,376,2.0,523021,40107
2020-10-14,23:01:00,,122,Rwanda,13041379,4940,32.0,33,1.0,4398,268.0,509,,379,3.0,523021,40105
2020-10-15,14:09:00,11:06:00,122,Rwanda,13042259,4940,0.0,33,0.0,4398,0.0,509,,379,3.0,523021,40102
2020-10-16,22:08:00,19:06:00,122,Rwanda,13043139,4953,13.0,33,0.0,4601,203.0,319,,380,3.0,526854,40393
2020-10-17,23:01:00,19:58:00,122,Rwanda,13044019,4971,18.0,34,1.0,4768,167.0,169,,381,3.0,532528,40825
2020-10-18,22:05:00,19:03:00,122,Rwanda,13044898,4971,0.0,34,0.0,4768,0.0,169,,381,3.0,532528,40823
2020-10-19,22:05:00,18:59:00,122,Rwanda,13045778,4974,3.0,34,0.0,4783,15.0,157,,381,3.0,534409,40964
2020-10-20,22:05:00,19:04:00,122,Rwanda,13046658,4992,18.0,34,0.0,4797,14.0,161,,383,3.0,535782,41067
2020-10-21,22:05:00,19:03:00,122,Rwanda,13047538,4996,4.0,34,0.0,4797,0.0,165,,383,3.0,536779,41140
2020-10-22,22:05:00,19:04:00,122,Rwanda,13048418,5012,16.0,34,0.0,4798,1.0,180,,384,3.0,538085,41238
2020-10-23,22:05:00,19:02:00,122,Rwanda,13049298,5017,5.0,34,0.0,4803,5.0,180,,384,3.0,540136,41392
2020-10-24,23:41:00,20:40:00,122,Rwanda,13050178,5060,43.0,34,0.0,4806,3.0,220,,388,3.0,545920,41832
2020-10-25,23:00:00,20:58:00,122,Rwanda,13051058,5066,6.0,34,0.0,4830,24.0,202,,388,3.0,547202,41928
2020-10-26,23:00:00,20:56:00,122,Rwanda,13051938,5073,7.0,34,0.0,4848,18.0,191,,389,3.0,548938,42058
2020-10-27,23:00:00,20:58:00,122,Rwanda,13052817,5073,0.0,34,0.0,4848,0.0,191,,389,3.0,548938,42055
2020-10-28,23:00:00,20:58:00,122,Rwanda,13053697,5129,56.0,35,1.0,4851,3.0,243,,393,3.0,552151,42298
2020-10-29,23:00:00,20:57:00,122,Rwanda,13054577,5131,2.0,35,0.0,4851,0.0,245,,393,3.0,553876,42428
2020-10-30,23:00:00,20:58:00,122,Rwanda,13055457,5134,3.0,35,0.0,4878,27.0,221,,393,3.0,555686,42564
2020-10-31,23:00:00,20:59:00,122,Rwanda,13056337,5137,3.0,35,0.0,4879,1.0,223,,393,3.0,557534,42702
2020-11-01,23:00:00,20:59:00,122,Rwanda,13057217,5146,9.0,35,0.0,4921,42.0,190,,394,3.0,558977,42810
2020-11-02,23:00:00,20:57:00,122,Rwanda,13058097,5155,9.0,35,0.0,4922,1.0,198,,395,3.0,560287,42907
2020-11-03,23:00:00,20:59:00,122,Rwanda,13058977,5162,7.0,35,0.0,4930,8.0,197,,395,3.0,561891,43027
2020-11-04,23:00:00,20:57:00,122,Rwanda,13059857,5174,12.0,35,0.0,4930,0.0,209,,396,3.0,562871,43099
2020-11-05,23:00:00,20:59:00,122,Rwanda,13060736,5192,18.0,36,1.0,4940,10.0,216,,398,3.0,564676,43235
2020-11-06,23:00:00,20:58:00,122,Rwanda,13061616,5208,16.0,36,0.0,4953,13.0,219,,399,3.0,566009,43334
2020-11-07,23:00:00,20:57:00,122,Rwanda,13062496,5213,5.0,36,0.0,4953,0.0,224,,399,3.0,568868,43550
2020-11-08,23:00:00,20:49:00,122,Rwanda,13063376,5213,0.0,36,0.0,4953,0.0,224,,399,3.0,568868,43547
2020-11-09,23:00:00,20:59:00,122,Rwanda,13064256,5242,29.0,38,2.0,4967,14.0,237,,401,3.0,571902,43776
2020-11-10,23:00:00,20:59:00,122,Rwanda,13065136,5262,20.0,40,2.0,4967,0.0,255,,403,3.0,574876,44001
2020-11-11,23:00:00,20:56:00,122,Rwanda,13066016,5312,50.0,41,1.0,4974,7.0,297,,407,3.0,577736,44217
2020-11-12,23:00:00,20:59:00,122,Rwanda,13066896,5319,7.0,41,0.0,4974,0.0,304,,407,3.0,579653,44360
2020-11-13,23:00:00,20:58:00,122,Rwanda,13067776,5319,0.0,41,0.0,4974,0.0,304,,407,3.0,579653,44357
2020-11-14,23:00:00,20:57:00,122,Rwanda,13068655,5394,75.0,42,1.0,4994,20.0,358,,413,3.0,585540,44805
2020-11-15,23:00:00,20:53:00,122,Rwanda,13069535,5455,61.0,45,3.0,4995,1.0,415,,417,3.0,586989,44913
2020-11-16,23:00:00,20:59:00,122,Rwanda,13070415,5491,36.0,45,0.0,5004,9.0,442,,420,3.0,588534,45028
2020-11-17,23:00:00,20:58:00,122,Rwanda,13071295,5507,16.0,46,1.0,5008,4.0,453,,421,4.0,591585,45258
2020-11-18,23:00:00,20:57:00,122,Rwanda,13072175,5543,36.0,46,0.0,5087,79.0,410,,424,4.0,593977,45438
2020-11-19,23:00:00,20:59:00,122,Rwanda,13073055,5543,0.0,46,0.0,5137,50.0,360,,424,4.0,596686,45642
2020-11-20,23:00:00,20:59:00,122,Rwanda,13073935,5586,43.0,46,0.0,5159,22.0,381,,427,4.0,600826,45956
2020-11-21,23:00:00,20:58:00,122,Rwanda,13074815,5620,34.0,46,0.0,5163,4.0,411,,430,4.0,604742,46252
2020-11-22,23:00:00,20:59:00,122,Rwanda,13075695,5665,45.0,47,1.0,5164,1.0,454,,433,4.0,607283,46444
2020-11-23,23:00:00,20:58:00,122,Rwanda,13076574,5726,61.0,47,0.0,5197,33.0,482,,438,4.0,609367,46600
2020-11-24,23:00:00,20:57:00,122,Rwanda,13077454,5726,0.0,47,0.0,5197,0.0,482,,438,4.0,609367,46597
2020-11-25,23:00:00,20:58:00,122,Rwanda,13078334,5779,53.0,47,0.0,5317,120.0,415,,442,4.0,614267,46968
2020-11-26,23:00:00,20:47:00,122,Rwanda,13079214,5851,72.0,47,0.0,5345,28.0,459,,447,4.0,617258,47194
2020-11-27,23:00:00,20:59:00,122,Rwanda,13080094,5872,21.0,47,0.0,5397,52.0,428,,449,4.0,620019,47402
2020-11-28,23:00:00,20:46:00,122,Rwanda,13080974,5891,19.0,47,0.0,5480,83.0,364,,450,4.0,622073,47556
2020-11-29,23:00:00,20:51:00,122,Rwanda,13081854,5919,28.0,48,1.0,5480,0.0,391,,452,4.0,624115,47708
2020-11-30,23:00:00,20:57:00,122,Rwanda,13082734,5934,15.0,49,1.0,5516,36.0,369,,454,4.0,626311,47873
2020-12-01,23:00:00,20:55:00,122,Rwanda,13083614,5948,14.0,49,0.0,5544,28.0,355,,455,4.0,629131,48085
2020-12-02,23:00:00,20:58:00,122,Rwanda,13084494,5994,46.0,50,1.0,5575,31.0,369,,458,4.0,631598,48271
2020-12-03,23:00:00,20:59:00,122,Rwanda,13085373,6011,17.0,50,0.0,5596,21.0,365,,459,4.0,635310,48551
2020-12-04,23:00:00,20:57:00,122,Rwanda,13086253,6011,0.0,50,0.0,5596,0.0,365,,459,4.0,635310,48548
2020-12-05,23:00:00,20:58:00,122,Rwanda,13087133,6084,73.0,51,1.0,5696,100.0,337,,465,4.0,642657,49106
2020-12-06,23:00:00,20:51:00,122,Rwanda,13088013,6129,45.0,51,0.0,5696,0.0,382,,468,4.0,644631,49254
2020-12-07,23:00:00,20:57:00,122,Rwanda,13088893,6191,62.0,51,0.0,5696,0.0,444,,473,4.0,646813,49417
2020-12-08,23:00:00,20:59:00,122,Rwanda,13089773,6237,46.0,51,0.0,5715,19.0,471,,476,4.0,650668,49708
2020-12-09,23:00:00,20:59:00,122,Rwanda,13090653,6278,41.0,53,2.0,5715,0.0,510,,480,4.0,654322,49984
2020-12-10,23:00:00,20:59:00,122,Rwanda,13091533,6349,71.0,53,0.0,5789,74.0,507,,485,4.0,657995,50261
2020-12-11,23:00:00,20:59:00,122,Rwanda,13092413,6428,79.0,54,1.0,5826,37.0,548,,491,4.0,661637,50536
2020-12-12,23:00:00,20:58:00,122,Rwanda,13093292,6528,100.0,56,2.0,5892,66.0,580,,499,4.0,665450,50824
2020-12-13,23:00:00,20:59:00,122,Rwanda,13094172,6659,131.0,56,0.0,5955,63.0,648,,509,4.0,667894,51007
