Date,Scrap_time,Update_time_GMT,Country_id,Country,Population,TotalCases,NewCases,TotalDeaths,NewDeaths,TotalRecovered,NewRecovered,ActiveCases,SeriousCritical,Tot_Cases_1Mpop,Deaths_1Mpop,TotalTests,Tests_1Mpop
2020-08-02,20:00:00,,74,S. Korea,51273132,14366,,301,,13259,,806,13,280,6.0,1576246,30742
2020-08-08,20:00:00,,74,S. Korea,51273852,14562,196.0,304,3.0,13629,370.0,629,17,284,6.0,1620514,31605
2020-08-12,20:00:00,,74,S. Korea,51274333,14714,152.0,305,1.0,13786,157.0,623,15,287,6.0,1646652,32115
2020-08-16,20:00:00,,74,S. Korea,51274814,15318,604.0,305,0.0,13910,124.0,1103,13,299,6.0,1681787,32799
2020-08-17,20:00:00,,74,S. Korea,51274934,15515,197.0,305,0.0,13917,7.0,1293,13,303,6.0,1688470,32930
2020-08-18,20:00:00,,74,S. Korea,51275054,15761,246.0,306,1.0,13934,17.0,1521,9,307,6.0,1697042,33097
2020-08-19,20:00:00,,74,S. Korea,51275174,16058,297.0,306,0.0,14006,72.0,1746,12,313,6.0,1715064,33448
2020-08-20,17:53:00,,74,S. Korea,51275294,16346,288.0,307,1.0,14063,57.0,1976,12,319,6.0,1734083,33819
2020-08-23,21:09:00,,74,S. Korea,51275655,17399,1053.0,309,2.0,14200,137.0,2890,30,339,6.0,1791186,34932
2020-08-24,17:10:00,,74,S. Korea,51275775,17665,266.0,309,0.0,14219,19.0,3137,32,345,6.0,1804422,35191
2020-08-25,23:00:00,,74,S. Korea,51275895,17945,280.0,310,1.0,14286,67.0,3349,38,350,6.0,1825837,35608
2020-08-26,22:59:00,,74,S. Korea,51276015,18265,320.0,312,2.0,14368,82.0,3585,43,356,6.0,1849506,36070
2020-08-27,23:00:00,,74,S. Korea,51276136,18706,441.0,313,1.0,14461,93.0,3932,46,365,6.0,1869579,36461
2020-08-28,23:01:00,,74,S. Korea,51276256,19077,371.0,316,3.0,14551,90.0,4210,58,372,6.0,1887717,36815
2020-08-29,12:29:00,,74,S. Korea,51276376,19400,323.0,321,5.0,14765,214.0,4314,64,378,6.0,1909329,37236
2020-08-30,23:00:00,,74,S. Korea,51276496,19699,299.0,323,2.0,14903,138.0,4473,70,384,6.0,1924170,37525
2020-08-31,18:58:00,,74,S. Korea,51276616,19947,248.0,324,1.0,14973,70.0,4650,79,389,6.0,1937689,37789
2020-09-01,23:00:00,,74,S. Korea,51276736,20182,235.0,324,0.0,15198,225.0,4660,104,394,6.0,1959080,38206
2020-09-02,23:01:00,,74,S. Korea,51276856,20449,267.0,326,2.0,15356,158.0,4767,124,399,6.0,1980295,38620
2020-09-03,23:01:00,,74,S. Korea,51276977,20644,195.0,329,3.0,15529,173.0,4786,154,403,6.0,2000552,39015
2020-09-04,07:01:00,,74,S. Korea,51277097,20842,198.0,331,2.0,15783,254.0,4728,157,406,6.0,2018906,39372
2020-09-05,23:31:00,,74,S. Korea,51277217,21010,168.0,333,2.0,16009,226.0,4668,159,410,6.0,2037045,39726
2020-09-06,18:30:00,,74,S. Korea,51277337,21177,167.0,334,1.0,16146,137.0,4697,163,413,7.0,2045935,39899
2020-09-07,23:39:00,,74,S. Korea,51277457,21296,119.0,336,2.0,16297,151.0,4663,162,415,7.0,2051297,40004
2020-09-08,22:10:00,,74,S. Korea,51277577,21432,136.0,341,5.0,16636,339.0,4455,151,418,7.0,2066078,40292
2020-09-09,22:01:00,,74,S. Korea,51277698,21588,156.0,344,3.0,17023,387.0,4221,154,421,7.0,2082234,40607
2020-09-10,22:01:00,,74,S. Korea,51277818,21743,155.0,346,2.0,17360,337.0,4037,169,424,7.0,2099591,40945
2020-09-11,22:00:00,,74,S. Korea,51277938,21919,176.0,350,4.0,17616,256.0,3953,175,427,7.0,2119211,41328
2020-09-12,22:22:00,,74,S. Korea,51278058,22055,136.0,355,5.0,18029,413.0,3671,164,430,7.0,2135457,41645
2020-09-13,22:01:00,,74,S. Korea,51278178,22176,121.0,358,3.0,18226,197.0,3592,157,432,7.0,2143270,41797
2020-09-14,22:04:00,,74,S. Korea,51278298,22285,109.0,363,5.0,18489,263.0,3433,157,435,7.0,2151002,41948
2020-09-15,21:00:00,,74,S. Korea,51278419,22391,106.0,367,4.0,18878,389.0,3146,158,437,7.0,2164578,42212
2020-09-16,21:01:00,,74,S. Korea,51278539,22504,113.0,367,0.0,19310,432.0,2827,160,439,7.0,2178832,42490
2020-09-18,20:01:00,,74,S. Korea,51278779,22783,279.0,377,10.0,19771,461.0,2635,150,444,7.0,2206365,43027
2020-09-19,21:00:00,,74,S. Korea,51278899,22893,110.0,378,1.0,19970,199.0,2545,152,446,7.0,2219162,43276
2020-09-20,22:31:00,,74,S. Korea,51279019,22975,82.0,383,5.0,20158,188.0,2434,146,448,7.0,2226701,43423
2020-09-21,21:01:00,,74,S. Korea,51279140,23045,70.0,385,2.0,20248,90.0,2412,141,449,8.0,2231589,43518
2020-09-22,21:01:00,,74,S. Korea,51279260,23106,61.0,388,3.0,20441,193.0,2277,144,451,8.0,2245112,43782
2020-09-23,19:58:00,,74,S. Korea,51279380,23216,110.0,388,0.0,20650,209.0,2178,139,453,8.0,2256899,44012
2020-09-24,21:00:00,,74,S. Korea,51279500,23341,125.0,393,5.0,20832,182.0,2116,126,455,8.0,2268999,44248
2020-09-25,21:00:00,,74,S. Korea,51279620,23455,114.0,395,2.0,20978,146.0,2082,128,457,8.0,2280276,44467
2020-09-26,21:00:00,,74,S. Korea,51279740,23516,61.0,399,4.0,21166,188.0,1951,122,459,8.0,2290345,44664
2020-09-27,22:45:00,,74,S. Korea,51279860,23611,95.0,401,2.0,21248,82.0,1962,124,460,8.0,2296517,44784
2020-09-28,22:00:00,,74,S. Korea,51279981,23661,50.0,406,5.0,21292,44.0,1963,120,461,8.0,2301303,44877
2020-09-29,21:35:00,,74,S. Korea,51280101,23699,38.0,407,1.0,21470,178.0,1822,115,462,8.0,2313044,45106
2020-09-30,22:00:00,,74,S. Korea,51280221,23812,113.0,413,6.0,21590,120.0,1809,109,464,8.0,2322999,45300
2020-10-01,21:31:00,,74,S. Korea,51280341,23889,77.0,415,2.0,21666,76.0,1808,107,466,8.0,2328435,45406
2020-10-02,22:36:00,,74,S. Korea,51280461,23952,63.0,416,1.0,21733,67.0,1803,107,467,8.0,2333777,45510
2020-10-03,22:24:00,,74,S. Korea,51280581,24027,75.0,420,4.0,21787,54.0,1820,104,469,8.0,2339859,45629
2020-10-04,21:01:00,,74,S. Korea,51280702,24091,64.0,421,1.0,21845,58.0,1825,105,470,8.0,2346345,45755
2020-10-05,22:13:00,,74,S. Korea,51280822,24164,73.0,422,1.0,21886,41.0,1856,107,471,8.0,2352378,45872
2020-10-06,23:01:00,,74,S. Korea,51280942,24239,75.0,422,0.0,22083,197.0,1734,105,473,8.0,2365433,46127
2020-10-07,23:01:00,,74,S. Korea,51281062,24353,114.0,425,3.0,22334,251.0,1594,102,475,8.0,2378073,46373
2020-10-08,23:59:00,,74,S. Korea,51281182,24422,69.0,427,2.0,22463,129.0,1532,97,476,8.0,2388844,46583
2020-10-09,23:00:00,,74,S. Korea,51281302,24476,54.0,428,1.0,22569,106.0,1479,94,477,8.0,2400233,46805
2020-10-10,23:00:00,,74,S. Korea,51281423,24548,72.0,430,2.0,22624,55.0,1494,89,479,8.0,2404684,46892
2020-10-12,23:10:00,,74,S. Korea,51281663,24703,155.0,433,3.0,22729,105.0,1541,87,482,8.0,2415610,47105
2020-10-13,23:01:00,,74,S. Korea,51281783,24805,102.0,434,1.0,22863,134.0,1508,91,484,8.0,2428771,47361
2020-10-14,23:01:00,,74,S. Korea,51281903,24889,84.0,438,4.0,23030,167.0,1421,85,485,9.0,2441454,47608
2020-10-15,14:09:00,11:06:00,74,S. Korea,51282023,24988,99.0,439,1.0,23082,52.0,1467,82,487,9.0,2450739,47789
2020-10-16,22:08:00,19:06:00,74,S. Korea,51282144,25035,47.0,441,2.0,23180,98.0,1414,85,488,9.0,2459426,47959
2020-10-17,23:01:00,19:58:00,74,S. Korea,51282264,25108,73.0,443,2.0,23258,78.0,1407,84,490,9.0,2468527,48136
2020-10-18,22:05:00,19:03:00,74,S. Korea,51282384,25199,91.0,444,1.0,23312,54.0,1443,77,491,9.0,2474529,48253
2020-10-19,22:05:00,18:59:00,74,S. Korea,51282504,25275,76.0,444,0.0,23368,56.0,1463,78,493,9.0,2479226,48344
2020-10-20,22:05:00,19:04:00,74,S. Korea,51282624,25333,58.0,447,3.0,23466,98.0,1420,71,494,9.0,2491311,48580
2020-10-21,22:05:00,19:03:00,74,S. Korea,51282744,25424,91.0,450,3.0,23584,118.0,1390,70,496,9.0,2503491,48817
2020-10-22,22:05:00,19:04:00,74,S. Korea,51282864,25543,119.0,453,3.0,23647,63.0,1443,62,498,9.0,2515325,49048
2020-10-23,22:05:00,19:02:00,74,S. Korea,51282985,25698,155.0,455,2.0,23717,70.0,1526,62,501,9.0,2528621,49307
2020-10-24,23:41:00,20:40:00,74,S. Korea,51283105,25775,77.0,457,2.0,23834,117.0,1484,60,503,9.0,2540679,49542
2020-10-25,23:00:00,20:58:00,74,S. Korea,51283225,25836,61.0,457,0.0,23869,35.0,1510,53,504,9.0,2546146,49649
2020-10-26,23:00:00,20:56:00,74,S. Korea,51283345,25955,119.0,457,0.0,23905,36.0,1593,53,506,9.0,2552264,49768
2020-10-27,23:00:00,20:58:00,74,S. Korea,51283465,26043,88.0,460,3.0,23981,76.0,1602,52,508,9.0,2567587,50067
2020-10-28,23:00:00,20:58:00,74,S. Korea,51283585,26146,103.0,461,1.0,24073,92.0,1612,52,510,9.0,2582960,50366
2020-10-29,23:00:00,20:57:00,74,S. Korea,51283706,26271,125.0,462,1.0,24168,95.0,1641,53,512,9.0,2597978,50659
2020-10-30,23:00:00,20:58:00,74,S. Korea,51283826,26385,114.0,463,1.0,24227,59.0,1695,51,514,9.0,2612231,50937
2020-10-31,23:00:00,20:59:00,74,S. Korea,51283946,26511,126.0,464,1.0,24311,84.0,1736,54,517,9.0,2624492,51176
2020-11-01,23:00:00,20:59:00,74,S. Korea,51284066,26635,124.0,466,2.0,24357,46.0,1812,51,519,9.0,2630630,51295
2020-11-02,23:00:00,20:57:00,74,S. Korea,51284186,26732,97.0,468,2.0,24395,38.0,1869,49,521,9.0,2636650,51413
2020-11-03,23:00:00,20:59:00,74,S. Korea,51284306,26807,75.0,472,4.0,24510,115.0,1825,52,523,9.0,2649859,51670
2020-11-04,23:00:00,20:57:00,74,S. Korea,51284427,26925,118.0,474,2.0,24616,106.0,1835,53,525,9.0,2662260,51912
2020-11-05,23:00:00,20:59:00,74,S. Korea,51284547,27050,125.0,475,1.0,24735,119.0,1840,51,527,9.0,2673706,52135
2020-11-06,23:00:00,20:58:00,74,S. Korea,51284667,27195,145.0,476,1.0,24821,86.0,1898,50,530,9.0,2686314,52380
2020-11-07,23:00:00,20:57:00,74,S. Korea,51284787,27284,89.0,477,1.0,24910,89.0,1897,53,532,9.0,2697249,52594
2020-11-08,23:00:00,20:49:00,74,S. Korea,51284907,27427,143.0,478,1.0,24968,58.0,1981,58,535,9.0,2702880,52703
2020-11-09,23:00:00,20:59:00,74,S. Korea,51285027,27553,126.0,480,2.0,25029,61.0,2044,57,537,9.0,2709199,52826
2020-11-10,23:00:00,20:59:00,74,S. Korea,51285148,27653,100.0,485,5.0,25160,131.0,2008,54,539,9.0,2723960,53114
2020-11-11,23:00:00,20:56:00,74,S. Korea,51285268,27799,146.0,487,2.0,25266,106.0,2046,49,542,9.0,2736534,53359
2020-11-12,23:00:00,20:59:00,74,S. Korea,51285388,27942,143.0,487,0.0,25404,138.0,2051,53,545,9.0,2749772,53617
2020-11-13,23:00:00,20:58:00,74,S. Korea,51285508,28133,191.0,488,1.0,25537,133.0,2108,50,549,10.0,2761411,53844
2020-11-14,23:00:00,20:57:00,74,S. Korea,51285628,28338,205.0,492,4.0,25636,99.0,2210,54,553,10.0,2777289,54153
2020-11-15,23:00:00,20:53:00,74,S. Korea,51285748,28546,208.0,493,1.0,25691,55.0,2362,56,557,10.0,2786878,54340
2020-11-16,23:00:00,20:59:00,74,S. Korea,51285868,28769,223.0,494,1.0,25759,68.0,2516,55,561,10.0,2797691,54551
2020-11-17,23:00:00,20:58:00,74,S. Korea,51285989,28998,229.0,494,0.0,25860,101.0,2644,60,565,10.0,2815755,54903
2020-11-18,23:00:00,20:57:00,74,S. Korea,51286109,29311,313.0,496,2.0,25973,113.0,2842,67,572,10.0,2834362,55266
2020-11-19,23:00:00,20:59:00,74,S. Korea,51286229,29654,343.0,498,2.0,26098,125.0,3058,79,578,10.0,2853843,55645
2020-11-20,23:00:00,20:59:00,74,S. Korea,51286349,30017,363.0,501,3.0,26263,165.0,3253,84,585,10.0,2873443,56027
2020-11-21,23:00:00,20:58:00,74,S. Korea,51286469,30403,386.0,503,2.0,26365,102.0,3535,86,593,10.0,2896746,56482
2020-11-22,23:00:00,20:59:00,74,S. Korea,51286589,30733,330.0,505,2.0,26466,101.0,3762,87,599,10.0,2908890,56718
2020-11-23,23:00:00,20:58:00,74,S. Korea,51286710,31004,271.0,509,4.0,26539,73.0,3956,79,605,10.0,2922135,56976
2020-11-24,23:00:00,20:57:00,74,S. Korea,51286830,31353,349.0,510,1.0,26722,183.0,4121,79,611,10.0,2946399,57449
2020-11-25,23:00:00,20:58:00,74,S. Korea,51286950,31735,382.0,513,3.0,26825,103.0,4397,81,619,10.0,2966405,57839
2020-11-26,23:00:00,20:47:00,74,S. Korea,51287070,32318,583.0,515,2.0,26950,125.0,4853,78,630,10.0,2988046,58261
2020-11-27,23:00:00,20:59:00,74,S. Korea,51287190,32887,569.0,516,1.0,27103,153.0,5268,77,641,10.0,3009577,58681
2020-11-28,23:00:00,20:46:00,74,S. Korea,51287310,33375,488.0,522,6.0,27349,246.0,5504,78,651,10.0,3032004,59118
2020-11-29,23:00:00,20:51:00,74,S. Korea,51287431,33824,449.0,523,1.0,27542,193.0,5759,76,659,10.0,3046971,59410
2020-11-30,23:00:00,20:57:00,74,S. Korea,51287551,34201,377.0,526,3.0,27653,111.0,6022,76,667,10.0,3046971,59410
2020-12-01,23:00:00,20:55:00,74,S. Korea,51287671,34652,451.0,526,0.0,27885,232.0,6241,97,676,10.0,3083997,60131
2020-12-02,23:00:00,20:58:00,74,S. Korea,51287791,35163,511.0,526,0.0,28065,180.0,6572,101,686,10.0,3106970,60579
2020-12-03,23:00:00,20:59:00,74,S. Korea,51287911,35703,540.0,529,3.0,28352,287.0,6822,117,696,10.0,3131886,61065
2020-12-04,23:00:00,20:57:00,74,S. Korea,51288031,36332,629.0,536,7.0,28611,259.0,7185,116,708,10.0,3157410,61562
2020-12-05,23:00:00,20:58:00,74,S. Korea,51288151,36915,583.0,540,4.0,28917,306.0,7458,121,720,11.0,3180496,62012
2020-12-06,23:00:00,20:51:00,74,S. Korea,51288272,37546,631.0,545,5.0,29128,211.0,7873,125,732,11.0,3194867,62292
2020-12-07,23:00:00,20:57:00,74,S. Korea,51288392,38161,615.0,549,4.0,29301,173.0,8311,126,744,11.0,3209376,62575
2020-12-08,23:00:00,20:59:00,74,S. Korea,51288512,38755,594.0,552,3.0,29650,349.0,8553,134,756,11.0,3221325,62808
2020-12-09,23:00:00,20:59:00,74,S. Korea,51288632,39432,677.0,556,4.0,30177,527.0,8699,149,769,11.0,3253236,63430
2020-12-10,23:00:00,20:59:00,74,S. Korea,51288752,40098,666.0,564,8.0,30637,460.0,8897,172,782,11.0,3277947,63912
2020-12-11,23:00:00,20:59:00,74,S. Korea,51288872,40786,688.0,572,8.0,31157,520.0,9057,169,795,11.0,3311213,64560
2020-12-12,23:00:00,20:58:00,74,S. Korea,51288993,41736,950.0,578,6.0,31493,336.0,9665,179,814,11.0,3349864,65314
2020-12-13,23:00:00,20:59:00,74,S. Korea,51289113,42766,1030.0,580,2.0,31814,321.0,10372,179,834,11.0,3374595,65796
2020-12-14,23:35:00,21:34:00,74,S. Korea,51289233,43484,718.0,587,7.0,32102,288.0,10795,185,848,11.0,3397039,66233
2020-12-15,23:00:00,20:59:00,74,S. Korea,51289353,44364,880.0,600,13.0,32559,457.0,11205,205,865,12.0,3441220,67094
2020-12-16,23:00:00,20:58:00,74,S. Korea,51289473,45442,1078.0,612,12.0,32947,388.0,11883,226,886,12.0,3488769,68021
2020-12-17,23:00:00,20:56:00,74,S. Korea,51289593,46453,1011.0,634,22.0,33610,663.0,12209,242,906,12.0,3538840,68997
2020-12-18,23:00:00,20:57:00,74,S. Korea,51289714,47515,1062.0,645,11.0,33982,372.0,12888,246,926,13.0,3589795,69991
2020-12-19,23:59:00,22:11:00,74,S. Korea,51289834,48570,1055.0,659,14.0,34334,352.0,13577,275,947,13.0,3646247,71091
2020-12-20,23:00:00,20:54:00,74,S. Korea,51289954,49665,1095.0,674,15.0,34722,388.0,14269,278,968,13.0,3683094,71809
2020-12-21,23:00:00,20:59:00,74,S. Korea,51290074,50591,926.0,698,24.0,35155,433.0,14738,274,986,14.0,3713861,72409
2020-12-22,23:00:00,20:59:00,74,S. Korea,51290194,51460,869.0,722,24.0,35928,773.0,14810,281,1003,14.0,3772432,73551
2020-12-23,23:00:00,20:58:00,74,S. Korea,51290314,52550,1090.0,739,17.0,36726,798.0,15085,284,1025,14.0,3826571,74606
2020-12-24,23:00:00,20:55:00,74,S. Korea,51290435,53533,983.0,756,17.0,37425,699.0,15352,291,1044,15.0,3882210,75691
2020-12-25,23:00:00,20:59:00,74,S. Korea,51290555,54770,1237.0,773,17.0,38048,623.0,15949,311,1068,15.0,3939357,76805
2020-12-26,23:00:00,20:59:00,74,S. Korea,51290675,55902,1132.0,793,20.0,38532,484.0,16577,299,1090,15.0,3969415,77391
2020-12-27,23:00:00,20:56:00,74,S. Korea,51290795,56872,970.0,808,15.0,39040,508.0,17024,293,1109,16.0,4006412,78112
2020-12-28,23:00:00,20:58:00,74,S. Korea,51290915,57680,808.0,819,11.0,39268,228.0,17593,295,1125,16.0,4038307,78733
2020-12-29,23:00:00,20:54:00,74,S. Korea,51291035,58725,1045.0,859,40.0,40703,1435.0,17163,330,1145,17.0,4098181,79901
2020-12-30,23:00:00,20:54:00,74,S. Korea,51291155,59773,1048.0,879,20.0,41435,732.0,17459,332,1165,17.0,4159522,81096
2020-12-31,23:00:00,20:44:00,74,S. Korea,51291276,60740,967.0,900,21.0,42271,836.0,17569,344,1184,18.0,4213880,82156
2021-01-01,23:00:00,20:54:00,74,S. Korea,51291396,61769,1029.0,917,17.0,42953,682.0,17899,354,1204,18.0,4269318,83237
2021-01-02,23:00:00,20:56:00,74,S. Korea,51291516,62593,824.0,942,25.0,43578,625.0,18073,361,1220,18.0,4302799,83889
2021-01-03,23:00:00,20:59:00,74,S. Korea,51291636,63244,651.0,962,20.0,44507,929.0,17775,355,1233,19.0,4340838,84631
2021-01-04,23:00:00,20:57:00,74,S. Korea,51291756,64264,1020.0,981,19.0,45240,733.0,18043,351,1253,19.0,4376608,85328
2021-01-05,23:00:00,20:51:00,74,S. Korea,51291876,64979,715.0,1007,26.0,46172,932.0,17800,386,1267,20.0,4439361,86551
2021-01-06,23:00:00,20:59:00,74,S. Korea,51291997,65818,839.0,1027,20.0,46995,823.0,17796,411,1283,20.0,4504868,87828
2021-01-07,23:00:00,20:59:00,74,S. Korea,51292117,66686,868.0,1046,19.0,47649,654.0,17991,400,1300,20.0,4569809,89094
2021-01-08,23:00:00,20:59:00,74,S. Korea,51292237,67358,672.0,1081,35.0,48369,720.0,17908,404,1313,21.0,4630004,90267
2021-01-09,23:00:00,20:55:00,74,S. Korea,51292357,67999,641.0,1100,19.0,49324,955.0,17575,409,1326,21.0,4689616,91429
2021-01-10,23:32:00,21:29:00,74,S. Korea,51292477,68664,665.0,1125,25.0,50409,1085.0,17130,401,1339,22.0,4723464,92089
2021-01-11,12:22:00,10:21:00,74,S. Korea,51292597,69114,450.0,1140,15.0,52552,2143.0,15422,395,1347,22.0,4751685,92639
