Scrap_time,Update_time_GMT,Date,Country_id,Country,Population,TotalCases,NewCases,TotalDeaths,NewDeaths,TotalRecovered,NewRecovered,ActiveCases,SeriousCritical,Tot_Cases_1Mpop,Deaths_1Mpop,TotalTests,Tests_1Mpop
2020-08-02 20:00:00,,2020-08-02,197,Saint Lucia,183701,25,,,,22,,3,,136,,3348,18225
2020-08-08 20:00:00,,2020-08-08,197,Saint Lucia,183714,25,0.0,,,24,2.0,1,,136,,3973,21626
2020-08-12 20:00:00,,2020-08-12,197,Saint Lucia,183723,25,0.0,,,25,1.0,0,,136,,4274,23263
2020-08-16 20:00:00,,2020-08-16,197,Saint Lucia,183733,25,0.0,,,25,0.0,0,,136,,4465,24302
2020-08-17 20:00:00,,2020-08-17,197,Saint Lucia,183735,25,0.0,,,25,0.0,0,,136,,4616,25123
2020-08-18 20:00:00,,2020-08-18,197,Saint Lucia,183737,25,0.0,,,25,0.0,0,,136,,4768,25950
2020-08-19 20:00:00,,2020-08-19,197,Saint Lucia,183739,26,1.0,,,25,0.0,1,,142,,4801,26129
2020-08-20 17:53:00,,2020-08-20,197,Saint Lucia,183742,26,0.0,,,25,0.0,1,,142,,4801,26129
2020-08-23 21:09:00,,2020-08-23,197,Saint Lucia,183749,26,0.0,,,25,0.0,1,,141,,4946,26917
2020-08-24 17:10:00,,2020-08-24,197,Saint Lucia,183751,26,0.0,,,25,0.0,1,,141,,4946,26917
2020-08-25 23:00:00,,2020-08-25,197,Saint Lucia,183753,26,0.0,,,25,0.0,1,,141,,4946,26917
2020-08-26 22:59:00,,2020-08-26,197,Saint Lucia,183756,26,0.0,,,25,0.0,1,,141,,4946,26916
2020-08-27 23:00:00,,2020-08-27,197,Saint Lucia,183758,26,0.0,,,25,0.0,1,,141,,5269,28674
2020-08-28 23:01:00,,2020-08-28,197,Saint Lucia,183760,26,0.0,,,25,0.0,1,,141,,5323,28967
2020-08-29 12:29:00,,2020-08-29,197,Saint Lucia,183762,26,0.0,,,25,0.0,1,,141,,5323,28967
2020-08-30 23:00:00,,2020-08-30,197,Saint Lucia,183765,26,0.0,,,25,0.0,1,,141,,5323,28966
2020-08-31 18:58:00,,2020-08-31,197,Saint Lucia,183767,26,0.0,,,25,0.0,1,,141,,5471,29771
2020-09-01 23:00:00,,2020-09-01,197,Saint Lucia,183769,26,0.0,,,25,0.0,1,,141,,5542,30157
2020-09-02 23:01:00,,2020-09-02,197,Saint Lucia,183772,26,0.0,,,26,1.0,0,,141,,5651,30750
2020-09-03 23:01:00,,2020-09-03,197,Saint Lucia,183774,26,0.0,,,26,0.0,0,,141,,5730,31180
2020-09-04 07:01:00,,2020-09-04,197,Saint Lucia,183776,26,0.0,,,26,0.0,0,,141,,5730,31179
2020-09-05 23:31:00,,2020-09-05,197,Saint Lucia,183778,26,0.0,,,26,0.0,0,,141,,5835,31750
2020-09-06 18:30:00,,2020-09-06,197,Saint Lucia,183781,26,0.0,,,26,0.0,0,,141,,5875,31967
2020-09-07 23:39:00,,2020-09-07,197,Saint Lucia,183783,26,0.0,,,26,0.0,0,,141,,5977,32522
2020-09-08 22:10:00,,2020-09-08,197,Saint Lucia,183785,26,0.0,,,26,0.0,0,,141,,5977,32522
2020-09-10 22:01:00,,2020-09-10,197,Saint Lucia,183790,27,1.0,,,26,0.0,1,,147,,6130,33353
2020-09-11 22:00:00,,2020-09-11,197,Saint Lucia,183792,27,0.0,,,26,0.0,1,,147,,7107,38669
2020-09-12 22:22:00,,2020-09-12,197,Saint Lucia,183794,27,0.0,,,26,0.0,1,,147,,7160,38957
2020-09-13 22:01:00,,2020-09-13,197,Saint Lucia,183797,27,0.0,,,26,0.0,1,,147,,7221,39288
2020-09-14 22:04:00,,2020-09-14,197,Saint Lucia,183799,27,0.0,,,26,0.0,1,,147,,7221,39287
2020-09-15 21:00:00,,2020-09-15,197,Saint Lucia,183801,27,0.0,,,26,0.0,1,,147,,7221,39287
2020-09-16 21:01:00,,2020-09-16,197,Saint Lucia,183804,27,0.0,,,26,0.0,1,,147,,7419,40364
2020-09-18 20:01:00,,2020-09-18,197,Saint Lucia,183808,27,0.0,,,26,0.0,1,,147,,7547,41059
2020-09-19 21:00:00,,2020-09-19,197,Saint Lucia,183810,27,0.0,,,26,0.0,1,,147,,7616,41434
2020-09-20 22:31:00,,2020-09-20,197,Saint Lucia,183813,27,0.0,,,26,0.0,1,,147,,7672,41738
2020-09-21 21:01:00,,2020-09-21,197,Saint Lucia,183815,27,0.0,,,26,0.0,1,,147,,7766,42249
2020-09-22 21:01:00,,2020-09-22,197,Saint Lucia,183817,27,0.0,,,26,0.0,1,,147,,7766,42249
2020-09-23 19:58:00,,2020-09-23,197,Saint Lucia,183820,27,0.0,,,26,0.0,1,,147,,7766,42248
2020-09-24 21:00:00,,2020-09-24,197,Saint Lucia,183822,27,0.0,,,26,0.0,1,,147,,7766,42247
2020-09-25 21:00:00,,2020-09-25,197,Saint Lucia,183824,27,0.0,,,26,0.0,1,,147,,7766,42247
2020-09-26 21:00:00,,2020-09-26,197,Saint Lucia,183826,27,0.0,,,27,1.0,0,,147,,7994,43487
2020-09-27 22:45:00,,2020-09-27,197,Saint Lucia,183829,27,0.0,,,27,0.0,0,,147,,7994,43486
2020-09-28 22:00:00,,2020-09-28,197,Saint Lucia,183831,27,0.0,,,27,0.0,0,,147,,7994,43486
2020-09-29 21:35:00,,2020-09-29,197,Saint Lucia,183833,27,0.0,,,27,0.0,0,,147,,8120,44171
2020-09-30 22:00:00,,2020-09-30,197,Saint Lucia,183836,27,0.0,,,27,0.0,0,,147,,8120,44170
2020-10-01 21:31:00,,2020-10-01,197,Saint Lucia,183838,27,0.0,,,27,0.0,0,,147,,8120,44169
2020-10-02 22:36:00,,2020-10-02,197,Saint Lucia,183840,27,0.0,,,27,0.0,0,,147,,8120,44169
2020-10-03 22:24:00,,2020-10-03,197,Saint Lucia,183842,27,0.0,,,27,0.0,0,,147,,8120,44168
2020-10-04 21:01:00,,2020-10-04,197,Saint Lucia,183845,27,0.0,,,27,0.0,0,,147,,8120,44168
2020-10-05 22:13:00,,2020-10-05,197,Saint Lucia,183847,27,0.0,,,27,0.0,0,,147,,8439,45902
2020-10-06 23:01:00,,2020-10-06,197,Saint Lucia,183849,27,0.0,,,27,0.0,0,,147,,8439,45902
2020-10-07 23:01:00,,2020-10-07,197,Saint Lucia,183852,27,0.0,,,27,0.0,0,,147,,8439,45901
2020-10-08 23:59:00,,2020-10-08,197,Saint Lucia,183854,28,1.0,,,27,0.0,1,,152,,8591,46727
2020-10-09 23:00:00,,2020-10-09,197,Saint Lucia,183856,28,0.0,,,27,0.0,1,,152,,8591,46727
2020-10-10 23:00:00,,2020-10-10,197,Saint Lucia,183858,28,0.0,,,27,0.0,1,,152,,8591,46726
2020-10-12 23:10:00,,2020-10-12,197,Saint Lucia,183863,29,1.0,,,27,0.0,2,,158,,8715,47399
2020-10-13 23:01:00,,2020-10-13,197,Saint Lucia,183865,29,0.0,,,27,0.0,2,,158,,8801,47867
2020-10-14 23:01:00,,2020-10-14,197,Saint Lucia,183868,29,0.0,,,27,0.0,2,,158,,8827,48007
2020-10-15 14:09:00,11:06:00,2020-10-15,197,Saint Lucia,183870,31,2.0,,,27,0.0,4,,169,,8907,48442
2020-10-16 22:08:00,19:06:00,2020-10-16,197,Saint Lucia,183872,31,0.0,,,27,0.0,4,,169,,8957,48713
2020-10-17 23:01:00,19:58:00,2020-10-17,197,Saint Lucia,183874,33,2.0,,,27,0.0,6,,179,,9027,49093
2020-10-18 22:05:00,19:03:00,2020-10-18,197,Saint Lucia,183877,33,0.0,,,27,0.0,6,,179,,9107,49528
2020-10-19 22:05:00,18:59:00,2020-10-19,197,Saint Lucia,183879,36,3.0,,,27,0.0,9,,196,,9132,49663
2020-10-20 22:05:00,19:04:00,2020-10-20,197,Saint Lucia,183881,36,0.0,,,27,0.0,9,,196,,9132,49663
2020-10-21 22:05:00,19:03:00,2020-10-21,197,Saint Lucia,183884,38,2.0,,,27,0.0,11,,207,,9472,51511
2020-10-22 22:05:00,19:04:00,2020-10-22,197,Saint Lucia,183886,42,4.0,,,27,0.0,15,,228,,9597,52190
2020-10-23 22:05:00,19:02:00,2020-10-23,197,Saint Lucia,183888,42,0.0,,,27,0.0,15,,228,,9597,52189
2020-10-24 23:41:00,20:40:00,2020-10-24,197,Saint Lucia,183890,52,10.0,,,27,0.0,25,,283,,9852,53576
2020-10-25 23:00:00,20:58:00,2020-10-25,197,Saint Lucia,183893,54,2.0,,,27,0.0,27,,294,,10177,55342
2020-10-26 23:00:00,20:56:00,2020-10-26,197,Saint Lucia,183895,54,0.0,,,27,0.0,27,,294,,10177,55341
2020-10-27 23:00:00,20:58:00,2020-10-27,197,Saint Lucia,183897,63,9.0,,,27,0.0,36,,343,,10291,55961
2020-10-28 23:00:00,20:58:00,2020-10-28,197,Saint Lucia,183900,67,4.0,,,27,0.0,40,,364,,10617,57732
2020-10-29 23:00:00,20:57:00,2020-10-29,197,Saint Lucia,183902,76,9.0,,,27,0.0,49,,413,,10686,58107
2020-10-30 23:00:00,20:58:00,2020-10-30,197,Saint Lucia,183904,76,0.0,,,27,0.0,49,,413,,10686,58106
2020-10-31 23:00:00,20:59:00,2020-10-31,197,Saint Lucia,183907,78,2.0,,,28,1.0,50,,424,,10794,58693
2020-11-01 23:00:00,20:59:00,2020-11-01,197,Saint Lucia,183909,84,6.0,,,28,0.0,56,,457,,10951,59546
2020-11-02 23:00:00,20:57:00,2020-11-02,197,Saint Lucia,183911,84,0.0,,,28,0.0,56,,457,,10951,59545
2020-11-03 23:00:00,20:59:00,2020-11-03,197,Saint Lucia,183913,94,10.0,,,32,4.0,62,,511,,11535,62720
2020-11-04 23:00:00,20:57:00,2020-11-04,197,Saint Lucia,183916,105,11.0,,,32,0.0,73,,571,,11642,63301
2020-11-05 23:00:00,20:59:00,2020-11-05,197,Saint Lucia,183918,106,1.0,,,32,0.0,74,,576,,11864,64507
2020-11-06 23:00:00,20:58:00,2020-11-06,197,Saint Lucia,183920,110,4.0,,,32,0.0,78,,598,,12088,65724
2020-11-07 23:00:00,20:57:00,2020-11-07,197,Saint Lucia,183923,110,0.0,,,32,0.0,78,,598,,12088,65723
2020-11-08 23:00:00,20:49:00,2020-11-08,197,Saint Lucia,183925,123,13.0,,,32,0.0,91,,669,,12218,66429
2020-11-09 23:00:00,20:59:00,2020-11-09,197,Saint Lucia,183927,131,8.0,,,32,0.0,99,,712,,12218,66429
2020-11-10 23:00:00,20:59:00,2020-11-10,197,Saint Lucia,183929,142,11.0,,,32,0.0,110,,772,,12824,69723
2020-11-11 23:00:00,20:56:00,2020-11-11,197,Saint Lucia,183932,148,6.0,2.0,,32,0.0,114,,805,11.0,12824,69721
2020-11-12 23:00:00,20:59:00,2020-11-12,197,Saint Lucia,183934,148,0.0,2.0,0.0,46,14.0,100,,805,11.0,13036,70873
2020-11-13 23:00:00,20:58:00,2020-11-13,197,Saint Lucia,183936,156,8.0,2.0,0.0,46,0.0,108,,848,11.0,13234,71949
2020-11-14 23:00:00,20:57:00,2020-11-14,197,Saint Lucia,183939,160,4.0,2.0,0.0,46,0.0,112,,870,11.0,13465,73204
2020-11-15 23:00:00,20:53:00,2020-11-15,197,Saint Lucia,183941,162,2.0,2.0,0.0,46,0.0,114,,881,11.0,13857,75334
2020-11-16 23:00:00,20:59:00,2020-11-16,197,Saint Lucia,183943,171,9.0,2.0,0.0,59,13.0,110,,930,11.0,13857,75333
2020-11-17 23:00:00,20:58:00,2020-11-17,197,Saint Lucia,183945,178,7.0,2.0,0.0,60,1.0,116,,968,11.0,14141,76876
2020-11-18 23:00:00,20:57:00,2020-11-18,197,Saint Lucia,183948,183,5.0,2.0,0.0,60,0.0,121,,995,11.0,14276,77609
2020-11-19 23:00:00,20:59:00,2020-11-19,197,Saint Lucia,183950,203,20.0,2.0,0.0,60,0.0,141,,1104,11.0,14449,78549
2020-11-20 23:00:00,20:59:00,2020-11-20,197,Saint Lucia,183952,203,0.0,2.0,0.0,60,0.0,141,,1104,11.0,14449,78548
2020-11-21 23:00:00,20:58:00,2020-11-21,197,Saint Lucia,183955,203,0.0,2.0,0.0,60,0.0,141,,1104,11.0,14449,78546
2020-11-22 23:00:00,20:59:00,2020-11-22,197,Saint Lucia,183957,204,1.0,2.0,0.0,60,0.0,142,,1109,11.0,14591,79317
2020-11-23 23:00:00,20:58:00,2020-11-23,197,Saint Lucia,183959,223,19.0,2.0,0.0,106,46.0,115,,1212,11.0,14993,81502
2020-11-24 23:00:00,20:57:00,2020-11-24,197,Saint Lucia,183961,226,3.0,2.0,0.0,109,3.0,115,,1229,11.0,15079,81968
2020-11-25 23:00:00,20:58:00,2020-11-25,197,Saint Lucia,183964,226,0.0,2.0,0.0,109,0.0,115,,1229,11.0,15079,81967
2020-11-26 23:00:00,20:47:00,2020-11-26,197,Saint Lucia,183966,238,12.0,2.0,0.0,109,0.0,127,,1294,11.0,15448,83972
2020-11-27 23:00:00,20:59:00,2020-11-27,197,Saint Lucia,183968,246,8.0,2.0,0.0,109,0.0,135,,1337,11.0,15634,84982
2020-11-28 23:00:00,20:46:00,2020-11-28,197,Saint Lucia,183971,246,0.0,2.0,0.0,109,0.0,135,,1337,11.0,15634,84981
2020-11-29 23:00:00,20:51:00,2020-11-29,197,Saint Lucia,183973,257,11.0,2.0,0.0,109,0.0,146,,1397,11.0,16034,87154
2020-11-30 23:00:00,20:57:00,2020-11-30,197,Saint Lucia,183975,259,2.0,2.0,0.0,131,22.0,126,,1408,11.0,16074,87371
2020-12-01 23:00:00,20:55:00,2020-12-01,197,Saint Lucia,183977,259,0.0,2.0,0.0,131,0.0,126,,1408,11.0,16074,87370
2020-12-02 23:00:00,20:58:00,2020-12-02,197,Saint Lucia,183980,261,2.0,2.0,0.0,141,10.0,118,,1419,11.0,16302,88607
2020-12-03 23:00:00,20:59:00,2020-12-03,197,Saint Lucia,183982,261,0.0,2.0,0.0,141,0.0,118,,1419,11.0,16376,89009
2020-12-04 23:00:00,20:57:00,2020-12-04,197,Saint Lucia,183984,262,1.0,2.0,0.0,141,0.0,119,,1424,11.0,16500,89682
2020-12-05 23:00:00,20:58:00,2020-12-05,197,Saint Lucia,183987,265,3.0,2.0,0.0,158,17.0,105,,1440,11.0,16641,90447
2020-12-06 23:00:00,20:51:00,2020-12-06,197,Saint Lucia,183989,265,0.0,2.0,0.0,158,0.0,105,,1440,11.0,16641,90446
2020-12-07 23:00:00,20:57:00,2020-12-07,197,Saint Lucia,183991,270,5.0,2.0,0.0,165,7.0,103,,1467,11.0,16774,91168
2020-12-08 23:00:00,20:59:00,2020-12-08,197,Saint Lucia,183993,270,0.0,2.0,0.0,169,4.0,99,,1467,11.0,16900,91851
2020-12-09 23:00:00,20:59:00,2020-12-09,197,Saint Lucia,183996,270,0.0,2.0,0.0,169,0.0,99,,1467,11.0,16900,91850
2020-12-10 23:00:00,20:59:00,2020-12-10,197,Saint Lucia,183998,271,1.0,3.0,1.0,177,8.0,91,,1473,16.0,17063,92735
2020-12-11 23:00:00,20:59:00,2020-12-11,197,Saint Lucia,184000,274,3.0,4.0,1.0,186,9.0,84,,1489,22.0,17231,93647
2020-12-12 23:00:00,20:58:00,2020-12-12,197,Saint Lucia,184003,274,0.0,4.0,0.0,186,0.0,84,,1489,22.0,17231,93645
2020-12-13 23:00:00,20:59:00,2020-12-13,197,Saint Lucia,184005,275,1.0,4.0,0.0,203,17.0,68,,1495,22.0,17571,95492
2020-12-14 23:35:00,21:34:00,2020-12-14,197,Saint Lucia,184007,275,0.0,4.0,0.0,203,0.0,68,,1495,22.0,17571,95491
2020-12-15 23:00:00,20:59:00,2020-12-15,197,Saint Lucia,184009,278,3.0,4.0,0.0,240,37.0,34,,1511,22.0,17752,96474
2020-12-16 23:00:00,20:58:00,2020-12-16,197,Saint Lucia,184012,278,0.0,4.0,0.0,240,0.0,34,,1511,22.0,17752,96472
2020-12-17 23:00:00,20:56:00,2020-12-17,197,Saint Lucia,184014,278,0.0,4.0,0.0,246,6.0,28,,1511,22.0,17986,97743
2020-12-18 23:00:00,20:57:00,2020-12-18,197,Saint Lucia,184016,279,1.0,5.0,1.0,246,0.0,28,,1516,27.0,18134,98546
2020-12-19 23:59:00,22:11:00,2020-12-19,197,Saint Lucia,184019,280,1.0,5.0,0.0,253,7.0,22,,1522,27.0,18291,99397
2020-12-20 23:00:00,20:54:00,2020-12-20,197,Saint Lucia,184021,282,2.0,5.0,0.0,253,0.0,24,,1532,27.0,18410,100043
2020-12-21 23:00:00,20:59:00,2020-12-21,197,Saint Lucia,184023,287,5.0,5.0,0.0,258,5.0,24,,1560,27.0,18564,100879
2020-12-22 23:00:00,20:59:00,2020-12-22,197,Saint Lucia,184025,287,0.0,5.0,0.0,261,3.0,21,,1560,27.0,18643,101307
2020-12-23 23:00:00,20:58:00,2020-12-23,197,Saint Lucia,184028,305,18.0,5.0,0.0,264,3.0,36,,1657,27.0,18912,102767
2020-12-24 23:00:00,20:55:00,2020-12-24,197,Saint Lucia,184030,305,0.0,5.0,0.0,264,0.0,36,,1657,27.0,18912,102766
2020-12-25 23:00:00,20:59:00,2020-12-25,197,Saint Lucia,184032,305,0.0,5.0,0.0,267,3.0,33,,1657,27.0,18999,103237
2020-12-26 23:00:00,20:59:00,2020-12-26,197,Saint Lucia,184035,305,0.0,5.0,0.0,267,0.0,33,,1657,27.0,18999,103236
2020-12-27 23:00:00,20:56:00,2020-12-27,197,Saint Lucia,184037,305,0.0,5.0,0.0,267,0.0,33,,1657,27.0,18999,103235
2020-12-28 23:00:00,20:58:00,2020-12-28,197,Saint Lucia,184039,305,0.0,5.0,0.0,267,0.0,33,,1657,27.0,18999,103234
2020-12-29 23:00:00,20:54:00,2020-12-29,197,Saint Lucia,184041,331,26.0,5.0,0.0,274,7.0,52,,1799,27.0,19313,104939
2020-12-30 23:00:00,20:54:00,2020-12-30,197,Saint Lucia,184044,340,9.0,5.0,0.0,278,4.0,57,,1847,27.0,19562,106290
2020-12-31 23:00:00,20:44:00,2020-12-31,197,Saint Lucia,184046,353,13.0,5.0,0.0,289,11.0,59,,1918,27.0,19762,107375
2021-01-01 23:00:00,20:54:00,2021-01-01,197,Saint Lucia,184048,353,0.0,5.0,0.0,289,0.0,59,,1918,27.0,19762,107374
2021-01-02 23:00:00,20:56:00,2021-01-02,197,Saint Lucia,184051,353,0.0,5.0,0.0,289,0.0,59,,1918,27.0,19814,107655
2021-01-03 23:00:00,20:59:00,2021-01-03,197,Saint Lucia,184053,353,0.0,5.0,0.0,289,0.0,59,,1918,27.0,19814,107654
2021-01-04 23:00:00,20:57:00,2021-01-04,197,Saint Lucia,184055,353,0.0,5.0,0.0,289,0.0,59,,1918,27.0,19814,107653
2021-01-05 23:00:00,20:51:00,2021-01-05,197,Saint Lucia,184058,360,7.0,5.0,0.0,292,3.0,63,,1956,27.0,20049,108928
2021-01-06 23:00:00,20:59:00,2021-01-06,197,Saint Lucia,184060,380,20.0,5.0,0.0,292,0.0,83,,2065,27.0,20049,108926
2021-01-07 23:00:00,20:59:00,2021-01-07,197,Saint Lucia,184062,382,2.0,5.0,0.0,292,0.0,85,,2075,27.0,20191,109697
2021-01-08 23:00:00,20:59:00,2021-01-08,197,Saint Lucia,184064,383,1.0,5.0,0.0,304,12.0,74,,2081,27.0,20411,110891
2021-01-09 23:00:00,20:55:00,2021-01-09,197,Saint Lucia,184067,395,12.0,5.0,0.0,309,5.0,81,,2146,27.0,20621,112030
2021-01-10 23:32:00,21:29:00,2021-01-10,197,Saint Lucia,184069,438,43.0,5.0,0.0,309,0.0,124,,2380,27.0,20697,112442
2021-01-11 23:40:00,21:37:00,2021-01-11,197,Saint Lucia,184071,438,0.0,5.0,0.0,309,0.0,124,,2380,27.0,20697,112440
2021-01-12 23:52:00,21:48:00,2021-01-12,197,Saint Lucia,184074,462,24.0,5.0,0.0,309,0.0,148,,2510,27.0,21159,114948
2021-01-13 23:58:00,21:57:00,2021-01-13,197,Saint Lucia,184076,502,40.0,6.0,1.0,319,10.0,177,,2727,33.0,21568,117169
2021-01-14 23:55:00,21:54:00,2021-01-14,197,Saint Lucia,184078,502,0.0,6.0,0.0,319,0.0,177,,2727,33.0,21568,117168
2021-01-15 19:50:00,00:00:00,2021-01-15,197,Saint Lucia,184083,576,74.0,6.0,0.0,329,10.0,241,1.0,3129,33.0,21807,118463
2021-01-16 23:55:00,21:54:00,2021-01-16,197,Saint Lucia,184083,576,0.0,6.0,0.0,329,0.0,241,1.0,3129,33.0,21807,118463
2021-01-17 23:55:00,21:54:00,2021-01-17,197,Saint Lucia,184085,611,35.0,8.0,2.0,329,0.0,274,1.0,3319,43.0,22060,119836
2021-01-18 23:55:00,21:42:00,2021-01-18,197,Saint Lucia,184087,621,10.0,8.0,0.0,329,0.0,284,1.0,3373,43.0,22552,122507
2021-01-19 08:37:00,00:00:00,2021-01-19,197,Saint Lucia,184092,656,35.0,8.0,0.0,336,7.0,312,1.0,3563,43.0,22552,122504
2021-01-20 09:12:00,00:00:00,2021-01-20,197,Saint Lucia,184094,713,57.0,8.0,0.0,344,8.0,361,1.0,3873,43.0,22768,123676
2021-01-21 23:55:00,21:54:00,2021-01-21,197,Saint Lucia,184094,718,5.0,9.0,1.0,354,10.0,355,1.0,3900,49.0,22768,123676
