Date,Scrap_time,Update_time_GMT,Country_id,Country,Population,TotalCases,NewCases,TotalDeaths,NewDeaths,TotalRecovered,NewRecovered,ActiveCases,SeriousCritical,Tot_Cases_1Mpop,Deaths_1Mpop,TotalTests,Tests_1Mpop
2020-08-02,20:00:00,,160,Sao Tome and Principe,219488,874,,15,,782,,77,,3982,68.0,2940,13395
2020-08-08,20:00:00,,160,Sao Tome and Principe,219555,878,4.0,15,0.0,799,17.0,64,,3999,68.0,3120,14211
2020-08-12,20:00:00,,160,Sao Tome and Principe,219599,881,3.0,15,0.0,804,5.0,62,,4012,68.0,3160,14390
2020-08-16,20:00:00,,160,Sao Tome and Principe,219644,885,4.0,15,0.0,815,11.0,55,,4029,68.0,3261,14847
2020-08-17,20:00:00,,160,Sao Tome and Principe,219655,885,0.0,15,0.0,818,3.0,52,,4029,68.0,3279,14928
2020-08-18,20:00:00,,160,Sao Tome and Principe,219666,885,0.0,15,0.0,821,3.0,49,,4029,68.0,3279,14927
2020-08-19,20:00:00,,160,Sao Tome and Principe,219677,885,0.0,15,0.0,826,5.0,44,,4029,68.0,3303,15036
2020-08-20,17:53:00,,160,Sao Tome and Principe,219688,887,2.0,15,0.0,829,3.0,43,,4038,68.0,3356,15276
2020-08-23,21:09:00,,160,Sao Tome and Principe,219722,892,5.0,15,0.0,831,2.0,46,,4060,68.0,3482,15847
2020-08-24,17:10:00,,160,Sao Tome and Principe,219733,892,0.0,15,0.0,831,0.0,46,,4059,68.0,3482,15847
2020-08-25,23:00:00,,160,Sao Tome and Principe,219744,892,0.0,15,0.0,832,1.0,45,,4059,68.0,3492,15891
2020-08-26,22:59:00,,160,Sao Tome and Principe,219755,892,0.0,15,0.0,833,1.0,44,,4059,68.0,3546,16136
2020-08-27,23:00:00,,160,Sao Tome and Principe,219766,892,0.0,15,0.0,842,9.0,35,,4059,68.0,3601,16386
2020-08-28,23:01:00,,160,Sao Tome and Principe,219777,894,2.0,15,0.0,846,4.0,33,,4068,68.0,3641,16567
2020-08-29,12:29:00,,160,Sao Tome and Principe,219789,895,1.0,15,0.0,848,2.0,32,,4072,68.0,3693,16802
2020-08-30,23:00:00,,160,Sao Tome and Principe,219800,895,0.0,15,0.0,848,0.0,32,,4072,68.0,3746,17043
2020-08-31,18:58:00,,160,Sao Tome and Principe,219811,896,1.0,15,0.0,851,3.0,30,,4076,68.0,3792,17251
2020-09-01,23:00:00,,160,Sao Tome and Principe,219822,896,0.0,15,0.0,851,0.0,30,,4076,68.0,3831,17428
2020-09-02,23:01:00,,160,Sao Tome and Principe,219833,896,0.0,15,0.0,853,2.0,28,,4076,68.0,3843,17481
2020-09-03,23:01:00,,160,Sao Tome and Principe,219844,896,0.0,15,0.0,855,2.0,26,,4076,68.0,3875,17626
2020-09-04,07:01:00,,160,Sao Tome and Principe,219855,897,1.0,15,0.0,857,2.0,25,,4080,68.0,3929,17871
2020-09-05,23:31:00,,160,Sao Tome and Principe,219867,897,0.0,15,0.0,859,2.0,23,,4080,68.0,4042,18384
2020-09-06,18:30:00,,160,Sao Tome and Principe,219878,898,1.0,15,0.0,859,0.0,24,,4084,68.0,4090,18601
2020-09-07,23:39:00,,160,Sao Tome and Principe,219889,898,0.0,15,0.0,859,0.0,24,,4084,68.0,4105,18669
2020-09-08,22:10:00,,160,Sao Tome and Principe,219900,898,0.0,15,0.0,859,0.0,24,,4084,68.0,4105,18668
2020-09-10,22:01:00,,160,Sao Tome and Principe,219922,898,0.0,15,0.0,862,3.0,21,,4083,68.0,4119,18729
2020-09-11,22:00:00,,160,Sao Tome and Principe,219933,901,3.0,15,0.0,866,4.0,20,,4097,68.0,4180,19006
2020-09-12,22:22:00,,160,Sao Tome and Principe,219944,906,5.0,15,0.0,866,0.0,25,,4119,68.0,4240,19278
2020-09-13,22:01:00,,160,Sao Tome and Principe,219956,906,0.0,15,0.0,866,0.0,25,,4119,68.0,4240,19277
2020-09-14,22:04:00,,160,Sao Tome and Principe,219967,906,0.0,15,0.0,870,4.0,21,,4119,68.0,4310,19594
2020-09-15,21:00:00,,160,Sao Tome and Principe,219978,906,0.0,15,0.0,870,0.0,21,,4119,68.0,4336,19711
2020-09-16,21:01:00,,160,Sao Tome and Principe,219989,907,1.0,15,0.0,871,1.0,21,,4123,68.0,4410,20046
2020-09-18,20:01:00,,160,Sao Tome and Principe,220011,907,0.0,15,0.0,873,2.0,19,,4123,68.0,4433,20149
2020-09-19,21:00:00,,160,Sao Tome and Principe,220022,908,1.0,15,0.0,873,0.0,20,,4127,68.0,4523,20557
2020-09-20,22:31:00,,160,Sao Tome and Principe,220034,908,0.0,15,0.0,876,3.0,17,,4127,68.0,4572,20779
2020-09-21,21:01:00,,160,Sao Tome and Principe,220045,908,0.0,15,0.0,878,2.0,15,,4126,68.0,4638,21078
2020-09-22,21:01:00,,160,Sao Tome and Principe,220056,908,0.0,15,0.0,880,2.0,13,,4126,68.0,4638,21076
2020-09-23,19:58:00,,160,Sao Tome and Principe,220067,908,0.0,15,0.0,880,0.0,13,,4126,68.0,4638,21075
2020-09-24,21:00:00,,160,Sao Tome and Principe,220078,908,0.0,15,0.0,880,0.0,13,,4126,68.0,4674,21238
2020-09-25,21:00:00,,160,Sao Tome and Principe,220089,910,2.0,15,0.0,881,1.0,14,,4135,68.0,4762,21637
2020-09-26,21:00:00,,160,Sao Tome and Principe,220100,911,1.0,15,0.0,881,0.0,15,,4139,68.0,4793,21776
2020-09-27,22:45:00,,160,Sao Tome and Principe,220112,911,0.0,15,0.0,883,2.0,13,,4139,68.0,4814,21871
2020-09-28,22:00:00,,160,Sao Tome and Principe,220123,911,0.0,15,0.0,883,0.0,13,,4139,68.0,4814,21870
2020-09-29,21:35:00,,160,Sao Tome and Principe,220134,911,0.0,15,0.0,885,2.0,11,,4138,68.0,4865,22100
2020-09-30,22:00:00,,160,Sao Tome and Principe,220145,911,0.0,15,0.0,885,0.0,11,,4138,68.0,4891,22217
2020-10-01,21:31:00,,160,Sao Tome and Principe,220156,911,0.0,15,0.0,886,1.0,10,,4138,68.0,4936,22420
2020-10-02,22:36:00,,160,Sao Tome and Principe,220167,911,0.0,15,0.0,886,0.0,10,,4138,68.0,4967,22560
2020-10-03,22:24:00,,160,Sao Tome and Principe,220178,911,0.0,15,0.0,886,0.0,10,,4138,68.0,5024,22818
2020-10-04,21:01:00,,160,Sao Tome and Principe,220189,913,2.0,15,0.0,886,0.0,12,,4146,68.0,5074,23044
2020-10-05,22:13:00,,160,Sao Tome and Principe,220201,913,0.0,15,0.0,887,1.0,11,,4146,68.0,5109,23202
2020-10-06,23:01:00,,160,Sao Tome and Principe,220212,913,0.0,15,0.0,888,1.0,10,,4146,68.0,5122,23259
2020-10-07,23:01:00,,160,Sao Tome and Principe,220223,914,1.0,15,0.0,888,0.0,11,,4150,68.0,5159,23426
2020-10-08,23:59:00,,160,Sao Tome and Principe,220234,914,0.0,15,0.0,888,0.0,11,,4150,68.0,5212,23666
2020-10-09,23:00:00,,160,Sao Tome and Principe,220245,921,7.0,15,0.0,890,2.0,16,,4182,68.0,5240,23792
2020-10-10,23:00:00,,160,Sao Tome and Principe,220256,922,1.0,15,0.0,890,0.0,17,,4186,68.0,5308,24099
2020-10-12,23:10:00,,160,Sao Tome and Principe,220279,929,7.0,15,0.0,892,2.0,22,,4217,68.0,5349,24283
2020-10-13,23:01:00,,160,Sao Tome and Principe,220290,929,0.0,15,0.0,895,3.0,19,,4217,68.0,5374,24395
2020-10-14,23:01:00,,160,Sao Tome and Principe,220301,929,0.0,15,0.0,895,0.0,19,,4217,68.0,5447,24725
2020-10-15,14:09:00,11:06:00,160,Sao Tome and Principe,220312,929,0.0,15,0.0,896,1.0,18,,4217,68.0,5482,24883
2020-10-16,22:08:00,19:06:00,160,Sao Tome and Principe,220323,929,0.0,15,0.0,896,0.0,18,,4217,68.0,5498,24954
2020-10-17,23:01:00,19:58:00,160,Sao Tome and Principe,220334,932,3.0,15,0.0,896,0.0,21,,4230,68.0,5559,25230
2020-10-18,22:05:00,19:03:00,160,Sao Tome and Principe,220345,932,0.0,15,0.0,896,0.0,21,,4230,68.0,5608,25451
2020-10-19,22:05:00,18:59:00,160,Sao Tome and Principe,220356,933,1.0,15,0.0,898,2.0,20,,4234,68.0,5673,25745
2020-10-20,22:05:00,19:04:00,160,Sao Tome and Principe,220368,933,0.0,15,0.0,898,0.0,20,,4234,68.0,5683,25789
2020-10-21,22:05:00,19:03:00,160,Sao Tome and Principe,220379,933,0.0,15,0.0,898,0.0,20,,4234,68.0,5693,25833
2020-10-22,22:05:00,19:04:00,160,Sao Tome and Principe,220390,935,2.0,15,0.0,898,0.0,22,,4242,68.0,5755,26113
2020-10-23,22:05:00,19:02:00,160,Sao Tome and Principe,220401,935,0.0,15,0.0,898,0.0,22,,4242,68.0,5902,26778
2020-10-24,23:41:00,20:40:00,160,Sao Tome and Principe,220412,938,3.0,15,0.0,898,0.0,25,,4256,68.0,5975,27108
2020-10-25,23:00:00,20:58:00,160,Sao Tome and Principe,220423,940,2.0,15,0.0,900,2.0,25,,4265,68.0,6022,27320
2020-10-26,23:00:00,20:56:00,160,Sao Tome and Principe,220434,940,0.0,15,0.0,902,2.0,23,,4264,68.0,6047,27432
2020-10-27,23:00:00,20:58:00,160,Sao Tome and Principe,220446,941,1.0,15,0.0,902,0.0,24,,4269,68.0,6047,27431
2020-10-28,23:00:00,20:58:00,160,Sao Tome and Principe,220457,941,0.0,15,0.0,902,0.0,24,,4268,68.0,6094,27643
2020-10-29,23:00:00,20:57:00,160,Sao Tome and Principe,220468,943,2.0,15,0.0,903,1.0,25,,4277,68.0,6116,27741
2020-10-30,23:00:00,20:58:00,160,Sao Tome and Principe,220479,945,2.0,16,1.0,904,1.0,25,,4286,73.0,6283,28497
2020-10-31,23:00:00,20:59:00,160,Sao Tome and Principe,220490,945,0.0,16,0.0,904,0.0,25,,4286,73.0,6283,28496
2020-11-01,23:00:00,20:59:00,160,Sao Tome and Principe,220501,945,0.0,16,0.0,904,0.0,25,,4286,73.0,6283,28494
2020-11-02,23:00:00,20:57:00,160,Sao Tome and Principe,220512,949,4.0,16,0.0,904,0.0,29,,4304,73.0,6349,28792
2020-11-03,23:00:00,20:59:00,160,Sao Tome and Principe,220524,949,0.0,16,0.0,904,0.0,29,,4303,73.0,6349,28791
2020-11-04,23:00:00,20:57:00,160,Sao Tome and Principe,220535,954,5.0,16,0.0,907,3.0,31,,4326,73.0,6382,28939
2020-11-05,23:00:00,20:59:00,160,Sao Tome and Principe,220546,958,4.0,16,0.0,907,0.0,35,,4344,73.0,6382,28937
2020-11-06,23:00:00,20:58:00,160,Sao Tome and Principe,220557,960,2.0,16,0.0,910,3.0,34,,4353,73.0,6484,29398
2020-11-07,23:00:00,20:57:00,160,Sao Tome and Principe,220568,960,0.0,16,0.0,910,0.0,34,,4352,73.0,6484,29397
2020-11-08,23:00:00,20:49:00,160,Sao Tome and Principe,220579,962,2.0,16,0.0,910,0.0,36,,4361,73.0,6621,30016
2020-11-09,23:00:00,20:59:00,160,Sao Tome and Principe,220590,962,0.0,16,0.0,912,2.0,34,,4361,73.0,6653,30160
2020-11-10,23:00:00,20:59:00,160,Sao Tome and Principe,220601,962,0.0,16,0.0,912,0.0,34,,4361,73.0,6653,30159
2020-11-11,23:00:00,20:56:00,160,Sao Tome and Principe,220613,962,0.0,16,0.0,914,2.0,32,,4361,73.0,6751,30601
2020-11-12,23:00:00,20:59:00,160,Sao Tome and Principe,220624,963,1.0,16,0.0,914,0.0,33,,4365,73.0,6816,30894
2020-11-13,23:00:00,20:58:00,160,Sao Tome and Principe,220635,963,0.0,16,0.0,914,0.0,33,,4365,73.0,6816,30893
2020-11-14,23:00:00,20:57:00,160,Sao Tome and Principe,220646,964,1.0,16,0.0,917,3.0,31,,4369,73.0,6988,31671
2020-11-15,23:00:00,20:53:00,160,Sao Tome and Principe,220657,964,0.0,16,0.0,917,0.0,31,,4369,73.0,6988,31669
2020-11-16,23:00:00,20:59:00,160,Sao Tome and Principe,220668,965,1.0,16,0.0,917,0.0,32,,4373,73.0,7071,32044
2020-11-17,23:00:00,20:58:00,160,Sao Tome and Principe,220679,965,0.0,16,0.0,917,0.0,32,,4373,73.0,7071,32042
2020-11-18,23:00:00,20:57:00,160,Sao Tome and Principe,220691,967,2.0,16,0.0,917,0.0,34,,4382,72.0,7188,32570
2020-11-19,23:00:00,20:59:00,160,Sao Tome and Principe,220702,967,0.0,16,0.0,920,3.0,31,,4381,72.0,7238,32795
2020-11-20,23:00:00,20:59:00,160,Sao Tome and Principe,220713,974,7.0,16,0.0,920,0.0,38,,4413,72.0,7371,33396
2020-11-21,23:00:00,20:58:00,160,Sao Tome and Principe,220724,979,5.0,17,1.0,920,0.0,42,,4435,77.0,7465,33821
2020-11-22,23:00:00,20:59:00,160,Sao Tome and Principe,220735,979,0.0,17,0.0,923,3.0,39,,4435,77.0,7498,33968
2020-11-23,23:00:00,20:58:00,160,Sao Tome and Principe,220746,979,0.0,17,0.0,923,0.0,39,,4435,77.0,7498,33967
2020-11-24,23:00:00,20:57:00,160,Sao Tome and Principe,220757,981,2.0,17,0.0,926,3.0,38,,4444,77.0,7498,33965
2020-11-25,23:00:00,20:58:00,160,Sao Tome and Principe,220769,981,0.0,17,0.0,926,0.0,38,,4444,77.0,7498,33963
2020-11-26,23:00:00,20:47:00,160,Sao Tome and Principe,220780,982,1.0,17,0.0,926,0.0,39,,4448,77.0,7498,33961
2020-11-27,23:00:00,20:59:00,160,Sao Tome and Principe,220791,985,3.0,17,0.0,928,2.0,40,,4461,77.0,7498,33960
2020-11-28,23:00:00,20:46:00,160,Sao Tome and Principe,220802,989,4.0,17,0.0,930,2.0,42,,4479,77.0,7498,33958
2020-11-29,23:00:00,20:51:00,160,Sao Tome and Principe,220813,989,0.0,17,0.0,930,0.0,42,,4479,77.0,7498,33956
2020-11-30,23:00:00,20:57:00,160,Sao Tome and Principe,220824,991,2.0,17,0.0,933,3.0,41,,4488,77.0,7498,33955
2020-12-01,23:00:00,20:55:00,160,Sao Tome and Principe,220835,996,5.0,17,0.0,934,1.0,45,,4510,77.0,7498,33953
2020-12-02,23:00:00,20:58:00,160,Sao Tome and Principe,220846,997,1.0,17,0.0,934,0.0,46,,4514,77.0,7498,33951
2020-12-03,23:00:00,20:59:00,160,Sao Tome and Principe,220858,997,0.0,17,0.0,934,0.0,46,,4514,77.0,7498,33949
2020-12-04,23:00:00,20:57:00,160,Sao Tome and Principe,220869,999,2.0,17,0.0,937,3.0,45,,4523,77.0,7498,33948
2020-12-05,23:00:00,20:58:00,160,Sao Tome and Principe,220880,999,0.0,17,0.0,937,0.0,45,,4523,77.0,7498,33946
2020-12-06,23:00:00,20:51:00,160,Sao Tome and Principe,220891,999,0.0,17,0.0,937,0.0,45,,4523,77.0,7498,33944
2020-12-07,23:00:00,20:57:00,160,Sao Tome and Principe,220902,1002,3.0,17,0.0,940,3.0,45,,4536,77.0,7498,33943
2020-12-08,23:00:00,20:59:00,160,Sao Tome and Principe,220913,1005,3.0,17,0.0,944,4.0,44,,4549,77.0,7498,33941
2020-12-09,23:00:00,20:59:00,160,Sao Tome and Principe,220924,1005,0.0,17,0.0,944,0.0,44,,4549,77.0,7498,33939
2020-12-10,23:00:00,20:59:00,160,Sao Tome and Principe,220936,1009,4.0,17,0.0,946,2.0,46,,4567,77.0,7498,33937
2020-12-11,23:00:00,20:59:00,160,Sao Tome and Principe,220947,1009,0.0,17,0.0,947,1.0,45,,4567,77.0,7498,33936
2020-12-12,23:00:00,20:58:00,160,Sao Tome and Principe,220958,1009,0.0,17,0.0,947,0.0,45,,4566,77.0,7498,33934
2020-12-13,23:00:00,20:59:00,160,Sao Tome and Principe,220969,1009,0.0,17,0.0,947,0.0,45,,4566,77.0,7498,33932
2020-12-14,23:35:00,21:34:00,160,Sao Tome and Principe,220980,1010,1.0,17,0.0,952,5.0,41,,4571,77.0,7498,33931
2020-12-15,23:00:00,20:59:00,160,Sao Tome and Principe,220991,1010,0.0,17,0.0,952,0.0,41,,4570,77.0,7498,33929
2020-12-16,23:00:00,20:58:00,160,Sao Tome and Principe,221002,1010,0.0,17,0.0,952,0.0,41,,4570,77.0,7498,33927
2020-12-17,23:00:00,20:56:00,160,Sao Tome and Principe,221013,1011,1.0,17,0.0,955,3.0,39,,4574,77.0,7498,33926
2020-12-18,23:00:00,20:57:00,160,Sao Tome and Principe,221025,1011,0.0,17,0.0,955,0.0,39,,4574,77.0,7498,33924
2020-12-19,23:59:00,22:11:00,160,Sao Tome and Principe,221036,1012,1.0,17,0.0,958,3.0,37,,4578,77.0,7498,33922
2020-12-20,23:00:00,20:54:00,160,Sao Tome and Principe,221047,1012,0.0,17,0.0,958,0.0,37,,4578,77.0,7498,33920
2020-12-21,23:00:00,20:59:00,160,Sao Tome and Principe,221058,1012,0.0,17,0.0,958,0.0,37,,4578,77.0,7498,33919
2020-12-22,23:00:00,20:59:00,160,Sao Tome and Principe,221069,1012,0.0,17,0.0,958,0.0,37,,4578,77.0,7498,33917
2020-12-23,23:00:00,20:58:00,160,Sao Tome and Principe,221080,1012,0.0,17,0.0,958,0.0,37,,4578,77.0,7498,33915
2020-12-24,23:00:00,20:55:00,160,Sao Tome and Principe,221091,1012,0.0,17,0.0,960,2.0,35,,4577,77.0,7498,33914
2020-12-25,23:00:00,20:59:00,160,Sao Tome and Principe,221103,1014,2.0,17,0.0,963,3.0,34,,4586,77.0,7498,33912
2020-12-26,23:00:00,20:59:00,160,Sao Tome and Principe,221114,1014,0.0,17,0.0,963,0.0,34,,4586,77.0,7498,33910
2020-12-27,23:00:00,20:56:00,160,Sao Tome and Principe,221125,1014,0.0,17,0.0,963,0.0,34,,4586,77.0,7498,33908
2020-12-28,23:00:00,20:58:00,160,Sao Tome and Principe,221136,1014,0.0,17,0.0,963,0.0,34,,4585,77.0,7498,33907
2020-12-29,23:00:00,20:54:00,160,Sao Tome and Principe,221147,1014,0.0,17,0.0,963,0.0,34,,4585,77.0,7498,33905
2020-12-30,23:00:00,20:54:00,160,Sao Tome and Principe,221158,1014,0.0,17,0.0,963,0.0,34,,4585,77.0,7498,33903
2020-12-31,23:00:00,20:44:00,160,Sao Tome and Principe,221169,1014,0.0,17,0.0,966,3.0,31,,4585,77.0,7498,33902
2021-01-01,23:00:00,20:54:00,160,Sao Tome and Principe,221181,1022,8.0,17,0.0,973,7.0,32,,4621,77.0,7498,33900
2021-01-02,23:00:00,20:56:00,160,Sao Tome and Principe,221192,1024,2.0,17,0.0,978,5.0,29,,4629,77.0,7498,33898
2021-01-03,23:00:00,20:59:00,160,Sao Tome and Principe,221203,1024,0.0,17,0.0,978,0.0,29,,4629,77.0,7498,33896
2021-01-04,23:00:00,20:57:00,160,Sao Tome and Principe,221214,1024,0.0,17,0.0,981,3.0,26,,4629,77.0,7498,33895
2021-01-05,23:00:00,20:51:00,160,Sao Tome and Principe,221225,1024,0.0,17,0.0,983,2.0,24,,4629,77.0,7498,33893
