Date,Scrap_time,Update_time_GMT,Country_id,Country,Population,TotalCases,NewCases,TotalDeaths,NewDeaths,TotalRecovered,NewRecovered,ActiveCases,SeriousCritical,Tot_Cases_1Mpop,Deaths_1Mpop,TotalTests,Tests_1Mpop
2020-08-02,20:00:00,,81,Senegal,16777828,10344,,209,,6838,,3297,39.0,617,12.0,109579,6531
2020-08-08,20:00:00,,81,Senegal,16785086,11003,659.0,229,20.0,7329,491.0,3445,39.0,656,14.0,116472,6939
2020-08-12,20:00:00,,81,Senegal,16789925,11380,377.0,238,9.0,7449,120.0,3693,49.0,678,14.0,121982,7265
2020-08-16,20:00:00,,81,Senegal,16794764,12032,652.0,251,13.0,7637,188.0,4144,57.0,716,15.0,129392,7704
2020-08-17,20:00:00,,81,Senegal,16795974,12237,205.0,256,5.0,7728,91.0,4253,55.0,729,15.0,130441,7766
2020-08-18,20:00:00,,81,Senegal,16797183,12305,68.0,256,0.0,7767,39.0,4282,48.0,733,15.0,131367,7821
2020-08-19,20:00:00,,81,Senegal,16798393,12446,141.0,258,2.0,7877,110.0,4311,43.0,741,15.0,132830,7907
2020-08-20,17:53:00,,81,Senegal,16799603,12559,113.0,261,3.0,8050,173.0,4248,39.0,748,16.0,134349,7997
2020-08-23,21:09:00,,81,Senegal,16803232,12949,390.0,269,8.0,8455,405.0,4225,38.0,771,16.0,135770,8080
2020-08-24,17:10:00,,81,Senegal,16804442,13013,64.0,272,3.0,8595,140.0,4146,45.0,774,16.0,137832,8202
2020-08-25,23:00:00,,81,Senegal,16805651,13056,43.0,274,2.0,8715,120.0,4067,45.0,777,16.0,138648,8250
2020-08-26,22:59:00,,81,Senegal,16806861,13186,130.0,275,1.0,8852,137.0,4059,43.0,785,16.0,140032,8332
2020-08-27,23:00:00,,81,Senegal,16808071,13186,0.0,275,0.0,8852,0.0,4059,43.0,785,16.0,140032,8331
2020-08-28,23:01:00,,81,Senegal,16809281,13384,198.0,279,4.0,9091,239.0,4014,44.0,796,17.0,142524,8479
2020-08-29,12:29:00,,81,Senegal,16810490,13384,0.0,279,0.0,9091,0.0,4014,44.0,796,17.0,142524,8478
2020-08-30,23:00:00,,81,Senegal,16811700,13556,172.0,284,5.0,9388,297.0,3884,36.0,806,17.0,145128,8633
2020-08-31,18:58:00,,81,Senegal,16812910,13611,55.0,284,0.0,9439,51.0,3888,36.0,810,17.0,146218,8697
2020-09-01,23:00:00,,81,Senegal,16814119,13655,44.0,284,0.0,9484,45.0,3887,31.0,812,17.0,147162,8752
2020-09-02,23:01:00,,81,Senegal,16815329,13743,88.0,287,3.0,9506,22.0,3950,33.0,817,17.0,148349,8822
2020-09-03,23:01:00,,81,Senegal,16816539,13826,83.0,287,0.0,9553,47.0,3986,33.0,822,17.0,149381,8883
2020-09-04,07:01:00,,81,Senegal,16817748,13826,0.0,287,0.0,9553,0.0,3986,33.0,822,17.0,149381,8882
2020-09-05,23:31:00,,81,Senegal,16818958,13948,122.0,290,3.0,9851,298.0,3807,31.0,829,17.0,152040,9040
2020-09-06,18:30:00,,81,Senegal,16820168,13987,39.0,290,0.0,9922,71.0,3775,33.0,832,17.0,153206,9108
2020-09-07,23:39:00,,81,Senegal,16821378,14014,27.0,291,1.0,10037,115.0,3686,36.0,833,17.0,154258,9170
2020-09-08,22:10:00,,81,Senegal,16822587,14014,0.0,291,0.0,10037,0.0,3686,36.0,833,17.0,154258,9170
2020-09-09,22:01:00,,81,Senegal,16823797,14102,88.0,293,2.0,10176,139.0,3633,36.0,838,17.0,154258,9169
2020-09-10,22:01:00,,81,Senegal,16825007,14150,48.0,293,0.0,10207,31.0,3650,34.0,841,17.0,155191,9224
2020-09-11,22:00:00,,81,Senegal,16826216,14193,43.0,293,0.0,10350,143.0,3550,30.0,844,17.0,156452,9298
2020-09-12,22:22:00,,81,Senegal,16827426,14237,44.0,295,2.0,10373,23.0,3569,34.0,846,18.0,157545,9362
2020-09-13,22:01:00,,81,Senegal,16828636,14280,43.0,297,2.0,10520,147.0,3463,32.0,849,18.0,158751,9433
2020-09-14,22:04:00,,81,Senegal,16829846,14306,26.0,297,0.0,10563,43.0,3446,32.0,850,18.0,159603,9483
2020-09-15,21:00:00,,81,Senegal,16831055,14529,223.0,298,1.0,10692,129.0,3539,28.0,863,18.0,160330,9526
2020-09-16,21:01:00,,81,Senegal,16832265,14568,39.0,299,1.0,10756,64.0,3513,31.0,865,18.0,161499,9595
2020-09-18,20:01:00,,81,Senegal,16834684,14645,77.0,301,2.0,11051,295.0,3293,29.0,870,18.0,163965,9740
2020-09-19,21:00:00,,81,Senegal,16835894,14688,43.0,302,1.0,11153,102.0,3233,27.0,872,18.0,165299,9818
2020-09-20,22:31:00,,81,Senegal,16837104,14714,26.0,302,0.0,11260,107.0,3152,27.0,874,18.0,166523,9890
2020-09-21,21:01:00,,81,Senegal,16838314,14738,24.0,302,0.0,11458,198.0,2978,26.0,875,18.0,167520,9949
2020-09-22,21:01:00,,81,Senegal,16839523,14759,21.0,302,0.0,11621,163.0,2836,23.0,876,18.0,168373,9999
2020-09-23,19:58:00,,81,Senegal,16840733,14795,36.0,303,1.0,11718,97.0,2774,23.0,879,18.0,169378,10058
2020-09-24,21:00:00,,81,Senegal,16841943,14816,21.0,304,1.0,11818,100.0,2694,24.0,880,18.0,170433,10120
2020-09-25,21:00:00,,81,Senegal,16843152,14839,23.0,304,0.0,11910,92.0,2625,18.0,881,18.0,171603,10188
2020-09-26,21:00:00,,81,Senegal,16844362,14869,30.0,306,2.0,12028,118.0,2535,18.0,883,18.0,172744,10255
2020-09-27,22:45:00,,81,Senegal,16845572,14909,40.0,308,2.0,12113,85.0,2488,13.0,885,18.0,174039,10331
2020-09-28,22:00:00,,81,Senegal,16846782,14919,10.0,309,1.0,12231,118.0,2379,14.0,886,18.0,174968,10386
2020-09-29,21:35:00,,81,Senegal,16847991,14945,26.0,310,1.0,12335,104.0,2300,8.0,887,18.0,175888,10440
2020-09-30,22:00:00,,81,Senegal,16849201,14982,37.0,311,1.0,12437,102.0,2234,5.0,889,18.0,177154,10514
2020-10-01,21:31:00,,81,Senegal,16850411,15019,37.0,311,0.0,12538,101.0,2170,6.0,891,18.0,178505,10594
2020-10-02,22:36:00,,81,Senegal,16851620,15051,32.0,312,1.0,12694,156.0,2045,8.0,893,19.0,179718,10665
2020-10-03,22:24:00,,81,Senegal,16852830,15068,17.0,312,0.0,12751,57.0,2005,9.0,894,19.0,181055,10743
2020-10-04,21:01:00,,81,Senegal,16854040,15094,26.0,312,0.0,12805,54.0,1977,7.0,896,19.0,182186,10810
2020-10-05,22:13:00,,81,Senegal,16855249,15122,28.0,312,0.0,12870,65.0,1940,6.0,897,19.0,183115,10864
2020-10-06,23:01:00,,81,Senegal,16856459,15141,19.0,312,0.0,12936,66.0,1893,7.0,898,19.0,183892,10909
2020-10-07,23:01:00,,81,Senegal,16857669,15174,33.0,313,1.0,12998,62.0,1863,4.0,900,19.0,184934,10970
2020-10-08,23:59:00,,81,Senegal,16858879,15190,16.0,313,0.0,13068,70.0,1809,3.0,901,19.0,185921,11028
2020-10-09,23:00:00,,81,Senegal,16860088,15213,23.0,313,0.0,13136,68.0,1764,5.0,902,19.0,186980,11090
2020-10-10,23:00:00,,81,Senegal,16861298,15244,31.0,314,1.0,13198,62.0,1732,6.0,904,19.0,188157,11159
2020-10-12,23:10:00,,81,Senegal,16863717,15292,48.0,315,1.0,13390,192.0,1587,6.0,907,19.0,189887,11260
2020-10-13,23:01:00,,81,Senegal,16864927,15307,15.0,315,0.0,13508,118.0,1484,5.0,908,19.0,190811,11314
2020-10-14,23:01:00,,81,Senegal,16866137,15331,24.0,316,1.0,13571,63.0,1444,5.0,909,19.0,192104,11390
2020-10-15,14:09:00,11:06:00,81,Senegal,16867347,15348,17.0,316,0.0,13637,66.0,1395,7.0,910,19.0,193209,11455
2020-10-16,22:08:00,19:06:00,81,Senegal,16868556,15368,20.0,317,1.0,13704,67.0,1347,6.0,911,19.0,194293,11518
2020-10-17,23:01:00,19:58:00,81,Senegal,16869766,15392,24.0,317,0.0,13756,52.0,1319,6.0,912,19.0,195275,11575
2020-10-18,22:05:00,19:03:00,81,Senegal,16870976,15418,26.0,317,0.0,13814,58.0,1287,6.0,914,19.0,196431,11643
2020-10-19,22:05:00,18:59:00,81,Senegal,16872185,15432,14.0,319,2.0,13865,51.0,1248,5.0,915,19.0,197260,11691
2020-10-20,22:05:00,19:04:00,81,Senegal,16873395,15459,27.0,320,1.0,13922,57.0,1217,6.0,916,19.0,198076,11739
2020-10-21,22:05:00,19:03:00,81,Senegal,16874605,15484,25.0,321,1.0,13975,53.0,1188,5.0,918,19.0,199086,11798
2020-10-22,22:05:00,19:04:00,81,Senegal,16875815,15508,24.0,321,0.0,14026,51.0,1161,5.0,919,19.0,199985,11850
2020-10-23,22:05:00,19:02:00,81,Senegal,16877024,15525,17.0,321,0.0,14082,56.0,1122,4.0,920,19.0,201364,11931
2020-10-24,23:41:00,20:40:00,81,Senegal,16878234,15543,18.0,321,0.0,14161,79.0,1061,4.0,921,19.0,202301,11986
2020-10-25,23:00:00,20:58:00,81,Senegal,16879444,15551,8.0,321,0.0,14254,93.0,976,4.0,921,19.0,203318,12045
2020-10-26,23:00:00,20:56:00,81,Senegal,16880653,15565,14.0,322,1.0,14316,62.0,927,6.0,922,19.0,203894,12079
2020-10-27,23:00:00,20:58:00,81,Senegal,16881863,15571,6.0,322,0.0,14437,121.0,812,7.0,922,19.0,204347,12105
2020-10-28,23:00:00,20:58:00,81,Senegal,16883073,15582,11.0,322,0.0,14565,128.0,695,7.0,923,19.0,205068,12146
2020-10-29,23:00:00,20:57:00,81,Senegal,16884282,15593,11.0,323,1.0,14660,95.0,610,6.0,924,19.0,205757,12186
2020-10-30,23:00:00,20:58:00,81,Senegal,16885492,15605,12.0,323,0.0,14732,72.0,550,6.0,924,19.0,206562,12233
2020-10-31,23:00:00,20:59:00,81,Senegal,16886702,15616,11.0,324,1.0,14853,121.0,439,6.0,925,19.0,207516,12289
2020-11-01,23:00:00,20:59:00,81,Senegal,16887912,15630,14.0,325,1.0,14958,105.0,347,5.0,926,19.0,208554,12349
2020-11-02,23:00:00,20:57:00,81,Senegal,16889121,15637,7.0,325,0.0,15059,101.0,253,5.0,926,19.0,209207,12387
2020-11-03,23:00:00,20:59:00,81,Senegal,16890331,15640,3.0,326,1.0,15149,90.0,165,5.0,926,19.0,209607,12410
2020-11-04,23:00:00,20:57:00,81,Senegal,16891541,15650,10.0,326,0.0,15245,96.0,79,4.0,926,19.0,210376,12455
2020-11-05,23:00:00,20:59:00,81,Senegal,16892750,15668,18.0,326,0.0,15273,28.0,69,4.0,927,19.0,211116,12497
2020-11-06,23:00:00,20:58:00,81,Senegal,16893960,15676,8.0,326,0.0,15294,21.0,56,1.0,928,19.0,211884,12542
2020-11-07,23:00:00,20:57:00,81,Senegal,16895170,15693,17.0,326,0.0,15317,23.0,50,1.0,929,19.0,212852,12598
2020-11-08,23:00:00,20:49:00,81,Senegal,16896380,15708,15.0,326,0.0,15336,19.0,46,1.0,930,19.0,213649,12645
2020-11-09,23:00:00,20:59:00,81,Senegal,16897589,15711,3.0,326,0.0,15349,13.0,36,,930,19.0,214193,12676
2020-11-10,23:00:00,20:59:00,81,Senegal,16898799,15720,9.0,326,0.0,15366,17.0,28,1.0,930,19.0,214790,12710
2020-11-11,23:00:00,20:56:00,81,Senegal,16900009,15735,15.0,326,0.0,15386,20.0,23,1.0,931,19.0,215528,12753
2020-11-12,23:00:00,20:59:00,81,Senegal,16901218,15744,9.0,326,0.0,15386,0.0,32,2.0,932,19.0,216241,12794
2020-11-13,23:00:00,20:58:00,81,Senegal,16902428,15755,11.0,326,0.0,15400,14.0,29,4.0,932,19.0,216890,12832
2020-11-14,23:00:00,20:57:00,81,Senegal,16903638,15779,24.0,327,1.0,15407,7.0,45,4.0,933,19.0,217959,12894
2020-11-15,23:00:00,20:53:00,81,Senegal,16904848,15793,14.0,328,1.0,15416,9.0,49,4.0,934,19.0,218821,12944
2020-11-16,23:00:00,20:59:00,81,Senegal,16906057,15801,8.0,329,1.0,15421,5.0,51,3.0,935,19.0,219429,12979
2020-11-17,23:00:00,20:58:00,81,Senegal,16907267,15806,5.0,329,0.0,15425,4.0,52,3.0,935,19.0,219980,13011
2020-11-18,23:00:00,20:57:00,81,Senegal,16908477,15823,17.0,329,0.0,15433,8.0,61,3.0,936,19.0,220766,13057
2020-11-19,23:00:00,20:59:00,81,Senegal,16909686,15835,12.0,329,0.0,15440,7.0,66,3.0,936,19.0,221566,13103
2020-11-20,23:00:00,20:59:00,81,Senegal,16910896,15848,13.0,330,1.0,15452,12.0,66,2.0,937,20.0,222360,13149
2020-11-21,23:00:00,20:58:00,81,Senegal,16912106,15865,17.0,330,0.0,15465,13.0,70,2.0,938,20.0,223338,13206
2020-11-22,23:00:00,20:59:00,81,Senegal,16913315,15882,17.0,330,0.0,15488,23.0,64,3.0,939,20.0,224229,13258
2020-11-23,23:00:00,20:58:00,81,Senegal,16914525,15897,15.0,330,0.0,15516,28.0,51,3.0,940,20.0,224913,13297
2020-11-24,23:00:00,20:57:00,81,Senegal,16915735,15908,11.0,331,1.0,15527,11.0,50,3.0,940,20.0,225437,13327
2020-11-25,23:00:00,20:58:00,81,Senegal,16916945,15927,19.0,331,0.0,15540,13.0,56,3.0,941,20.0,226180,13370
2020-11-26,23:00:00,20:47:00,81,Senegal,16918154,15960,33.0,331,0.0,15558,18.0,71,3.0,943,20.0,227139,13426
2020-11-27,23:00:00,20:59:00,81,Senegal,16919364,15981,21.0,332,1.0,15569,11.0,80,5.0,945,20.0,228060,13479
2020-11-28,23:00:00,20:46:00,81,Senegal,16920574,16027,46.0,332,0.0,15582,13.0,113,6.0,947,20.0,229110,13540
2020-11-29,23:00:00,20:51:00,81,Senegal,16921783,16075,48.0,333,1.0,15597,15.0,145,5.0,950,20.0,230139,13600
2020-11-30,23:00:00,20:57:00,81,Senegal,16922993,16089,14.0,333,0.0,15607,10.0,149,6.0,951,20.0,230861,13642
2020-12-01,23:00:00,20:55:00,81,Senegal,16924203,16107,18.0,333,0.0,15627,20.0,147,6.0,952,20.0,231541,13681
2020-12-02,23:00:00,20:58:00,81,Senegal,16925413,16173,66.0,334,1.0,15657,30.0,182,6.0,956,20.0,232594,13742
2020-12-03,23:00:00,20:59:00,81,Senegal,16926622,16217,44.0,335,1.0,15697,40.0,185,7.0,958,20.0,233510,13795
2020-12-04,23:00:00,20:57:00,81,Senegal,16927832,16297,80.0,336,1.0,15707,10.0,254,7.0,963,20.0,234564,13857
2020-12-05,23:00:00,20:58:00,81,Senegal,16929042,16397,100.0,337,1.0,15731,24.0,329,8.0,969,20.0,235788,13928
2020-12-06,23:00:00,20:51:00,81,Senegal,16930251,16477,80.0,338,1.0,15776,45.0,363,8.0,973,20.0,236713,13982
2020-12-07,23:00:00,20:57:00,81,Senegal,16931461,16553,76.0,340,2.0,15806,30.0,407,11.0,978,20.0,237944,14053
2020-12-08,23:00:00,20:59:00,81,Senegal,16932671,16596,43.0,340,0.0,15864,58.0,392,11.0,980,20.0,238788,14102
2020-12-09,23:00:00,20:59:00,81,Senegal,16933881,16665,69.0,341,1.0,15904,40.0,420,10.0,984,20.0,239789,14160
2020-12-10,23:00:00,20:59:00,81,Senegal,16935090,16766,101.0,343,2.0,15950,46.0,473,12.0,990,20.0,241073,14235
2020-12-11,23:00:00,20:59:00,81,Senegal,16936300,16893,127.0,345,2.0,16015,65.0,533,14.0,997,20.0,242470,14317
2020-12-12,23:00:00,20:58:00,81,Senegal,16937510,17061,168.0,349,4.0,16059,44.0,653,13.0,1007,21.0,243798,14394
2020-12-13,23:00:00,20:59:00,81,Senegal,16938719,17075,14.0,349,0.0,16094,35.0,632,17.0,1008,21.0,245025,14465
2020-12-14,23:35:00,21:34:00,81,Senegal,16939929,17146,71.0,350,1.0,16159,65.0,637,21.0,1012,21.0,246147,14531
2020-12-15,23:00:00,20:59:00,81,Senegal,16941139,17216,70.0,350,0.0,16243,84.0,623,20.0,1016,21.0,247085,14585
2020-12-16,23:00:00,20:58:00,81,Senegal,16942349,17336,120.0,352,2.0,16349,106.0,635,23.0,1023,21.0,248364,14659
2020-12-17,23:00:00,20:56:00,81,Senegal,16943558,17451,115.0,355,3.0,16384,35.0,712,26.0,1030,21.0,249908,14749
2020-12-18,23:00:00,20:57:00,81,Senegal,16944768,17559,108.0,357,2.0,16449,65.0,753,27.0,1036,21.0,251397,14836
2020-12-19,23:59:00,22:11:00,81,Senegal,16945978,17670,111.0,361,4.0,16493,44.0,816,25.0,1043,21.0,253216,14943
2020-12-20,23:00:00,20:54:00,81,Senegal,16947187,17758,88.0,365,4.0,16522,29.0,871,26.0,1048,22.0,254572,15021
2020-12-21,23:00:00,20:59:00,81,Senegal,16948397,17879,121.0,371,6.0,16562,40.0,946,26.0,1055,22.0,255976,15103
2020-12-22,23:00:00,20:59:00,81,Senegal,16949607,17945,66.0,372,1.0,16592,30.0,981,28.0,1059,22.0,256929,15158
2020-12-23,23:00:00,20:58:00,81,Senegal,16950816,18043,98.0,378,6.0,16657,65.0,1008,30.0,1064,22.0,258368,15242
2020-12-24,23:00:00,20:55:00,81,Senegal,16952026,18200,157.0,381,3.0,16742,85.0,1077,27.0,1074,22.0,260528,15369
2020-12-25,23:00:00,20:59:00,81,Senegal,16953236,18369,169.0,386,5.0,16785,43.0,1198,28.0,1084,23.0,261897,15448
2020-12-26,23:00:00,20:59:00,81,Senegal,16954446,18523,154.0,387,1.0,16881,96.0,1255,33.0,1093,23.0,263446,15538
2020-12-27,23:00:00,20:56:00,81,Senegal,16955655,18609,86.0,388,1.0,16936,55.0,1285,32.0,1098,23.0,264646,15608
2020-12-28,23:00:00,20:58:00,81,Senegal,16956865,18728,119.0,390,2.0,17031,95.0,1307,35.0,1104,23.0,265840,15677
2020-12-29,23:00:00,20:54:00,81,Senegal,16958075,18806,78.0,395,5.0,17096,65.0,1315,37.0,1109,23.0,266824,15734
2020-12-30,23:00:00,20:54:00,81,Senegal,16959284,18945,139.0,402,7.0,17201,105.0,1342,41.0,1117,24.0,268203,15815
2020-12-31,23:00:00,20:44:00,81,Senegal,16960494,19140,195.0,410,8.0,17254,53.0,1476,42.0,1129,24.0,269605,15896
2021-01-01,23:00:00,20:54:00,81,Senegal,16961704,19364,224.0,410,0.0,17375,121.0,1579,41.0,1142,24.0,271323,15996
2021-01-02,23:00:00,20:56:00,81,Senegal,16962914,19511,147.0,416,6.0,17433,58.0,1662,43.0,1150,25.0,272977,16093
2021-01-03,23:00:00,20:59:00,81,Senegal,16964123,19697,186.0,421,5.0,17515,82.0,1761,43.0,1161,25.0,274680,16192
2021-01-04,23:00:00,20:57:00,81,Senegal,16965333,19803,106.0,424,3.0,17615,100.0,1764,54.0,1167,25.0,275973,16267
2021-01-05,23:00:00,20:51:00,81,Senegal,16966543,19964,161.0,428,4.0,17690,75.0,1846,35.0,1177,25.0,277302,16344
2021-01-06,23:00:00,20:59:00,81,Senegal,16967752,20156,192.0,433,5.0,17782,92.0,1941,23.0,1188,26.0,278842,16434
2021-01-07,23:00:00,20:59:00,81,Senegal,16968962,20376,220.0,438,5.0,17885,103.0,2053,35.0,1201,26.0,280617,16537
2021-01-08,23:00:00,20:59:00,81,Senegal,16970172,20672,296.0,446,8.0,18016,131.0,2210,34.0,1218,26.0,282887,16670
2021-01-09,23:00:00,20:55:00,81,Senegal,16971382,21000,328.0,459,13.0,18128,112.0,2413,32.0,1237,27.0,285442,16819
2021-01-10,23:32:00,21:29:00,81,Senegal,16972591,21245,245.0,465,6.0,18218,90.0,2562,33.0,1252,27.0,287223,16923
2021-01-11,12:22:00,10:21:00,81,Senegal,16973801,21533,288.0,469,4.0,18357,139.0,2707,33.0,1269,28.0,289150,17035
