scrap_date,scrap_time,update date,update time-GMT,Country_id,Country,Population,TotalCases,NewCases,TotalDeaths,NewDeaths,TotalRecovered,NewRecovered,ActiveCases,"Serious,Critical",Tot_Cases_1M_pop,Deaths/1M pop,TotalTests,Tests_1M_pop,Continent_id
2020-08-02,20:00:00,2020-08-02,,81,Senegal,16777828,10344,60.0,209,,6838,16.0,3297,39,617,12.0,109579,6531,5
2020-08-08,20:00:00,2020-08-08,,81,Senegal,16785086,11003,116.0,229,4.0,7329,143.0,3445,39,656,14.0,116472,6939,5
2020-08-12,20:00:00,2020-08-12,,81,Senegal,16789925,11380,,238,,7449,,3693,49,678,14.0,121982,7265,5
2020-08-16,20:00:00,2020-08-16,,81,Senegal,16794764,12032,,251,,7637,,4144,57,716,15.0,129392,7704,5
2020-08-17,20:00:00,2020-08-17,,81,Senegal,16795974,12237,75.0,256,3.0,7728,51.0,4253,55,729,15.0,130441,7766,5
2020-08-18,20:00:00,2020-08-18,,81,Senegal,16797183,12305,68.0,256,,7767,39.0,4282,48,733,15.0,131367,7821,5
2020-08-19,20:00:00,2020-08-19,,81,Senegal,16798393,12446,141.0,258,2.0,7877,110.0,4311,43,741,15.0,132830,7907,5
2020-08-20,17:53:00,2020-08-20,,81,Senegal,16799603,12559,113.0,261,3.0,8050,173.0,4248,39,748,16.0,134349,7997,5
2020-08-23,21:09:00,2020-08-23,,81,Senegal,16803232,12949,99.0,269,3.0,8455,290.0,4225,38,771,16.0,135770,8080,5
2020-08-24,17:10:00,2020-08-24,,81,Senegal,16804442,13013,64.0,272,3.0,8595,140.0,4146,45,774,16.0,137832,8202,5
2020-08-25,23:00:00,2020-08-25,,81,Senegal,16805651,13056,43.0,274,2.0,8715,120.0,4067,45,777,16.0,138648,8250,5
2020-08-26,22:59:00,2020-08-26,,81,Senegal,16806861,13186,130.0,275,1.0,8852,137.0,4059,43,785,16.0,140032,8332,5
2020-08-27,23:00:00,2020-08-27,,81,Senegal,16808071,13186,,275,,8852,,4059,43,785,16.0,140032,8331,5
2020-08-28,23:01:00,2020-08-28,,81,Senegal,16809281,13384,90.0,279,2.0,9091,117.0,4014,44,796,17.0,142524,8479,5
2020-08-29,12:29:00,2020-08-29,,81,Senegal,16810490,13384,,279,,9091,,4014,44,796,17.0,142524,8478,5
2020-08-30,23:00:00,2020-08-30,,81,Senegal,16811700,13556,100.0,284,2.0,9388,155.0,3884,36,806,17.0,145128,8633,5
2020-08-31,18:58:00,2020-08-31,,81,Senegal,16812910,13611,55.0,284,,9439,51.0,3888,36,810,17.0,146218,8697,5
2020-09-01,23:00:00,2020-09-01,,81,Senegal,16814119,13655,44.0,284,,9484,45.0,3887,31,812,17.0,147162,8752,5
2020-09-02,23:01:00,2020-09-02,,81,Senegal,16815329,13743,88.0,287,3.0,9506,22.0,3950,33,817,17.0,148349,8822,5
2020-09-03,23:01:00,2020-09-03,,81,Senegal,16816539,13826,83.0,287,,9553,47.0,3986,33,822,17.0,149381,8883,5
2020-09-04,07:01:00,2020-09-04,,81,Senegal,16817748,13826,,287,,9553,,3986,33,822,17.0,149381,8882,5
2020-09-05,23:31:00,2020-09-05,,81,Senegal,16818958,13948,67.0,290,1.0,9851,128.0,3807,31,829,17.0,152040,9040,5
2020-09-06,18:30:00,2020-09-06,,81,Senegal,16820168,13987,39.0,290,,9922,71.0,3775,33,832,17.0,153206,9108,5
2020-09-07,23:39:00,2020-09-07,,81,Senegal,16821378,14014,27.0,291,1.0,10037,115.0,3686,36,833,17.0,154258,9170,5
2020-09-08,22:10:00,2020-09-08,,81,Senegal,16822587,14014,,291,,10037,,3686,36,833,17.0,154258,9170,5
2020-09-09,22:01:00,2020-09-09,,81,Senegal,16823797,14102,58.0,293,1.0,10176,139.0,3633,36,838,17.0,154258,9169,5
2020-09-10,22:01:00,2020-09-10,,81,Senegal,16825007,14150,48.0,293,,10207,31.0,3650,34,841,17.0,155191,9224,5
2020-09-11,22:00:00,2020-09-11,,81,Senegal,16826216,14193,43.0,293,,10350,143.0,3550,30,844,17.0,156452,9298,5
2020-09-12,22:22:00,2020-09-12,,81,Senegal,16827426,14237,44.0,295,2.0,10373,23.0,3569,34,846,18.0,157545,9362,5
2020-09-13,22:01:00,2020-09-13,,81,Senegal,16828636,14280,43.0,297,2.0,10520,147.0,3463,32,849,18.0,158751,9433,5
2020-09-14,22:04:00,2020-09-14,,81,Senegal,16829846,14306,26.0,297,,10563,43.0,3446,32,850,18.0,159603,9483,5
2020-09-15,21:00:00,2020-09-15,,81,Senegal,16831055,14529,223.0,298,1.0,10692,129.0,3539,28,863,18.0,160330,9526,5
2020-09-16,21:01:00,2020-09-16,,81,Senegal,16832265,14568,39.0,299,1.0,10756,64.0,3513,31,865,18.0,161499,9595,5
2020-09-18,20:01:00,2020-09-18,,81,Senegal,16834684,14645,27.0,301,1.0,11051,128.0,3293,29,870,18.0,163965,9740,5
2020-09-19,21:00:00,2020-09-19,,81,Senegal,16835894,14688,43.0,302,1.0,11153,102.0,3233,27,872,18.0,165299,9818,5
2020-09-20,22:31:00,2020-09-20,,81,Senegal,16837104,14714,26.0,302,,11260,107.0,3152,27,874,18.0,166523,9890,5
2020-09-21,21:01:00,2020-09-21,,81,Senegal,16838314,14738,24.0,302,,11458,198.0,2978,26,875,18.0,167520,9949,5
2020-09-22,21:01:00,2020-09-22,,81,Senegal,16839523,14759,21.0,302,,11621,163.0,2836,23,876,18.0,168373,9999,5
2020-09-23,19:58:00,2020-09-23,,81,Senegal,16840733,14795,36.0,303,1.0,11718,97.0,2774,23,879,18.0,169378,10058,5
2020-09-24,21:00:00,2020-09-24,,81,Senegal,16841943,14816,21.0,304,1.0,11818,100.0,2694,24,880,18.0,170433,10120,5
2020-09-25,21:00:00,2020-09-25,,81,Senegal,16843152,14839,23.0,304,,11910,92.0,2625,18,881,18.0,171603,10188,5
2020-09-26,21:00:00,2020-09-26,,81,Senegal,16844362,14869,30.0,306,2.0,12028,118.0,2535,18,883,18.0,172744,10255,5
2020-09-27,22:45:00,2020-09-27,,81,Senegal,16845572,14909,40.0,308,2.0,12113,85.0,2488,13,885,18.0,174039,10331,5
2020-09-28,22:00:00,2020-09-28,,81,Senegal,16846782,14919,10.0,309,1.0,12231,118.0,2379,14,886,18.0,174968,10386,5
2020-09-29,21:35:00,2020-09-29,,81,Senegal,16847991,14945,26.0,310,1.0,12335,104.0,2300,8,887,18.0,175888,10440,5
2020-09-30,22:00:00,2020-09-30,,81,Senegal,16849201,14982,37.0,311,1.0,12437,102.0,2234,5,889,18.0,177154,10514,5
2020-10-01,21:31:00,2020-10-01,,81,Senegal,16850411,15019,37.0,311,,12538,101.0,2170,6,891,18.0,178505,10594,5
2020-10-02,22:36:00,2020-10-02,,81,Senegal,16851620,15051,32.0,312,1.0,12694,156.0,2045,8,893,19.0,179718,10665,5
2020-10-03,22:24:00,2020-10-03,,81,Senegal,16852830,15068,17.0,312,,12751,57.0,2005,9,894,19.0,181055,10743,5
2020-10-04,21:01:00,2020-10-04,,81,Senegal,16854040,15094,26.0,312,,12805,54.0,1977,7,896,19.0,182186,10810,5
2020-10-05,22:13:00,2020-10-05,,81,Senegal,16855249,15122,28.0,312,,12870,65.0,1940,6,897,19.0,183115,10864,5
2020-10-06,23:01:00,2020-10-06,,81,Senegal,16856459,15141,19.0,312,,12936,66.0,1893,7,898,19.0,183892,10909,5
2020-10-07,23:01:00,2020-10-07,,81,Senegal,16857669,15174,33.0,313,1.0,12998,62.0,1863,4,900,19.0,184934,10970,5
2020-10-08,23:59:00,2020-10-08,,81,Senegal,16858879,15190,16.0,313,,13068,70.0,1809,3,901,19.0,185921,11028,5
2020-10-09,23:00:00,2020-10-09,,81,Senegal,16860088,15213,23.0,313,,13136,68.0,1764,5,902,19.0,186980,11090,5
2020-10-10,23:00:00,2020-10-10,,81,Senegal,16861298,15244,31.0,314,1.0,13198,62.0,1732,6,904,19.0,188157,11159,5
2020-10-12,23:10:00,2020-10-12,,81,Senegal,16863717,15292,24.0,315,1.0,13390,93.0,1587,6,907,19.0,189887,11260,5
2020-10-13,23:01:00,2020-10-13,,81,Senegal,16864927,15307,15.0,315,,13508,118.0,1484,5,908,19.0,190811,11314,5
2020-10-14,23:01:00,2020-10-14,,81,Senegal,16866137,15331,24.0,316,1.0,13571,63.0,1444,5,909,19.0,192104,11390,5
2020-10-15,14:09:00,2020-10-15,11:06:00,81,Senegal,16867347,15348,17.0,316,,13637,66.0,1395,7,910,19.0,193209,11455,5
2020-10-16,22:08:00,2020-10-16,19:06:00,81,Senegal,16868556,15368,20.0,317,1.0,13704,67.0,1347,6,911,19.0,194293,11518,5
2020-10-17,23:01:00,2020-10-17,19:58:00,81,Senegal,16869766,15392,24.0,317,,13756,52.0,1319,6,912,19.0,195275,11575,5
2020-10-18,14:32:00,2020-10-18,11:25:00,81,Senegal,16870976,15418,26.0,317,,13814,58.0,1287,6,914,19.0,196431,11643,5
