scrap_date,scrap_time,update_time_GMT,Country_id,Country,Population,TotalCases,NewCases,TotalDeaths,NewDeaths,TotalRecovered,NewRecovered,ActiveCases,SeriousCritical,Tot_Cases_1Mpop,Deaths_1Mpop,TotalTests,Tests_1Mpop
2020-08-02,20:00:00,,136,Sierra Leone,7989949,1823,,67,,1362,,394,,228,8.0,,
2020-08-08,20:00:00,,136,Sierra Leone,7992613,1887,64.0,68,1.0,1435,73.0,384,,236,9.0,,
2020-08-12,20:00:00,,136,Sierra Leone,7994389,1932,45.0,69,1.0,1478,43.0,385,,242,9.0,,
2020-08-16,20:00:00,,136,Sierra Leone,7996165,1954,22.0,69,0.0,1505,27.0,380,,244,9.0,,
2020-08-17,20:00:00,,136,Sierra Leone,7996610,1956,2.0,69,0.0,1506,1.0,381,,245,9.0,,
2020-08-18,20:00:00,,136,Sierra Leone,7997054,1956,0.0,69,0.0,1506,0.0,381,,245,9.0,,
2020-08-19,20:00:00,,136,Sierra Leone,7997498,1959,3.0,69,0.0,1529,23.0,361,,245,9.0,,
2020-08-20,17:53:00,,136,Sierra Leone,7997942,1961,2.0,69,0.0,1531,2.0,361,,245,9.0,,
2020-08-23,21:09:00,,136,Sierra Leone,7999274,1980,19.0,69,0.0,1545,14.0,366,,248,9.0,,
2020-08-24,17:10:00,,136,Sierra Leone,7999718,1992,12.0,69,0.0,1550,5.0,373,,249,9.0,,
2020-08-25,23:00:00,,136,Sierra Leone,8000162,1997,5.0,69,0.0,1557,7.0,371,,250,9.0,,
2020-08-26,22:59:00,,136,Sierra Leone,8000606,2003,6.0,69,0.0,1577,20.0,357,,250,9.0,,
2020-08-27,23:00:00,,136,Sierra Leone,8001050,2003,0.0,69,0.0,1577,0.0,357,,250,9.0,,
2020-08-28,23:01:00,,136,Sierra Leone,8001494,2013,10.0,70,1.0,1581,4.0,362,,252,9.0,,
2020-08-29,12:29:00,,136,Sierra Leone,8001938,2013,0.0,70,0.0,1581,0.0,362,,252,9.0,,
2020-08-30,23:00:00,,136,Sierra Leone,8002382,2022,9.0,70,0.0,1594,13.0,358,,253,9.0,,
2020-08-31,18:58:00,,136,Sierra Leone,8002826,2022,0.0,70,0.0,1594,0.0,358,,253,9.0,,
2020-09-01,23:00:00,,136,Sierra Leone,8003270,2022,0.0,70,0.0,1594,0.0,358,,253,9.0,,
2020-09-02,23:01:00,,136,Sierra Leone,8003714,2029,7.0,71,1.0,1600,6.0,358,,254,9.0,,
2020-09-03,23:01:00,,136,Sierra Leone,8004158,2035,6.0,71,0.0,1600,0.0,364,,254,9.0,,
2020-09-04,07:01:00,,136,Sierra Leone,8004602,2035,0.0,71,0.0,1600,0.0,364,,254,9.0,,
2020-09-05,23:31:00,,136,Sierra Leone,8005047,2041,6.0,71,0.0,1602,2.0,368,,255,9.0,,
2020-09-06,18:30:00,,136,Sierra Leone,8005491,2041,0.0,71,0.0,1602,0.0,368,,255,9.0,,
2020-09-07,23:39:00,,136,Sierra Leone,8005935,2054,13.0,71,0.0,1611,9.0,372,,257,9.0,,
2020-09-08,22:10:00,,136,Sierra Leone,8006379,2055,1.0,71,0.0,1611,0.0,373,,257,9.0,,
2020-09-10,22:01:00,,136,Sierra Leone,8007267,2067,12.0,72,1.0,1622,11.0,373,,258,9.0,,
2020-09-11,22:00:00,,136,Sierra Leone,8007711,2087,20.0,72,0.0,1622,0.0,393,,261,9.0,,
2020-09-12,22:22:00,,136,Sierra Leone,8008155,2096,9.0,72,0.0,1634,12.0,390,,262,9.0,,
2020-09-13,22:01:00,,136,Sierra Leone,8008599,2109,13.0,72,0.0,1636,2.0,401,,263,9.0,,
2020-09-14,22:04:00,,136,Sierra Leone,8009043,2109,0.0,72,0.0,1636,0.0,401,,263,9.0,,
2020-09-15,21:00:00,,136,Sierra Leone,8009487,2111,2.0,72,0.0,1636,0.0,403,,264,9.0,,
2020-09-16,21:01:00,,136,Sierra Leone,8009931,2126,15.0,72,0.0,1640,4.0,414,,265,9.0,,
2020-09-18,20:01:00,,136,Sierra Leone,8010819,2133,7.0,72,0.0,1646,6.0,415,,266,9.0,,
2020-09-19,21:00:00,,136,Sierra Leone,8011263,2159,26.0,72,0.0,1650,4.0,437,,269,9.0,,
2020-09-20,22:31:00,,136,Sierra Leone,8011707,2168,9.0,72,0.0,1650,0.0,446,,271,9.0,,
2020-09-21,21:01:00,,136,Sierra Leone,8012151,2168,0.0,72,0.0,1650,0.0,446,,271,9.0,,
2020-09-22,21:01:00,,136,Sierra Leone,8012595,2174,6.0,72,0.0,1652,2.0,450,,271,9.0,,
2020-09-23,19:58:00,,136,Sierra Leone,8013040,2174,0.0,72,0.0,1652,0.0,450,,271,9.0,,
2020-09-24,21:00:00,,136,Sierra Leone,8013484,2183,9.0,72,0.0,1665,13.0,446,,272,9.0,,
2020-09-25,21:00:00,,136,Sierra Leone,8013928,2188,5.0,72,0.0,1666,1.0,450,,273,9.0,,
2020-09-26,21:00:00,,136,Sierra Leone,8014372,2199,11.0,72,0.0,1678,12.0,449,,274,9.0,,
2020-09-27,22:45:00,,136,Sierra Leone,8014816,2215,16.0,72,0.0,1681,3.0,462,,276,9.0,,
2020-09-28,22:00:00,,136,Sierra Leone,8015260,2215,0.0,72,0.0,1681,0.0,462,,276,9.0,,
2020-09-29,21:35:00,,136,Sierra Leone,8015704,2215,0.0,72,0.0,1681,0.0,462,,276,9.0,,
2020-09-30,22:00:00,,136,Sierra Leone,8016148,2222,7.0,72,0.0,1685,4.0,465,,277,9.0,,
2020-10-01,21:31:00,,136,Sierra Leone,8016592,2238,16.0,72,0.0,1695,10.0,471,,279,9.0,,
2020-10-02,22:36:00,,136,Sierra Leone,8017036,2252,14.0,72,0.0,1697,2.0,483,,281,9.0,,
2020-10-03,22:24:00,,136,Sierra Leone,8017480,2252,0.0,72,0.0,1697,0.0,483,,281,9.0,,
2020-10-04,21:01:00,,136,Sierra Leone,8017924,2269,17.0,72,0.0,1706,9.0,491,,283,9.0,,
2020-10-05,22:13:00,,136,Sierra Leone,8018368,2269,0.0,72,0.0,1706,0.0,491,,283,9.0,,
2020-10-06,23:01:00,,136,Sierra Leone,8018812,2269,0.0,72,0.0,1706,0.0,491,,283,9.0,,
2020-10-07,23:01:00,,136,Sierra Leone,8019256,2277,8.0,72,0.0,1710,4.0,495,,284,9.0,,
2020-10-08,23:59:00,,136,Sierra Leone,8019700,2293,16.0,72,0.0,1721,11.0,500,,286,9.0,,
2020-10-09,23:00:00,,136,Sierra Leone,8020144,2295,2.0,72,0.0,1723,2.0,500,,286,9.0,,
2020-10-10,23:00:00,,136,Sierra Leone,8020588,2300,5.0,72,0.0,1725,2.0,503,,287,9.0,,
2020-10-12,23:10:00,,136,Sierra Leone,8021477,2306,6.0,72,0.0,1736,11.0,498,,287,9.0,,
2020-10-13,23:01:00,,136,Sierra Leone,8021921,2309,3.0,72,0.0,1738,2.0,499,,288,9.0,,
2020-10-14,23:01:00,,136,Sierra Leone,8022365,2309,0.0,72,0.0,1738,0.0,499,,288,9.0,,
2020-10-15,14:09:00,11:06:00,136,Sierra Leone,8022809,2315,6.0,73,1.0,1743,5.0,499,,289,9.0,,
2020-10-16,22:08:00,19:06:00,136,Sierra Leone,8023253,2323,8.0,73,0.0,1746,3.0,504,,290,9.0,,
2020-10-17,23:01:00,19:58:00,136,Sierra Leone,8023697,2327,4.0,73,0.0,1753,7.0,501,,290,9.0,,
2020-10-18,22:05:00,19:03:00,136,Sierra Leone,8024141,2330,3.0,73,0.0,1760,7.0,497,,290,9.0,,
2020-10-19,22:05:00,18:59:00,136,Sierra Leone,8024585,2330,0.0,73,0.0,1760,0.0,497,,290,9.0,,
2020-10-20,22:05:00,19:04:00,136,Sierra Leone,8025029,2331,1.0,73,0.0,1760,0.0,498,,290,9.0,,
2020-10-21,22:05:00,19:03:00,136,Sierra Leone,8025473,2337,6.0,73,0.0,1771,11.0,493,,291,9.0,,
2020-10-22,22:05:00,19:04:00,136,Sierra Leone,8025917,2340,3.0,73,0.0,1777,6.0,490,,292,9.0,,
2020-10-23,22:05:00,19:02:00,136,Sierra Leone,8026361,2340,0.0,73,0.0,1777,0.0,490,,292,9.0,,
2020-10-24,23:41:00,20:40:00,136,Sierra Leone,8026805,2345,5.0,74,1.0,1784,7.0,487,,292,9.0,,
2020-10-25,23:00:00,20:58:00,136,Sierra Leone,8027249,2346,1.0,74,0.0,1787,3.0,485,,292,9.0,,
2020-10-26,23:00:00,20:56:00,136,Sierra Leone,8027693,2346,0.0,74,0.0,1787,0.0,485,,292,9.0,,
2020-10-27,23:00:00,20:58:00,136,Sierra Leone,8028137,2350,4.0,74,0.0,1790,3.0,486,,293,9.0,,
2020-10-28,23:00:00,20:58:00,136,Sierra Leone,8028581,2350,0.0,74,0.0,1790,0.0,486,,293,9.0,,
2020-10-29,23:00:00,20:57:00,136,Sierra Leone,8029025,2362,12.0,74,0.0,1795,5.0,493,,294,9.0,,
2020-10-30,23:00:00,20:58:00,136,Sierra Leone,8029470,2365,3.0,74,0.0,1798,3.0,493,,295,9.0,,
2020-10-31,23:00:00,20:59:00,136,Sierra Leone,8029914,2366,1.0,74,0.0,1800,2.0,492,,295,9.0,,
2020-11-01,23:00:00,20:59:00,136,Sierra Leone,8030358,2366,0.0,74,0.0,1800,0.0,492,,295,9.0,,
2020-11-02,23:00:00,20:57:00,136,Sierra Leone,8030802,2366,0.0,74,0.0,1802,2.0,490,,295,9.0,,
2020-11-03,23:00:00,20:59:00,136,Sierra Leone,8031246,2366,0.0,74,0.0,1802,0.0,490,,295,9.0,,
2020-11-04,23:00:00,20:57:00,136,Sierra Leone,8031690,2369,3.0,74,0.0,1805,3.0,490,,295,9.0,,
2020-11-05,23:00:00,20:59:00,136,Sierra Leone,8032134,2371,2.0,74,0.0,1805,0.0,492,,295,9.0,,
2020-11-06,23:00:00,20:58:00,136,Sierra Leone,8032578,2373,2.0,74,0.0,1807,2.0,492,,295,9.0,,
2020-11-07,23:00:00,20:57:00,136,Sierra Leone,8033022,2381,8.0,74,0.0,1812,5.0,495,,296,9.0,,
2020-11-08,23:00:00,20:49:00,136,Sierra Leone,8033466,2381,0.0,74,0.0,1812,0.0,495,,296,9.0,,
2020-11-09,23:00:00,20:59:00,136,Sierra Leone,8033910,2385,4.0,74,0.0,1813,1.0,498,,297,9.0,,
2020-11-10,23:00:00,20:59:00,136,Sierra Leone,8034354,2385,0.0,74,0.0,1813,0.0,498,,297,9.0,,
2020-11-11,23:00:00,20:56:00,136,Sierra Leone,8034798,2386,1.0,74,0.0,1813,0.0,499,,297,9.0,,
2020-11-12,23:00:00,20:59:00,136,Sierra Leone,8035242,2387,1.0,74,0.0,1816,3.0,497,,297,9.0,,
2020-11-13,23:00:00,20:58:00,136,Sierra Leone,8035686,2387,0.0,74,0.0,1816,0.0,497,,297,9.0,,
2020-11-14,23:00:00,20:57:00,136,Sierra Leone,8036130,2391,4.0,74,0.0,1816,0.0,501,,298,9.0,,
2020-11-15,23:00:00,20:53:00,136,Sierra Leone,8036574,2391,0.0,74,0.0,1816,0.0,501,,298,9.0,,
2020-11-16,23:00:00,20:59:00,136,Sierra Leone,8037018,2391,0.0,74,0.0,1820,4.0,497,,297,9.0,,
2020-11-17,23:00:00,20:58:00,136,Sierra Leone,8037463,2391,0.0,74,0.0,1822,2.0,495,,297,9.0,,
2020-11-18,23:00:00,20:57:00,136,Sierra Leone,8037907,2397,6.0,74,0.0,1823,1.0,500,,298,9.0,,
2020-11-19,23:00:00,20:59:00,136,Sierra Leone,8038351,2397,0.0,74,0.0,1823,0.0,500,,298,9.0,,
2020-11-20,23:00:00,20:59:00,136,Sierra Leone,8038795,2399,2.0,74,0.0,1827,4.0,498,,298,9.0,,
2020-11-21,23:00:00,20:58:00,136,Sierra Leone,8039239,2405,6.0,74,0.0,1827,0.0,504,,299,9.0,,
2020-11-22,23:00:00,20:59:00,136,Sierra Leone,8039683,2405,0.0,74,0.0,1828,1.0,503,,299,9.0,,
2020-11-23,23:00:00,20:58:00,136,Sierra Leone,8040127,2406,1.0,74,0.0,1828,0.0,504,,299,9.0,,
2020-11-24,23:00:00,20:57:00,136,Sierra Leone,8040571,2406,0.0,74,0.0,1829,1.0,503,,299,9.0,,
2020-11-25,23:00:00,20:58:00,136,Sierra Leone,8041015,2408,2.0,74,0.0,1829,0.0,505,,299,9.0,,
2020-11-26,23:00:00,20:47:00,136,Sierra Leone,8041459,2409,1.0,74,0.0,1831,2.0,504,,300,9.0,,
