Date,Scrap_time,Update_time_GMT,Country_id,Country,Population,TotalCases,NewCases,TotalDeaths,NewDeaths,TotalRecovered,NewRecovered,ActiveCases,SeriousCritical,Tot_Cases_1Mpop,Deaths_1Mpop,TotalTests,Tests_1Mpop
2020-08-02,20:00:00,,173,Sint Maarten,42917,128,,15,,64,,49,,2983,350.0,857,19969
2020-08-08,20:00:00,,173,Sint Maarten,42925,177,49.0,17,2.0,86,22.0,74,3.0,4123,396.0,1272,29633
2020-08-12,20:00:00,,173,Sint Maarten,42930,219,42.0,17,0.0,102,16.0,100,3.0,5101,396.0,1502,34987
2020-08-16,20:00:00,,173,Sint Maarten,42936,300,81.0,17,0.0,107,5.0,176,3.0,6987,396.0,1672,38942
2020-08-17,20:00:00,,173,Sint Maarten,42937,317,17.0,17,0.0,107,0.0,193,3.0,7383,396.0,1826,42527
2020-08-18,20:00:00,,173,Sint Maarten,42938,326,9.0,17,0.0,107,0.0,202,3.0,7592,396.0,1917,44646
2020-08-19,20:00:00,,173,Sint Maarten,42940,333,7.0,17,0.0,107,0.0,209,3.0,7755,396.0,1948,45366
2020-08-20,17:53:00,,173,Sint Maarten,42941,348,15.0,17,0.0,133,26.0,198,3.0,8104,396.0,1983,46180
2020-08-23,21:09:00,,173,Sint Maarten,42945,368,20.0,17,0.0,147,14.0,204,3.0,8569,396.0,2113,49202
2020-08-24,17:10:00,,173,Sint Maarten,42946,396,28.0,17,0.0,147,0.0,232,8.0,9221,396.0,2113,49201
2020-08-25,23:00:00,,173,Sint Maarten,42948,408,12.0,17,0.0,147,0.0,244,8.0,9500,396.0,2184,50852
2020-08-26,22:59:00,,173,Sint Maarten,42949,418,10.0,17,0.0,148,1.0,253,8.0,9732,396.0,2205,51340
2020-08-27,23:00:00,,173,Sint Maarten,42950,442,24.0,17,0.0,179,31.0,246,8.0,10291,396.0,2263,52689
2020-08-28,23:01:00,,173,Sint Maarten,42952,444,2.0,17,0.0,179,0.0,248,8.0,10337,396.0,2281,53106
2020-08-29,12:29:00,,173,Sint Maarten,42953,444,0.0,17,0.0,179,0.0,248,8.0,10337,396.0,2281,53105
2020-08-30,23:00:00,,173,Sint Maarten,42954,460,16.0,17,0.0,179,0.0,264,8.0,10709,396.0,2281,53103
2020-08-31,18:58:00,,173,Sint Maarten,42956,463,3.0,17,0.0,179,0.0,267,8.0,10778,396.0,2281,53101
2020-09-01,23:00:00,,173,Sint Maarten,42957,476,13.0,17,0.0,200,21.0,259,8.0,11081,396.0,2281,53100
2020-09-02,23:01:00,,173,Sint Maarten,42958,482,6.0,19,2.0,241,41.0,222,8.0,11220,442.0,2281,53098
2020-09-03,23:01:00,,173,Sint Maarten,42960,495,13.0,19,0.0,302,61.0,174,8.0,11522,442.0,2281,53096
2020-09-04,07:01:00,,173,Sint Maarten,42961,504,9.0,19,0.0,302,0.0,183,7.0,11732,442.0,2450,57028
2020-09-05,23:31:00,,173,Sint Maarten,42962,511,7.0,19,0.0,302,0.0,190,7.0,11894,442.0,2450,57027
2020-09-06,18:30:00,,173,Sint Maarten,42964,511,0.0,19,0.0,302,0.0,190,7.0,11894,442.0,2450,57024
2020-09-07,23:39:00,,173,Sint Maarten,42965,511,0.0,19,0.0,302,0.0,190,7.0,11893,442.0,2450,57023
2020-09-08,22:10:00,,173,Sint Maarten,42966,516,5.0,19,0.0,321,19.0,176,7.0,12009,442.0,2450,57022
2020-09-10,22:01:00,,173,Sint Maarten,42969,530,14.0,19,0.0,333,12.0,178,6.0,12334,442.0,2450,57018
2020-09-11,22:00:00,,173,Sint Maarten,42970,530,0.0,19,0.0,333,0.0,178,6.0,12334,442.0,2450,57017
2020-09-12,22:22:00,,173,Sint Maarten,42972,531,1.0,19,0.0,387,54.0,125,6.0,12357,442.0,2450,57014
2020-09-13,22:01:00,,173,Sint Maarten,42973,533,2.0,19,0.0,430,43.0,84,6.0,12403,442.0,2720,63296
2020-09-14,22:04:00,,173,Sint Maarten,42974,549,16.0,19,0.0,430,0.0,100,6.0,12775,442.0,2720,63294
2020-09-15,21:00:00,,173,Sint Maarten,42976,549,0.0,19,0.0,430,0.0,100,6.0,12775,442.0,2720,63291
2020-09-16,21:01:00,,173,Sint Maarten,42977,549,0.0,19,0.0,468,38.0,62,6.0,12774,442.0,2720,63290
2020-09-18,20:01:00,,173,Sint Maarten,42980,565,16.0,19,0.0,477,9.0,69,6.0,13146,442.0,2720,63285
2020-09-19,21:00:00,,173,Sint Maarten,42981,574,9.0,20,1.0,488,11.0,66,6.0,13355,465.0,2720,63284
2020-09-20,22:31:00,,173,Sint Maarten,42982,584,10.0,20,0.0,488,0.0,76,6.0,13587,465.0,2720,63282
2020-09-21,21:01:00,,173,Sint Maarten,42984,584,0.0,20,0.0,488,0.0,76,6.0,13586,465.0,2720,63279
2020-09-22,21:01:00,,173,Sint Maarten,42985,591,7.0,20,0.0,505,17.0,66,6.0,13749,465.0,2720,63278
2020-09-23,19:58:00,,173,Sint Maarten,42986,594,3.0,20,0.0,512,7.0,62,6.0,13818,465.0,2720,63276
2020-09-24,21:00:00,,173,Sint Maarten,42988,616,22.0,21,1.0,517,5.0,78,6.0,14330,489.0,2720,63273
2020-09-25,21:00:00,,173,Sint Maarten,42989,618,2.0,22,1.0,517,0.0,79,6.0,14376,512.0,2720,63272
2020-09-26,21:00:00,,173,Sint Maarten,42990,627,9.0,22,0.0,532,15.0,73,6.0,14585,512.0,2720,63271
2020-09-27,22:45:00,,173,Sint Maarten,42992,633,6.0,22,0.0,532,0.0,79,6.0,14724,512.0,2986,69455
2020-09-28,22:00:00,,173,Sint Maarten,42993,644,11.0,22,0.0,532,0.0,90,6.0,14979,512.0,2986,69453
2020-09-29,21:35:00,,173,Sint Maarten,42994,645,1.0,22,0.0,549,17.0,74,6.0,15002,512.0,3720,86524
2020-09-30,22:00:00,,173,Sint Maarten,42996,659,14.0,22,0.0,557,8.0,80,6.0,15327,512.0,3720,86520
2020-10-01,21:31:00,,173,Sint Maarten,42997,667,8.0,22,0.0,557,0.0,88,6.0,15513,512.0,3766,87588
2020-10-02,22:36:00,,173,Sint Maarten,42998,668,1.0,22,0.0,567,10.0,79,6.0,15536,512.0,3767,87609
2020-10-03,22:24:00,,173,Sint Maarten,43000,674,6.0,22,0.0,572,5.0,80,6.0,15674,512.0,3783,87977
2020-10-04,21:01:00,,173,Sint Maarten,43001,678,4.0,22,0.0,572,0.0,84,6.0,15767,512.0,3794,88231
2020-10-05,22:13:00,,173,Sint Maarten,43002,679,1.0,22,0.0,572,0.0,85,6.0,15790,512.0,3803,88438
2020-10-06,23:01:00,,173,Sint Maarten,43003,686,7.0,22,0.0,592,20.0,72,6.0,15952,512.0,4642,107946
2020-10-07,23:01:00,,173,Sint Maarten,43005,689,3.0,22,0.0,592,0.0,75,6.0,16021,512.0,4650,108127
2020-10-08,23:59:00,,173,Sint Maarten,43006,698,9.0,22,0.0,592,0.0,84,6.0,16230,512.0,4650,108124
2020-10-09,23:00:00,,173,Sint Maarten,43007,699,1.0,22,0.0,620,28.0,57,6.0,16253,512.0,4674,108680
2020-10-10,23:00:00,,173,Sint Maarten,43009,703,4.0,22,0.0,622,2.0,59,6.0,16345,512.0,4684,108907
2020-10-12,23:10:00,,173,Sint Maarten,43011,710,7.0,22,0.0,622,0.0,66,6.0,16507,511.0,4701,109298
2020-10-13,23:01:00,,173,Sint Maarten,43013,710,0.0,22,0.0,632,10.0,56,6.0,16507,511.0,4701,109293
2020-10-14,23:01:00,,173,Sint Maarten,43014,719,9.0,22,0.0,645,13.0,52,6.0,16715,511.0,4701,109290
2020-10-15,14:09:00,11:06:00,173,Sint Maarten,43015,729,10.0,22,0.0,657,12.0,50,6.0,16948,511.0,4701,109287
2020-10-16,22:08:00,19:06:00,173,Sint Maarten,43017,737,8.0,22,0.0,657,0.0,58,6.0,17133,511.0,4736,110096
2020-10-17,23:01:00,19:58:00,173,Sint Maarten,43018,746,9.0,22,0.0,659,2.0,65,6.0,17342,511.0,4736,110093
2020-10-18,22:05:00,19:03:00,173,Sint Maarten,43019,749,3.0,22,0.0,664,5.0,63,6.0,17411,511.0,4736,110091
2020-10-19,22:05:00,18:59:00,173,Sint Maarten,43021,753,4.0,22,0.0,669,5.0,62,6.0,17503,511.0,4764,110737
2020-10-20,22:05:00,19:04:00,173,Sint Maarten,43022,756,3.0,22,0.0,675,6.0,59,6.0,17572,511.0,4771,110897
2020-10-21,22:05:00,19:03:00,173,Sint Maarten,43023,756,0.0,22,0.0,675,0.0,59,6.0,17572,511.0,4771,110894
2020-10-22,22:05:00,19:04:00,173,Sint Maarten,43025,769,13.0,22,0.0,681,6.0,66,6.0,17873,511.0,4792,111377
2020-10-23,22:05:00,19:02:00,173,Sint Maarten,43026,769,0.0,22,0.0,681,0.0,66,6.0,17873,511.0,4792,111375
2020-10-24,23:41:00,20:40:00,173,Sint Maarten,43027,776,7.0,22,0.0,702,21.0,52,6.0,18035,511.0,5961,138541
2020-10-25,23:00:00,20:58:00,173,Sint Maarten,43029,780,4.0,22,0.0,705,3.0,53,6.0,18127,511.0,5961,138534
2020-10-26,23:00:00,20:56:00,173,Sint Maarten,43030,784,4.0,22,0.0,705,0.0,57,6.0,18220,511.0,5961,138531
2020-10-27,23:00:00,20:58:00,173,Sint Maarten,43031,789,5.0,22,0.0,710,5.0,57,6.0,18336,511.0,5961,138528
2020-10-28,23:00:00,20:58:00,173,Sint Maarten,43033,792,3.0,22,0.0,714,4.0,56,6.0,18404,511.0,5961,138522
2020-10-29,23:00:00,20:57:00,173,Sint Maarten,43034,805,13.0,22,0.0,724,10.0,59,6.0,18706,511.0,6776,157457
2020-10-30,23:00:00,20:58:00,173,Sint Maarten,43035,805,0.0,22,0.0,730,6.0,53,6.0,18706,511.0,6776,157453
2020-10-31,23:00:00,20:59:00,173,Sint Maarten,43037,822,17.0,22,0.0,753,23.0,47,6.0,19100,511.0,6776,157446
2020-11-01,23:00:00,20:59:00,173,Sint Maarten,43038,826,4.0,22,0.0,753,0.0,51,6.0,19192,511.0,6825,158581
2020-11-02,23:00:00,20:57:00,173,Sint Maarten,43039,831,5.0,22,0.0,753,0.0,56,6.0,19308,511.0,6843,158995
2020-11-03,23:00:00,20:59:00,173,Sint Maarten,43041,844,13.0,22,0.0,760,7.0,62,6.0,19609,511.0,6843,158988
2020-11-04,23:00:00,20:57:00,173,Sint Maarten,43042,859,15.0,22,0.0,768,8.0,69,6.0,19957,511.0,6843,158984
2020-11-05,23:00:00,20:59:00,173,Sint Maarten,43043,870,11.0,22,0.0,768,0.0,80,6.0,20212,511.0,6921,160793
2020-11-06,23:00:00,20:58:00,173,Sint Maarten,43045,877,7.0,23,1.0,780,12.0,74,6.0,20374,534.0,6921,160785
2020-11-07,23:00:00,20:57:00,173,Sint Maarten,43046,877,0.0,23,0.0,780,0.0,74,6.0,20374,534.0,6921,160781
2020-11-08,23:00:00,20:49:00,173,Sint Maarten,43047,890,13.0,23,0.0,787,7.0,80,6.0,20675,534.0,6982,162195
2020-11-09,23:00:00,20:59:00,173,Sint Maarten,43049,890,0.0,23,0.0,787,0.0,80,6.0,20674,534.0,6982,162187
2020-11-10,23:00:00,20:59:00,173,Sint Maarten,43050,896,6.0,23,0.0,801,14.0,72,6.0,20813,534.0,6982,162184
2020-11-11,23:00:00,20:56:00,173,Sint Maarten,43051,908,12.0,23,0.0,804,3.0,81,6.0,21091,534.0,7038,163481
2020-11-12,23:00:00,20:59:00,173,Sint Maarten,43053,910,2.0,23,0.0,817,13.0,70,6.0,21137,534.0,7058,163937
2020-11-13,23:00:00,20:58:00,173,Sint Maarten,43054,914,4.0,23,0.0,825,8.0,66,6.0,21229,534.0,7058,163934
2020-11-14,23:00:00,20:57:00,173,Sint Maarten,43055,923,9.0,24,1.0,835,10.0,64,6.0,21438,557.0,7058,163930
2020-11-15,23:00:00,20:53:00,173,Sint Maarten,43057,923,0.0,24,0.0,835,0.0,64,6.0,21437,557.0,7058,163922
2020-11-16,23:00:00,20:59:00,173,Sint Maarten,43058,933,10.0,24,0.0,835,0.0,74,6.0,21668,557.0,7058,163918
2020-11-17,23:00:00,20:58:00,173,Sint Maarten,43059,939,6.0,24,0.0,857,22.0,58,6.0,21807,557.0,7088,164611
2020-11-18,23:00:00,20:57:00,173,Sint Maarten,43061,954,15.0,24,0.0,867,10.0,63,6.0,22155,557.0,7088,164604
2020-11-19,23:00:00,20:59:00,173,Sint Maarten,43062,964,10.0,24,0.0,874,7.0,66,6.0,22386,557.0,7088,164600
2020-11-20,23:00:00,20:59:00,173,Sint Maarten,43063,973,9.0,24,0.0,878,4.0,71,6.0,22595,557.0,7088,164596
2020-11-21,23:00:00,20:58:00,173,Sint Maarten,43065,983,10.0,25,1.0,883,5.0,75,6.0,22826,581.0,7088,164588
2020-11-22,23:00:00,20:59:00,173,Sint Maarten,43066,996,13.0,25,0.0,890,7.0,81,6.0,23127,581.0,7088,164585
2020-11-23,23:00:00,20:58:00,173,Sint Maarten,43067,1007,11.0,25,0.0,890,0.0,92,6.0,23382,580.0,7088,164581
2020-11-24,23:00:00,20:57:00,173,Sint Maarten,43069,1012,5.0,25,0.0,900,10.0,87,6.0,23497,580.0,7200,167174
2020-11-25,23:00:00,20:58:00,173,Sint Maarten,43070,1020,8.0,25,0.0,906,6.0,89,6.0,23682,580.0,7200,167170
2020-11-26,23:00:00,20:47:00,173,Sint Maarten,43071,1036,16.0,25,0.0,919,13.0,92,6.0,24053,580.0,7200,167166
2020-11-27,23:00:00,20:59:00,173,Sint Maarten,43073,1041,5.0,25,0.0,928,9.0,88,6.0,24168,580.0,7200,167158
2020-11-28,23:00:00,20:46:00,173,Sint Maarten,43074,1053,12.0,25,0.0,936,8.0,92,6.0,24446,580.0,7200,167154
2020-11-29,23:00:00,20:51:00,173,Sint Maarten,43075,1062,9.0,25,0.0,947,11.0,90,6.0,24655,580.0,7200,167150
2020-11-30,23:00:00,20:57:00,173,Sint Maarten,43077,1066,4.0,25,0.0,947,0.0,94,6.0,24746,580.0,7200,167143
2020-12-01,23:00:00,20:55:00,173,Sint Maarten,43078,1069,3.0,25,0.0,964,17.0,80,6.0,24815,580.0,7586,176099
2020-12-02,23:00:00,20:58:00,173,Sint Maarten,43079,1072,3.0,25,0.0,973,9.0,74,6.0,24885,580.0,7586,176095
2020-12-03,23:00:00,20:59:00,173,Sint Maarten,43081,1092,20.0,25,0.0,976,3.0,91,6.0,25348,580.0,7893,183213
2020-12-04,23:00:00,20:57:00,173,Sint Maarten,43082,1105,13.0,25,0.0,993,17.0,87,6.0,25649,580.0,7893,183209
2020-12-05,23:00:00,20:58:00,173,Sint Maarten,43083,1120,15.0,26,1.0,1007,14.0,87,6.0,25996,603.0,7893,183205
2020-12-06,23:00:00,20:51:00,173,Sint Maarten,43085,1139,19.0,26,0.0,1017,10.0,96,6.0,26436,603.0,7893,183196
2020-12-07,23:00:00,20:57:00,173,Sint Maarten,43086,1141,2.0,26,0.0,1017,0.0,98,4.0,26482,603.0,7893,183192
2020-12-08,23:00:00,20:59:00,173,Sint Maarten,43087,1155,14.0,26,0.0,1030,13.0,99,4.0,26806,603.0,8306,192773
2020-12-09,23:00:00,20:59:00,173,Sint Maarten,43089,1161,6.0,26,0.0,1041,11.0,94,4.0,26944,603.0,8306,192764
2020-12-10,23:00:00,20:59:00,173,Sint Maarten,43090,1185,24.0,26,0.0,1047,6.0,112,4.0,27501,603.0,8306,192759
2020-12-11,23:00:00,20:59:00,173,Sint Maarten,43091,1201,16.0,26,0.0,1058,11.0,117,4.0,27871,603.0,8306,192755
2020-12-12,23:00:00,20:58:00,173,Sint Maarten,43093,1225,24.0,26,0.0,1070,12.0,129,4.0,28427,603.0,8306,192746
2020-12-13,23:00:00,20:59:00,173,Sint Maarten,43094,1232,7.0,26,0.0,1075,5.0,131,4.0,28589,603.0,8306,192741
2020-12-14,23:35:00,21:34:00,173,Sint Maarten,43095,1232,0.0,26,0.0,1075,0.0,131,4.0,28588,603.0,8306,192737
2020-12-15,23:00:00,20:59:00,173,Sint Maarten,43097,1249,17.0,26,0.0,1099,24.0,124,4.0,28981,603.0,8306,192728
2020-12-16,23:00:00,20:58:00,173,Sint Maarten,43098,1269,20.0,26,0.0,1111,12.0,132,4.0,29445,603.0,8306,192724
2020-12-17,23:00:00,20:56:00,173,Sint Maarten,43099,1276,7.0,26,0.0,1122,11.0,128,4.0,29606,603.0,8306,192719
2020-12-18,23:00:00,20:57:00,173,Sint Maarten,43101,1294,18.0,26,0.0,1134,12.0,134,4.0,30023,603.0,9430,218788
2020-12-19,23:59:00,22:11:00,173,Sint Maarten,43102,1315,21.0,26,0.0,1157,23.0,132,4.0,30509,603.0,9715,225396
2020-12-20,23:00:00,20:54:00,173,Sint Maarten,43103,1323,8.0,26,0.0,1159,2.0,138,4.0,30694,603.0,9715,225390
2020-12-21,23:00:00,20:59:00,173,Sint Maarten,43105,1328,5.0,26,0.0,1184,25.0,118,4.0,30808,603.0,9715,225380
2020-12-22,23:00:00,20:59:00,173,Sint Maarten,43106,1338,10.0,26,0.0,1202,18.0,110,4.0,31040,603.0,9715,225375
2020-12-23,23:00:00,20:58:00,173,Sint Maarten,43107,1362,24.0,26,0.0,1214,12.0,122,4.0,31596,603.0,9715,225369
2020-12-24,23:00:00,20:55:00,173,Sint Maarten,43109,1370,8.0,26,0.0,1235,21.0,109,4.0,31780,603.0,9715,225359
2020-12-25,23:00:00,20:59:00,173,Sint Maarten,43110,1385,15.0,26,0.0,1238,3.0,121,4.0,32127,603.0,9715,225354
2020-12-26,23:00:00,20:59:00,173,Sint Maarten,43111,1393,8.0,26,0.0,1238,0.0,129,4.0,32312,603.0,9715,225349
2020-12-27,23:00:00,20:56:00,173,Sint Maarten,43113,1393,0.0,26,0.0,1238,0.0,129,4.0,32310,603.0,9715,225338
2020-12-28,23:00:00,20:58:00,173,Sint Maarten,43114,1393,0.0,26,0.0,1238,0.0,129,4.0,32310,603.0,9715,225333
2020-12-29,23:00:00,20:54:00,173,Sint Maarten,43115,1411,18.0,27,1.0,1298,60.0,86,4.0,32726,626.0,9715,225328
2020-12-30,23:00:00,20:54:00,173,Sint Maarten,43116,1423,12.0,27,0.0,1308,10.0,88,4.0,33004,626.0,9715,225322
2020-12-31,23:00:00,20:44:00,173,Sint Maarten,43118,1434,11.0,27,0.0,1320,12.0,87,4.0,33258,626.0,9775,226703
2021-01-01,23:00:00,20:54:00,173,Sint Maarten,43119,1456,22.0,27,0.0,1331,11.0,98,,33767,626.0,10242,237529
2021-01-02,23:00:00,20:56:00,173,Sint Maarten,43120,1458,2.0,27,0.0,1342,11.0,89,,33813,626.0,10242,237523
2021-01-03,23:00:00,20:59:00,173,Sint Maarten,43122,1462,4.0,27,0.0,1355,13.0,80,3.0,33904,626.0,10242,237512
2021-01-04,23:00:00,20:57:00,173,Sint Maarten,43123,1462,0.0,27,0.0,1360,5.0,75,3.0,33903,626.0,10242,237507
2021-01-05,23:00:00,20:51:00,173,Sint Maarten,43124,1465,3.0,27,0.0,1370,10.0,68,3.0,33972,626.0,10242,237501
2021-01-06,23:00:00,20:59:00,173,Sint Maarten,43126,1504,39.0,27,0.0,1385,15.0,92,3.0,34875,626.0,10242,237490
2021-01-07,23:00:00,20:59:00,173,Sint Maarten,43127,1512,8.0,27,0.0,1387,2.0,98,3.0,35059,626.0,10242,237485
2021-01-08,23:00:00,20:59:00,173,Sint Maarten,43128,1531,19.0,27,0.0,1394,7.0,110,3.0,35499,626.0,11535,267460
2021-01-09,23:00:00,20:55:00,173,Sint Maarten,43130,1554,23.0,27,0.0,1425,31.0,102,3.0,36031,626.0,11535,267447
2021-01-10,23:32:00,21:29:00,173,Sint Maarten,43131,1554,0.0,27,0.0,1432,7.0,95,3.0,36030,626.0,11535,267441
2021-01-11,23:40:00,21:37:00,173,Sint Maarten,43132,1555,1.0,27,0.0,1434,2.0,94,3.0,36052,626.0,11535,267435
2021-01-12,23:52:00,21:48:00,173,Sint Maarten,43134,1575,20.0,27,0.0,1445,11.0,103,3.0,36514,626.0,11535,267422
2021-01-13,23:58:00,21:57:00,173,Sint Maarten,43135,1589,14.0,27,0.0,1460,15.0,102,3.0,36838,626.0,11535,267416
2021-01-14,23:55:00,21:54:00,173,Sint Maarten,43136,1607,18.0,27,0.0,1469,9.0,111,3.0,37254,626.0,11535,267410
2021-01-15,19:39:38,00:00:00,173,Sint Maarten,43139,1641,34.0,27,0.0,1491,22.0,123,3.0,38040,626.0,12629,292751
