scrap_date,scrap_time,update_time_GMT,Country_id,Country,Population,TotalCases,NewCases,TotalDeaths,NewDeaths,TotalRecovered,NewRecovered,ActiveCases,SeriousCritical,Tot_Cases_1Mpop,Deaths_1Mpop,TotalTests,Tests_1Mpop
2020-08-02,20:00:00,,117,Slovakia,5459879,2344,,29,,1742,,573,1,429,5.0,265031,48542
2020-08-08,20:00:00,,117,Slovakia,5459922,2566,222.0,31,2.0,1861,119.0,674,8,470,6.0,277894,50897
2020-08-12,20:00:00,,117,Slovakia,5459951,2690,124.0,31,0.0,1884,23.0,775,4,493,6.0,284111,52035
2020-08-16,20:00:00,,117,Slovakia,5459980,2902,212.0,31,0.0,1969,85.0,902,6,532,6.0,294838,54000
2020-08-17,20:00:00,,117,Slovakia,5459987,2907,5.0,31,0.0,1969,0.0,907,6,532,6.0,295319,54088
2020-08-18,20:00:00,,117,Slovakia,5459994,2922,15.0,31,0.0,1980,11.0,911,6,535,6.0,296902,54378
2020-08-19,20:00:00,,117,Slovakia,5460001,3022,100.0,33,2.0,1997,17.0,992,8,553,6.0,300586,55052
2020-08-20,17:53:00,,117,Slovakia,5460009,3102,80.0,33,0.0,2014,17.0,1055,8,568,6.0,304021,55681
2020-08-23,21:09:00,,117,Slovakia,5460030,3356,254.0,33,0.0,2148,134.0,1175,7,615,6.0,312822,57293
2020-08-24,17:10:00,,117,Slovakia,5460037,3424,68.0,33,0.0,2153,5.0,1238,7,627,6.0,312822,57293
2020-08-25,23:00:00,,117,Slovakia,5460045,3452,28.0,33,0.0,2167,14.0,1252,10,632,6.0,312822,57293
2020-08-26,22:59:00,,117,Slovakia,5460052,3536,84.0,33,0.0,2192,25.0,1311,10,648,6.0,319944,58597
2020-08-27,23:00:00,,117,Slovakia,5460059,3626,90.0,33,0.0,2206,14.0,1387,11,664,6.0,323580,59263
2020-08-28,23:01:00,,117,Slovakia,5460066,3728,102.0,33,0.0,2225,19.0,1470,11,683,6.0,327940,60062
2020-08-29,12:29:00,,117,Slovakia,5460073,3842,114.0,33,0.0,2254,29.0,1555,11,704,6.0,332393,60877
2020-08-30,23:00:00,,117,Slovakia,5460081,3876,34.0,33,0.0,2278,24.0,1565,11,710,6.0,334344,61234
2020-08-31,18:58:00,,117,Slovakia,5460088,3917,41.0,33,0.0,2377,99.0,1507,11,717,6.0,334932,61342
2020-09-01,23:00:00,,117,Slovakia,5460095,3989,72.0,33,0.0,2478,101.0,1478,18,731,6.0,337695,61848
2020-09-02,23:01:00,,117,Slovakia,5460102,4042,53.0,33,0.0,2523,45.0,1486,18,740,6.0,340123,62292
2020-09-03,23:01:00,,117,Slovakia,5460109,4163,121.0,37,4.0,2617,94.0,1509,16,762,7.0,343642,62937
2020-09-04,07:01:00,,117,Slovakia,5460117,4163,0.0,37,0.0,2617,0.0,1509,16,762,7.0,343642,62937
2020-09-05,23:31:00,,117,Slovakia,5460124,4526,363.0,37,0.0,2797,180.0,1692,15,829,7.0,354361,64900
2020-09-06,18:30:00,,117,Slovakia,5460131,4614,88.0,37,0.0,2802,5.0,1775,18,845,7.0,356823,65351
2020-09-07,23:39:00,,117,Slovakia,5460138,4636,22.0,37,0.0,2836,34.0,1763,18,849,7.0,357745,65519
2020-09-08,22:10:00,,117,Slovakia,5460145,4727,91.0,37,0.0,2913,77.0,1777,24,866,7.0,360636,66049
2020-09-09,22:01:00,,117,Slovakia,5460153,4888,161.0,37,0.0,2947,34.0,1904,24,895,7.0,365945,67021
2020-09-10,22:01:00,,117,Slovakia,5460160,5066,178.0,37,0.0,3001,54.0,2028,24,928,7.0,370966,67940
2020-09-11,22:00:00,,117,Slovakia,5460167,5252,186.0,37,0.0,3081,80.0,2134,23,962,7.0,375232,68722
2020-09-12,22:22:00,,117,Slovakia,5460174,5453,201.0,38,1.0,3114,33.0,2301,23,999,7.0,381423,69855
2020-09-13,22:01:00,,117,Slovakia,5460181,5532,79.0,38,0.0,3124,10.0,2370,22,1013,7.0,384503,70419
2020-09-14,22:04:00,,117,Slovakia,5460189,5580,48.0,38,0.0,3129,5.0,2413,22,1022,7.0,385928,70680
2020-09-15,21:00:00,,117,Slovakia,5460196,5768,188.0,38,0.0,3214,85.0,2516,27,1056,7.0,390251,71472
2020-09-16,21:01:00,,117,Slovakia,5460203,5860,92.0,38,0.0,3220,6.0,2602,27,1073,7.0,393486,72064
2020-09-18,20:01:00,,117,Slovakia,5460217,6256,396.0,39,1.0,3390,170.0,2827,22,1146,7.0,403055,73817
2020-09-19,21:00:00,,117,Slovakia,5460225,6546,290.0,39,0.0,3519,129.0,2988,22,1199,7.0,408805,74870
2020-09-20,22:31:00,,117,Slovakia,5460232,6677,131.0,39,0.0,3548,29.0,3090,19,1223,7.0,412248,75500
2020-09-21,21:01:00,,117,Slovakia,5460239,6756,79.0,39,0.0,3571,23.0,3146,18,1237,7.0,414200,75857
2020-09-22,21:01:00,,117,Slovakia,5460246,6931,175.0,40,1.0,3668,97.0,3223,18,1269,7.0,416864,76345
2020-09-23,19:58:00,,117,Slovakia,5460253,7269,338.0,41,1.0,3888,220.0,3340,17,1331,8.0,423095,77486
2020-09-24,21:00:00,,117,Slovakia,5460261,7629,360.0,41,0.0,3978,90.0,3610,25,1397,8.0,428308,78441
2020-09-25,21:00:00,,117,Slovakia,5460268,8048,419.0,41,0.0,4036,58.0,3971,24,1474,8.0,433848,79455
2020-09-26,21:00:00,,117,Slovakia,5460275,8600,552.0,44,3.0,4098,62.0,4458,24,1575,8.0,440331,80643
2020-09-27,22:45:00,,117,Slovakia,5460282,9078,478.0,44,0.0,4178,80.0,4856,31,1663,8.0,445986,81678
2020-09-28,22:00:00,,117,Slovakia,5460289,9343,265.0,44,0.0,4213,35.0,5086,31,1711,8.0,447940,82036
2020-09-29,21:35:00,,117,Slovakia,5460297,9574,231.0,45,1.0,4329,116.0,5200,34,1753,8.0,450501,82505
2020-09-30,22:00:00,,117,Slovakia,5460304,10141,567.0,48,3.0,4395,66.0,5698,34,1857,9.0,457851,83851
2020-10-01,21:31:00,,117,Slovakia,5460311,10938,797.0,48,0.0,4620,225.0,6270,34,2003,9.0,467021,85530
2020-10-02,22:36:00,,117,Slovakia,5460318,11617,679.0,54,6.0,4756,136.0,6807,39,2128,10.0,474845,86963
2020-10-03,22:24:00,,117,Slovakia,5460325,12321,704.0,54,0.0,4793,37.0,7474,37,2256,10.0,484337,88701
2020-10-04,21:01:00,,117,Slovakia,5460333,13139,818.0,55,1.0,4828,35.0,8256,37,2406,10.0,492902,90270
2020-10-05,22:13:00,,117,Slovakia,5460340,13492,353.0,55,0.0,4865,37.0,8572,37,2471,10.0,496284,90889
2020-10-06,23:01:00,,117,Slovakia,5460347,13812,320.0,55,0.0,5027,162.0,8730,37,2530,10.0,500034,91575
2020-10-07,23:01:00,,117,Slovakia,5460354,14689,877.0,55,0.0,5200,173.0,9434,42,2690,10.0,508713,93165
2020-10-08,23:59:00,,117,Slovakia,5460361,15726,1037.0,57,2.0,5353,153.0,10316,42,2880,10.0,518231,94908
2020-10-09,23:00:00,,117,Slovakia,5460369,16910,1184.0,57,0.0,5452,99.0,11401,42,3097,10.0,528367,96764
2020-10-10,23:00:00,,117,Slovakia,5460376,18797,1887.0,61,4.0,5553,101.0,13183,43,3442,11.0,539490,98801
2020-10-12,23:10:00,,117,Slovakia,5460390,20355,1558.0,61,0.0,6031,478.0,14263,48,3728,11.0,552447,101174
2020-10-13,23:01:00,,117,Slovakia,5460397,20886,531.0,61,0.0,6388,357.0,14437,55,3825,11.0,557505,102100
2020-10-14,23:01:00,,117,Slovakia,5460405,22296,1410.0,66,5.0,6709,321.0,15521,66,4083,12.0,567733,103973
2020-10-15,14:09:00,11:06:00,117,Slovakia,5460412,24225,1929.0,71,5.0,6926,217.0,17228,67,4436,13.0,580235,106262
2020-10-16,22:08:00,19:06:00,117,Slovakia,5460419,26300,2075.0,71,0.0,7182,256.0,19047,69,4816,13.0,594245,108828
2020-10-17,23:01:00,19:58:00,117,Slovakia,5460426,28268,1968.0,82,11.0,7297,115.0,20889,71,5177,15.0,606149,111008
2020-10-18,22:05:00,19:03:00,117,Slovakia,5460433,29835,1567.0,88,6.0,7359,62.0,22388,71,5464,16.0,617007,112996
2020-10-19,22:05:00,18:59:00,117,Slovakia,5460441,30695,860.0,92,4.0,7536,177.0,23067,72,5621,17.0,622032,113916
2020-10-20,22:05:00,19:04:00,117,Slovakia,5460448,31400,705.0,98,6.0,8004,468.0,23298,73,5750,18.0,627978,115005
2020-10-21,22:05:00,19:03:00,117,Slovakia,5460455,33602,2202.0,98,0.0,8404,400.0,25100,76,6154,18.0,641810,117538
2020-10-22,22:05:00,19:04:00,117,Slovakia,5460462,35330,1728.0,115,17.0,8763,359.0,26452,83,6470,21.0,651175,119253
2020-10-23,22:05:00,19:02:00,117,Slovakia,5460469,37911,2581.0,134,19.0,8859,96.0,28918,62,6943,25.0,664544,121701
2020-10-24,23:41:00,20:40:00,117,Slovakia,5460477,40801,2890.0,159,25.0,9920,1061.0,30722,66,7472,29.0,678069,124178
2020-10-25,23:00:00,20:58:00,117,Slovakia,5460484,43843,3042.0,159,0.0,9960,40.0,33724,66,8029,29.0,694117,127116
2020-10-26,23:00:00,20:56:00,117,Slovakia,5460491,45155,1312.0,165,6.0,10130,170.0,34860,86,8269,30.0,700292,128247
2020-10-27,23:00:00,20:58:00,117,Slovakia,5460498,46056,901.0,176,11.0,11008,878.0,34872,89,8434,32.0,706191,129327
2020-10-28,23:00:00,20:58:00,117,Slovakia,5460505,48943,2887.0,184,8.0,11799,791.0,36960,82,8963,34.0,720833,132008
2020-10-29,23:00:00,20:57:00,117,Slovakia,5460513,51728,2785.0,200,16.0,12227,428.0,39301,203,9473,37.0,735188,134637
2020-10-30,23:00:00,20:58:00,117,Slovakia,5460520,55091,3363.0,212,12.0,12508,281.0,42371,205,10089,39.0,751744,137669
2020-10-31,23:00:00,20:59:00,117,Slovakia,5460527,57664,2573.0,219,7.0,12617,109.0,44828,205,10560,40.0,769818,140979
2020-11-01,23:00:00,20:59:00,117,Slovakia,5460534,59946,2282.0,219,0.0,12798,181.0,46929,205,10978,40.0,791767,144998
2020-11-02,23:00:00,20:57:00,117,Slovakia,5460541,61829,1883.0,219,0.0,13012,214.0,48598,196,11323,40.0,813244,148931
2020-11-03,23:00:00,20:59:00,117,Slovakia,5460549,63556,1727.0,235,16.0,14257,1245.0,49064,200,11639,43.0,832238,152409
2020-11-04,23:00:00,20:57:00,117,Slovakia,5460556,66772,3216.0,261,26.0,15474,1217.0,51037,196,12228,48.0,845615,154859
2020-11-05,23:00:00,20:59:00,117,Slovakia,5460563,68734,1962.0,286,25.0,16426,952.0,52022,216,12587,52.0,858479,157214
2020-11-06,23:00:00,20:58:00,117,Slovakia,5460570,71088,2354.0,317,31.0,16990,564.0,53781,218,13018,58.0,870094,159341
2020-11-07,23:00:00,20:57:00,117,Slovakia,5460577,73667,2579.0,351,34.0,18354,1364.0,54962,218,13491,64.0,885861,162228
2020-11-08,23:00:00,20:49:00,117,Slovakia,5460585,75495,1828.0,351,0.0,19481,1127.0,55663,229,13825,64.0,901327,165061
2020-11-09,23:00:00,20:59:00,117,Slovakia,5460592,76072,577.0,366,15.0,19757,276.0,55949,135,13931,67.0,906283,165968
2020-11-10,23:00:00,20:59:00,117,Slovakia,5460599,77123,1051.0,390,24.0,21718,1961.0,55015,119,14124,71.0,913096,167215
2020-11-11,23:00:00,20:56:00,117,Slovakia,5460606,79181,2058.0,414,24.0,23247,1529.0,55520,117,14500,76.0,925987,169576
2020-11-12,23:00:00,20:59:00,117,Slovakia,5460614,81772,2591.0,464,50.0,24314,1067.0,56994,221,14975,85.0,938571,171880
2020-11-13,23:00:00,20:58:00,117,Slovakia,5460621,83796,2024.0,491,27.0,26439,2125.0,56866,231,15346,90.0,949307,173846
2020-11-14,23:00:00,20:57:00,117,Slovakia,5460628,85567,1771.0,510,19.0,29024,2585.0,56033,225,15670,93.0,960049,175813
2020-11-15,23:00:00,20:53:00,117,Slovakia,5460635,86767,1200.0,510,0.0,30519,1495.0,55738,202,15890,93.0,966594,177011
2020-11-16,23:00:00,20:59:00,117,Slovakia,5460642,87276,509.0,526,16.0,31053,534.0,55697,218,15983,96.0,968365,177335
2020-11-17,23:00:00,20:58:00,117,Slovakia,5460650,88602,1326.0,557,31.0,33906,2853.0,54139,216,16226,102.0,976202,178770
2020-11-18,23:00:00,20:57:00,117,Slovakia,5460657,89913,1311.0,579,22.0,35924,2018.0,53410,216,16466,106.0,982035,179838
2020-11-19,23:00:00,20:59:00,117,Slovakia,5460664,91578,1665.0,579,0.0,38695,2771.0,52304,211,16770,106.0,989948,181287
2020-11-20,23:00:00,20:59:00,117,Slovakia,5460671,93396,1818.0,614,35.0,40816,2121.0,51966,237,17103,112.0,999784,183088
2020-11-21,23:00:00,20:58:00,117,Slovakia,5460678,95257,1861.0,644,30.0,43188,2372.0,51425,216,17444,118.0,1010338,185021
2020-11-22,23:00:00,20:59:00,117,Slovakia,5460686,96241,984.0,671,27.0,45883,2695.0,49687,216,17624,123.0,1016029,186063
2020-11-23,23:00:00,20:58:00,117,Slovakia,5460693,96472,231.0,693,22.0,47933,2050.0,47846,218,17667,127.0,1017802,186387
2020-11-24,23:00:00,20:57:00,117,Slovakia,5460700,97493,1021.0,709,16.0,50738,2805.0,46046,214,17854,130.0,1024347,187585
2020-11-25,23:00:00,20:58:00,117,Slovakia,5460707,99304,1811.0,732,23.0,53547,2809.0,45025,213,18185,134.0,1034492,189443
2020-11-26,23:00:00,20:47:00,117,Slovakia,5460714,101257,1953.0,749,17.0,56378,2831.0,44130,219,18543,137.0,1045215,191406
2020-11-27,23:00:00,20:59:00,117,Slovakia,5460722,103106,1849.0,771,22.0,59285,2907.0,43050,223,18881,141.0,1056143,193407
2020-11-28,23:00:00,20:46:00,117,Slovakia,5460729,104632,1526.0,798,27.0,62094,2809.0,41740,223,19161,146.0,1066035,195218
2020-11-29,23:00:00,20:51:00,117,Slovakia,5460736,105733,1101.0,816,18.0,64197,2103.0,40720,230,19362,149.0,1073571,196598
2020-11-30,23:00:00,20:57:00,117,Slovakia,5460743,105929,196.0,839,23.0,66041,1844.0,39049,241,19398,154.0,1074634,196793
2020-12-01,23:00:00,20:55:00,117,Slovakia,5460750,107183,1254.0,868,29.0,68859,2818.0,37456,243,19628,159.0,1082625,198256
2020-12-02,23:00:00,20:58:00,117,Slovakia,5460758,109226,2043.0,898,30.0,71738,2879.0,36590,245,20002,164.0,1093761,200295
2020-12-03,23:00:00,20:59:00,117,Slovakia,5460765,111208,1982.0,930,32.0,74273,2535.0,36005,253,20365,170.0,1104025,202174
2020-12-04,23:00:00,20:57:00,117,Slovakia,5460772,113392,2184.0,957,27.0,77142,2869.0,35293,246,20765,175.0,1115246,204229
2020-12-05,23:00:00,20:58:00,117,Slovakia,5460779,115462,2070.0,981,24.0,79956,2814.0,34525,246,21144,180.0,1127916,206549
2020-12-06,23:00:00,20:51:00,117,Slovakia,5460786,116731,1269.0,996,15.0,82666,2710.0,33069,247,21376,182.0,1135111,207866
2020-12-07,23:00:00,20:57:00,117,Slovakia,5460794,117283,552.0,1018,22.0,84850,2184.0,31415,255,21477,186.0,1138526,208491
2020-12-08,23:00:00,20:59:00,117,Slovakia,5460801,119232,1949.0,1046,28.0,87433,2583.0,30753,270,21834,192.0,1148771,210367
2020-12-09,23:00:00,20:59:00,117,Slovakia,5460808,121796,2564.0,1084,38.0,89769,2336.0,30943,270,22304,199.0,1162048,212798
2020-12-10,23:00:00,20:59:00,117,Slovakia,5460815,124921,3125.0,1104,20.0,91455,1686.0,32362,286,22876,202.0,1177178,215568
2020-12-11,23:00:00,20:59:00,117,Slovakia,5460822,127087,2166.0,1122,18.0,93533,2078.0,32432,282,23273,205.0,1188116,217571
2020-12-12,23:00:00,20:58:00,117,Slovakia,5460830,127087,0.0,1122,0.0,93533,0.0,32432,282,23272,205.0,1188116,217571
2020-12-13,23:00:00,20:59:00,117,Slovakia,5460837,132984,5897.0,1175,53.0,97068,3535.0,34741,282,24352,215.0,1216063,222688
2020-12-14,23:35:00,21:34:00,117,Slovakia,5460844,133489,505.0,1205,30.0,98585,1517.0,33699,282,24445,221.0,1218962,223219
2020-12-15,23:00:00,20:59:00,117,Slovakia,5460851,135523,2034.0,1251,46.0,100303,1718.0,33969,288,24817,229.0,1229863,225215
2020-12-16,23:00:00,20:58:00,117,Slovakia,5460858,139088,3565.0,1309,58.0,101584,1281.0,36195,310,25470,240.0,1246580,228275
2020-12-17,23:00:00,20:56:00,117,Slovakia,5460866,142133,3045.0,1378,69.0,102737,1153.0,38018,278,26028,252.0,1261501,231007
2020-12-18,23:00:00,20:57:00,117,Slovakia,5460873,146124,3991.0,1440,62.0,104560,1823.0,40124,311,26758,264.0,1279523,234307
2020-12-19,23:59:00,22:11:00,117,Slovakia,5460880,149275,3151.0,1510,70.0,106361,1801.0,41404,304,27335,277.0,1295720,237273
2020-12-20,23:00:00,20:54:00,117,Slovakia,5460887,151336,2061.0,1555,45.0,107828,1467.0,41953,312,27713,285.0,1305541,239071
2020-12-21,23:00:00,20:59:00,117,Slovakia,5460894,152555,1219.0,1618,63.0,109807,1979.0,41130,319,27936,296.0,1311832,240223
2020-12-22,23:00:00,20:59:00,117,Slovakia,5460902,155218,2663.0,1618,0.0,110565,758.0,43035,334,28424,296.0,1325121,242656
2020-12-23,23:00:00,20:58:00,117,Slovakia,5460909,158905,3687.0,1686,68.0,112627,2062.0,44592,348,29099,309.0,1343265,245978
