Date,Scrap_time,Update_time_GMT,Country_id,Country,Population,TotalCases,NewCases,TotalDeaths,NewDeaths,TotalRecovered,NewRecovered,ActiveCases,SeriousCritical,Tot_Cases_1Mpop,Deaths_1Mpop,TotalTests,Tests_1Mpop
2020-08-02,20:00:00,,127,South Sudan,11204779,2352,,46,,1175,,1131,,210,4.0,12044,1075
2020-08-08,20:00:00,,127,South Sudan,11206930,2463,111.0,47,1.0,1175,0.0,1241,,220,4.0,12044,1075
2020-08-12,20:00:00,,127,South Sudan,11208364,2472,9.0,47,0.0,1175,0.0,1250,,221,4.0,12044,1075
2020-08-16,20:00:00,,127,South Sudan,11209798,2488,16.0,47,0.0,1175,0.0,1266,,222,4.0,12044,1074
2020-08-17,20:00:00,,127,South Sudan,11210156,2489,1.0,47,0.0,1175,0.0,1267,,222,4.0,12044,1074
2020-08-18,20:00:00,,127,South Sudan,11210515,2490,1.0,47,0.0,1175,0.0,1268,,222,4.0,12044,1074
2020-08-19,20:00:00,,127,South Sudan,11210873,2490,0.0,47,0.0,1175,0.0,1268,,222,4.0,12044,1074
2020-08-20,17:53:00,,127,South Sudan,11211232,2494,4.0,47,0.0,1290,115.0,1157,,222,4.0,12044,1074
2020-08-23,21:09:00,,127,South Sudan,11212307,2499,5.0,47,0.0,1290,0.0,1162,,223,4.0,12044,1074
2020-08-24,17:10:00,,127,South Sudan,11212666,2499,0.0,47,0.0,1290,0.0,1162,,223,4.0,12044,1074
2020-08-25,23:00:00,,127,South Sudan,11213024,2507,8.0,47,0.0,1290,0.0,1170,,224,4.0,12044,1074
2020-08-26,22:59:00,,127,South Sudan,11213382,2510,3.0,47,0.0,1290,0.0,1173,,224,4.0,12044,1074
2020-08-27,23:00:00,,127,South Sudan,11213741,2514,4.0,47,0.0,1290,0.0,1177,,224,4.0,12044,1074
2020-08-28,23:01:00,,127,South Sudan,11214099,2518,4.0,47,0.0,1290,0.0,1181,,225,4.0,12044,1074
2020-08-29,12:29:00,,127,South Sudan,11214458,2518,0.0,47,0.0,1290,0.0,1181,,225,4.0,12044,1074
2020-08-30,23:00:00,,127,South Sudan,11214816,2519,1.0,47,0.0,1290,0.0,1182,,225,4.0,12044,1074
2020-08-31,18:58:00,,127,South Sudan,11215175,2519,0.0,47,0.0,1290,0.0,1182,,225,4.0,12044,1074
2020-09-01,23:00:00,,127,South Sudan,11215533,2527,8.0,47,0.0,1290,0.0,1190,,225,4.0,12044,1074
2020-09-02,23:01:00,,127,South Sudan,11215892,2532,5.0,47,0.0,1290,0.0,1195,,226,4.0,12044,1074
2020-09-03,23:01:00,,127,South Sudan,11216250,2533,1.0,47,0.0,1290,0.0,1196,,226,4.0,12044,1074
2020-09-04,07:01:00,,127,South Sudan,11216609,2533,0.0,47,0.0,1290,0.0,1196,,226,4.0,12044,1074
2020-09-05,23:31:00,,127,South Sudan,11216967,2544,11.0,48,1.0,1290,0.0,1206,,227,4.0,12044,1074
2020-09-06,18:30:00,,127,South Sudan,11217326,2544,0.0,48,0.0,1290,0.0,1206,,227,4.0,12044,1074
2020-09-07,23:39:00,,127,South Sudan,11217684,2545,1.0,48,0.0,1290,0.0,1207,,227,4.0,12044,1074
2020-09-08,22:10:00,,127,South Sudan,11218042,2552,7.0,49,1.0,1290,0.0,1213,,227,4.0,12044,1074
2020-09-10,22:01:00,,127,South Sudan,11218759,2555,3.0,49,0.0,1290,0.0,1216,,228,4.0,12044,1074
2020-09-11,22:00:00,,127,South Sudan,11219118,2555,0.0,49,0.0,1290,0.0,1216,,228,4.0,12044,1074
2020-09-12,22:22:00,,127,South Sudan,11219476,2578,23.0,49,0.0,1290,0.0,1239,,230,4.0,12044,1073
2020-09-13,22:01:00,,127,South Sudan,11219835,2578,0.0,49,0.0,1290,0.0,1239,,230,4.0,12044,1073
2020-09-14,22:04:00,,127,South Sudan,11220193,2587,9.0,49,0.0,1290,0.0,1248,,231,4.0,12044,1073
2020-09-15,21:00:00,,127,South Sudan,11220552,2592,5.0,49,0.0,1290,0.0,1253,,231,4.0,12044,1073
2020-09-16,21:01:00,,127,South Sudan,11220910,2594,2.0,49,0.0,1290,0.0,1255,,231,4.0,12044,1073
2020-09-18,20:01:00,,127,South Sudan,11221627,2599,5.0,49,0.0,1290,0.0,1260,,232,4.0,12044,1073
2020-09-19,21:00:00,,127,South Sudan,11221985,2642,43.0,49,0.0,1290,0.0,1303,,235,4.0,12044,1073
2020-09-20,22:31:00,,127,South Sudan,11222344,2642,0.0,49,0.0,1290,0.0,1303,,235,4.0,12044,1073
2020-09-21,21:01:00,,127,South Sudan,11222702,2649,7.0,49,0.0,1290,0.0,1310,,236,4.0,12044,1073
2020-09-22,21:01:00,,127,South Sudan,11223061,2649,0.0,49,0.0,1290,0.0,1310,,236,4.0,12044,1073
2020-09-23,19:58:00,,127,South Sudan,11223419,2660,11.0,49,0.0,1290,0.0,1321,,237,4.0,12044,1073
2020-09-24,21:00:00,,127,South Sudan,11223778,2664,4.0,49,0.0,1290,0.0,1325,,237,4.0,12044,1073
2020-09-25,21:00:00,,127,South Sudan,11224136,2669,5.0,49,0.0,1290,0.0,1330,,238,4.0,12044,1073
2020-09-26,21:00:00,,127,South Sudan,11224495,2676,7.0,49,0.0,1290,0.0,1337,,238,4.0,12044,1073
2020-09-27,22:45:00,,127,South Sudan,11224853,2686,10.0,49,0.0,1290,0.0,1347,,239,4.0,12044,1073
2020-09-28,22:00:00,,127,South Sudan,11225212,2692,6.0,49,0.0,1290,0.0,1353,,240,4.0,12044,1073
2020-09-29,21:35:00,,127,South Sudan,11225570,2692,0.0,49,0.0,1290,0.0,1353,,240,4.0,12044,1073
2020-09-30,22:00:00,,127,South Sudan,11225929,2704,12.0,49,0.0,1290,0.0,1365,,241,4.0,12044,1073
2020-10-01,21:31:00,,127,South Sudan,11226287,2704,0.0,49,0.0,1290,0.0,1365,,241,4.0,12044,1073
2020-10-02,22:36:00,,127,South Sudan,11226645,2715,11.0,50,1.0,1290,0.0,1375,,242,4.0,12044,1073
2020-10-03,22:24:00,,127,South Sudan,11227004,2715,0.0,50,0.0,1290,0.0,1375,,242,4.0,12044,1073
2020-10-04,21:01:00,,127,South Sudan,11227362,2715,0.0,50,0.0,1290,0.0,1375,,242,4.0,12044,1073
2020-10-05,22:13:00,,127,South Sudan,11227721,2726,11.0,50,0.0,1290,0.0,1386,,243,4.0,12044,1073
2020-10-06,23:01:00,,127,South Sudan,11228079,2734,8.0,50,0.0,1290,0.0,1394,,243,4.0,12044,1073
2020-10-07,23:01:00,,127,South Sudan,11228438,2748,14.0,50,0.0,1290,0.0,1408,,245,4.0,12044,1073
2020-10-08,23:59:00,,127,South Sudan,11228796,2749,1.0,53,3.0,1290,0.0,1406,,245,5.0,12044,1073
2020-10-09,23:00:00,,127,South Sudan,11229155,2761,12.0,54,1.0,1290,0.0,1417,,246,5.0,12044,1073
2020-10-10,23:00:00,,127,South Sudan,11229513,2761,0.0,54,0.0,1290,0.0,1417,,246,5.0,12044,1073
2020-10-12,23:10:00,,127,South Sudan,11230230,2787,26.0,55,1.0,1290,0.0,1442,,248,5.0,12044,1072
2020-10-13,23:01:00,,127,South Sudan,11230588,2798,11.0,55,0.0,1290,0.0,1453,,249,5.0,12044,1072
2020-10-14,23:01:00,,127,South Sudan,11230947,2798,0.0,55,0.0,1290,0.0,1453,,249,5.0,12044,1072
2020-10-15,14:09:00,11:06:00,127,South Sudan,11231305,2798,0.0,55,0.0,1290,0.0,1453,,249,5.0,12044,1072
2020-10-16,22:08:00,19:06:00,127,South Sudan,11231664,2817,19.0,55,0.0,1290,0.0,1472,,251,5.0,12044,1072
2020-10-17,23:01:00,19:58:00,127,South Sudan,11232022,2817,0.0,55,0.0,1290,0.0,1472,,251,5.0,12044,1072
2020-10-18,22:05:00,19:03:00,127,South Sudan,11232381,2842,25.0,55,0.0,1290,0.0,1497,,253,5.0,12044,1072
2020-10-19,22:05:00,18:59:00,127,South Sudan,11232739,2847,5.0,55,0.0,1290,0.0,1502,,253,5.0,12044,1072
2020-10-20,22:05:00,19:04:00,127,South Sudan,11233098,2847,0.0,55,0.0,1290,0.0,1502,,253,5.0,12044,1072
2020-10-21,22:05:00,19:03:00,127,South Sudan,11233456,2870,23.0,55,0.0,1290,0.0,1525,,255,5.0,12044,1072
2020-10-22,22:05:00,19:04:00,127,South Sudan,11233815,2872,2.0,55,0.0,1290,0.0,1527,,256,5.0,12044,1072
2020-10-23,22:05:00,19:02:00,127,South Sudan,11234173,2876,4.0,56,1.0,1290,0.0,1530,,256,5.0,12044,1072
2020-10-24,23:41:00,20:40:00,127,South Sudan,11234532,2876,0.0,56,0.0,1290,0.0,1530,,256,5.0,12044,1072
2020-10-25,23:00:00,20:58:00,127,South Sudan,11234890,2883,7.0,56,0.0,1290,0.0,1537,,257,5.0,12044,1072
2020-10-26,23:00:00,20:56:00,127,South Sudan,11235248,2883,0.0,56,0.0,1290,0.0,1537,,257,5.0,12044,1072
2020-10-27,23:00:00,20:58:00,127,South Sudan,11235607,2883,0.0,56,0.0,1290,0.0,1537,,257,5.0,12044,1072
2020-10-28,23:00:00,20:58:00,127,South Sudan,11235965,2890,7.0,56,0.0,1290,0.0,1544,,257,5.0,12044,1072
2020-10-29,23:00:00,20:57:00,127,South Sudan,11236324,2903,13.0,58,2.0,1290,0.0,1555,,258,5.0,12044,1072
2020-10-30,23:00:00,20:58:00,127,South Sudan,11236682,2903,0.0,58,0.0,1290,0.0,1555,,258,5.0,12044,1072
2020-10-31,23:00:00,20:59:00,127,South Sudan,11237041,2905,2.0,58,0.0,1290,0.0,1557,,259,5.0,12044,1072
2020-11-01,23:00:00,20:59:00,127,South Sudan,11237399,2926,21.0,59,1.0,1290,0.0,1577,,260,5.0,12044,1072
2020-11-02,23:00:00,20:57:00,127,South Sudan,11237758,2926,0.0,59,0.0,1290,0.0,1577,,260,5.0,12044,1072
2020-11-03,23:00:00,20:59:00,127,South Sudan,11238116,2926,0.0,59,0.0,1290,0.0,1577,,260,5.0,12044,1072
2020-11-04,23:00:00,20:57:00,127,South Sudan,11238475,2943,17.0,59,0.0,1290,0.0,1594,,262,5.0,12044,1072
2020-11-05,23:00:00,20:59:00,127,South Sudan,11238833,2943,0.0,59,0.0,1290,0.0,1594,,262,5.0,12044,1072
2020-11-06,23:00:00,20:58:00,127,South Sudan,11239191,2943,0.0,59,0.0,1290,0.0,1594,,262,5.0,12044,1072
2020-11-07,23:00:00,20:57:00,127,South Sudan,11239550,2943,0.0,59,0.0,1290,0.0,1594,,262,5.0,12044,1072
2020-11-08,23:00:00,20:49:00,127,South Sudan,11239908,2943,0.0,59,0.0,1290,0.0,1594,,262,5.0,12044,1072
2020-11-09,23:00:00,20:59:00,127,South Sudan,11240267,2943,0.0,59,0.0,1290,0.0,1594,,262,5.0,12044,1072
2020-11-10,23:00:00,20:59:00,127,South Sudan,11240625,2960,17.0,59,0.0,1290,0.0,1611,,263,5.0,12044,1071
2020-11-11,23:00:00,20:56:00,127,South Sudan,11240984,2960,0.0,59,0.0,1290,0.0,1611,,263,5.0,12044,1071
2020-11-12,23:00:00,20:59:00,127,South Sudan,11241342,2960,0.0,59,0.0,1290,0.0,1611,,263,5.0,12044,1071
2020-11-13,23:00:00,20:58:00,127,South Sudan,11241701,2960,0.0,59,0.0,1290,0.0,1611,,263,5.0,12044,1071
2020-11-14,23:00:00,20:57:00,127,South Sudan,11242059,3003,43.0,59,0.0,1290,0.0,1654,,267,5.0,12044,1071
2020-11-15,23:00:00,20:53:00,127,South Sudan,11242418,3003,0.0,59,0.0,1290,0.0,1654,,267,5.0,12044,1071
2020-11-16,23:00:00,20:59:00,127,South Sudan,11242776,3003,0.0,59,0.0,1290,0.0,1654,,267,5.0,12044,1071
2020-11-17,23:00:00,20:58:00,127,South Sudan,11243135,3012,9.0,59,0.0,1290,0.0,1663,,268,5.0,12044,1071
2020-11-18,23:00:00,20:57:00,127,South Sudan,11243493,3016,4.0,59,0.0,1290,0.0,1667,,268,5.0,12044,1071
2020-11-19,23:00:00,20:59:00,127,South Sudan,11243851,3016,0.0,59,0.0,1290,0.0,1667,,268,5.0,12044,1071
2020-11-20,23:00:00,20:59:00,127,South Sudan,11244210,3016,0.0,59,0.0,1290,0.0,1667,,268,5.0,12044,1071
2020-11-21,23:00:00,20:58:00,127,South Sudan,11244568,3047,31.0,60,1.0,1290,0.0,1697,,271,5.0,12044,1071
2020-11-22,23:00:00,20:59:00,127,South Sudan,11244927,3047,0.0,60,0.0,1290,0.0,1697,,271,5.0,12044,1071
2020-11-23,23:00:00,20:58:00,127,South Sudan,11245285,3047,0.0,60,0.0,1290,0.0,1697,,271,5.0,12044,1071
2020-11-24,23:00:00,20:57:00,127,South Sudan,11245644,3069,22.0,61,1.0,2938,1648.0,70,,273,5.0,55258,4914
2020-11-25,23:00:00,20:58:00,127,South Sudan,11246002,3073,4.0,61,0.0,2938,0.0,74,,273,5.0,55777,4960
2020-11-26,23:00:00,20:47:00,127,South Sudan,11246361,3092,19.0,61,0.0,2949,11.0,82,,275,5.0,56848,5055
2020-11-27,23:00:00,20:59:00,127,South Sudan,11246719,3104,12.0,61,0.0,2954,5.0,89,,276,5.0,57500,5113
2020-11-28,23:00:00,20:46:00,127,South Sudan,11247078,3104,0.0,61,0.0,2954,0.0,89,,276,5.0,57500,5112
2020-11-29,23:00:00,20:51:00,127,South Sudan,11247436,3104,0.0,61,0.0,2954,0.0,89,,276,5.0,57500,5112
2020-11-30,23:00:00,20:57:00,127,South Sudan,11247794,3109,5.0,61,0.0,2954,0.0,94,,276,5.0,58576,5208
2020-12-01,23:00:00,20:55:00,127,South Sudan,11248153,3111,2.0,61,0.0,2954,0.0,96,,277,5.0,59081,5253
2020-12-02,23:00:00,20:58:00,127,South Sudan,11248511,3111,0.0,61,0.0,2954,0.0,96,,277,5.0,59081,5252
2020-12-03,23:00:00,20:59:00,127,South Sudan,11248870,3118,7.0,61,0.0,2966,12.0,91,,277,5.0,59677,5305
2020-12-04,23:00:00,20:57:00,127,South Sudan,11249228,3154,36.0,62,1.0,2977,11.0,115,,280,6.0,61101,5432
2020-12-05,23:00:00,20:58:00,127,South Sudan,11249587,3154,0.0,62,0.0,2977,0.0,115,,280,6.0,61101,5431
2020-12-06,23:00:00,20:51:00,127,South Sudan,11249945,3166,12.0,62,0.0,2977,0.0,127,1.0,281,6.0,61964,5508
2020-12-07,23:00:00,20:57:00,127,South Sudan,11250304,3181,15.0,62,0.0,2977,0.0,142,1.0,283,6.0,62494,5555
2020-12-08,23:00:00,20:59:00,127,South Sudan,11250662,3181,0.0,62,0.0,2977,0.0,142,1.0,283,6.0,62494,5555
2020-12-09,23:00:00,20:59:00,127,South Sudan,11251021,3181,0.0,62,0.0,3003,26.0,116,1.0,283,6.0,62494,5555
2020-12-10,23:00:00,20:59:00,127,South Sudan,11251379,3181,0.0,62,0.0,3003,0.0,116,1.0,283,6.0,62494,5554
2020-12-11,23:00:00,20:59:00,127,South Sudan,11251738,3181,0.0,62,0.0,3003,0.0,116,1.0,283,6.0,62494,5554
2020-12-12,23:00:00,20:58:00,127,South Sudan,11252096,3206,25.0,62,0.0,3043,40.0,101,1.0,285,6.0,63753,5666
2020-12-13,23:00:00,20:59:00,127,South Sudan,11252454,3206,0.0,62,0.0,3043,0.0,101,1.0,285,6.0,63753,5666
2020-12-14,23:35:00,21:34:00,127,South Sudan,11252813,3206,0.0,62,0.0,3043,0.0,101,1.0,285,6.0,63753,5666
2020-12-15,23:00:00,20:59:00,127,South Sudan,11253171,3206,0.0,62,0.0,3043,0.0,101,1.0,285,6.0,63753,5665
2020-12-16,23:00:00,20:58:00,127,South Sudan,11253530,3222,16.0,62,0.0,3043,0.0,117,1.0,286,6.0,63753,5665
2020-12-17,23:00:00,20:56:00,127,South Sudan,11253888,3222,0.0,62,0.0,3043,0.0,117,1.0,286,6.0,63753,5665
2020-12-18,23:00:00,20:57:00,127,South Sudan,11254247,3228,6.0,62,0.0,3090,47.0,76,1.0,287,6.0,64421,5724
2020-12-19,23:59:00,22:11:00,127,South Sudan,11254605,3228,0.0,62,0.0,3090,0.0,76,1.0,287,6.0,64421,5724
2020-12-20,23:00:00,20:54:00,127,South Sudan,11254964,3228,0.0,62,0.0,3090,0.0,76,1.0,287,6.0,64687,5747
2020-12-21,23:00:00,20:59:00,127,South Sudan,11255322,3228,0.0,62,0.0,3090,0.0,76,1.0,287,6.0,64687,5747
2020-12-22,23:00:00,20:59:00,127,South Sudan,11255681,3234,6.0,62,0.0,3111,21.0,61,1.0,287,6.0,65241,5796
2020-12-23,23:00:00,20:58:00,127,South Sudan,11256039,3234,0.0,62,0.0,3111,0.0,61,1.0,287,6.0,65241,5796
2020-12-24,23:00:00,20:55:00,127,South Sudan,11256397,3455,221.0,62,0.0,3118,7.0,275,1.0,307,6.0,73265,6509
2020-12-25,23:00:00,20:59:00,127,South Sudan,11256756,3455,0.0,62,0.0,3118,0.0,275,1.0,307,6.0,73265,6509
2020-12-26,23:00:00,20:59:00,127,South Sudan,11257114,3455,0.0,62,0.0,3118,0.0,275,1.0,307,6.0,73265,6508
2020-12-27,23:00:00,20:56:00,127,South Sudan,11257473,3490,35.0,62,0.0,3118,0.0,310,1.0,310,6.0,73265,6508
2020-12-28,23:00:00,20:58:00,127,South Sudan,11257831,3490,0.0,62,0.0,3118,0.0,310,1.0,310,6.0,73265,6508
2020-12-29,23:00:00,20:54:00,127,South Sudan,11258190,3511,21.0,63,1.0,3131,13.0,317,2.0,312,6.0,75273,6686
2020-12-30,23:00:00,20:54:00,127,South Sudan,11258548,3540,29.0,63,0.0,3131,0.0,346,2.0,314,6.0,75972,6748
2020-12-31,23:00:00,20:44:00,127,South Sudan,11258907,3558,18.0,63,0.0,3131,0.0,364,2.0,316,6.0,76232,6771
2021-01-01,23:00:00,20:54:00,127,South Sudan,11259265,3558,0.0,63,0.0,3131,0.0,364,2.0,316,6.0,76232,6771
2021-01-02,23:00:00,20:56:00,127,South Sudan,11259624,3558,0.0,63,0.0,3131,0.0,364,2.0,316,6.0,76232,6770
2021-01-03,23:00:00,20:59:00,127,South Sudan,11259982,3558,0.0,63,0.0,3131,0.0,364,2.0,316,6.0,76232,6770
2021-01-04,23:00:00,20:57:00,127,South Sudan,11260341,3589,31.0,63,0.0,3131,0.0,395,2.0,319,6.0,77161,6852
2021-01-05,23:00:00,20:51:00,127,South Sudan,11260699,3589,0.0,63,0.0,3131,0.0,395,2.0,319,6.0,77161,6852
2021-01-06,23:00:00,20:59:00,127,South Sudan,11261057,3589,0.0,63,0.0,3131,0.0,395,2.0,319,6.0,77161,6852
2021-01-07,23:00:00,20:59:00,127,South Sudan,11261416,3589,0.0,63,0.0,3131,0.0,395,2.0,319,6.0,77161,6852
2021-01-08,23:00:00,20:59:00,127,South Sudan,11261774,3589,0.0,63,0.0,3131,0.0,395,2.0,319,6.0,77161,6852
2021-01-09,23:00:00,20:55:00,127,South Sudan,11262133,3589,0.0,63,0.0,3131,0.0,395,2.0,319,6.0,77161,6851
2021-01-10,23:32:00,21:29:00,127,South Sudan,11262491,3649,60.0,63,0.0,3165,34.0,421,1.0,324,6.0,79472,7056
2021-01-11,23:40:00,21:37:00,127,South Sudan,11262850,3662,13.0,63,0.0,3165,0.0,434,1.0,325,6.0,79835,7088
2021-01-12,23:52:00,21:48:00,127,South Sudan,11263208,3662,0.0,63,0.0,3165,0.0,434,1.0,325,6.0,79835,7088
2021-01-13,23:58:00,21:57:00,127,South Sudan,11263567,3670,8.0,63,0.0,3181,16.0,426,1.0,326,6.0,80036,7106
2021-01-14,21:18:00,19:10:00,127,South Sudan,11263925,3670,0.0,63,0.0,3181,0.0,426,1.0,326,6.0,80036,7106
2021-01-14,23:55:00,21:54:00,127,South Sudan,11263925,3670,0.0,63,0.0,3181,0.0,426,1.0,326,6.0,80036,7106
