Date,Scrap_time,Update_time_GMT,Continent_id,Continent,TotalCases,NewCases,TotalDeaths,NewDeaths,TotalRecovered,NewRecovered,ActiveCases,SeriousCritical
2020-08-02,20:00:00,,2,South America,4192732,,145644,,2839117,,1207971,14322
2020-08-08,20:00:00,,2,South America,4650987,458255.0,157452,11808.0,3161055,321938.0,1332480,14439
2020-08-12,20:00:00,,2,South America,4887320,236333.0,163440,5988.0,3486335,325280.0,1237545,14735
2020-08-16,20:00:00,,2,South America,5228818,341498.0,174840,11400.0,3755101,268766.0,1298877,14863
2020-08-17,20:00:00,,2,South America,5289715,60897.0,176416,1576.0,3827422,72321.0,1285877,14805
2020-08-18,20:00:00,,2,South America,5332348,42633.0,177755,1339.0,3902836,75414.0,1251757,14858
2020-08-19,20:00:00,,2,South America,5411507,79159.0,179797,2042.0,3995108,92272.0,1236602,14908
2020-08-20,17:53:00,,2,South America,5495521,84014.0,182008,2211.0,4088142,93034.0,1225371,14855
2020-08-23,21:09:00,,2,South America,5725227,229706.0,188141,6133.0,4270082,181940.0,1267004,14878
2020-08-24,17:10:00,,2,South America,5765689,40462.0,189221,1080.0,4301362,31280.0,1275106,14910
2020-08-25,23:00:00,,2,South America,5828382,62693.0,191122,1901.0,4401625,100263.0,1235635,14971
2020-08-26,22:59:00,,2,South America,5906882,78500.0,193344,2222.0,4500443,98818.0,1213095,14971
2020-08-27,23:00:00,,2,South America,5986465,79583.0,195309,1965.0,4590130,89687.0,1201026,14999
2020-08-28,23:01:00,,2,South America,6062205,75740.0,197111,1802.0,4658090,67960.0,1207004,15083
2020-08-29,12:29:00,,2,South America,6132988,70783.0,198433,1322.0,4711397,53307.0,1223158,15117
2020-08-30,23:00:00,,2,South America,6204520,71532.0,200228,1795.0,4787674,76277.0,1216618,15155
2020-08-31,18:58:00,,2,South America,6246073,41553.0,201250,1022.0,4842836,55162.0,1201987,15210
2020-09-01,23:00:00,,2,South America,6328936,82863.0,202909,1659.0,4937355,94519.0,1188672,15214
2020-09-02,23:01:00,,2,South America,6400791,71855.0,205053,2144.0,5030288,92933.0,1165450,15224
2020-09-03,23:01:00,,2,South America,6478681,77890.0,207066,2013.0,5112307,82019.0,1159308,15257
2020-09-04,07:01:00,,2,South America,6547061,68380.0,208468,1402.0,5171622,59315.0,1166971,15305
2020-09-05,23:31:00,,2,South America,6628705,81644.0,210440,1972.0,5244755,73133.0,1173510,15355
2020-09-06,18:30:00,,2,South America,6686503,57798.0,211615,1175.0,5292368,47613.0,1182520,14753
2020-09-07,23:39:00,,2,South America,6722318,35815.0,218235,6620.0,5334292,41924.0,1169791,14857
2020-09-08,22:10:00,,2,South America,6753662,31344.0,219296,1061.0,5405970,71678.0,1128396,15038
2020-09-09,22:01:00,,2,South America,6813630,59968.0,221169,1873.0,5488247,82277.0,1104214,15039
2020-09-10,22:01:00,,2,South America,6876844,63214.0,222709,1540.0,5575863,87616.0,1078272,15028
2020-09-11,22:00:00,,2,South America,6949277,72433.0,224465,1756.0,5659694,83831.0,1065118,15152
2020-09-12,22:22:00,,2,South America,7027729,78452.0,226262,1797.0,5728348,68654.0,1073119,15373
2020-09-13,22:01:00,,2,South America,7079301,51572.0,227398,1136.0,5782473,54125.0,1069430,15239
2020-09-14,22:04:00,,2,South America,7124841,45540.0,228328,930.0,5836845,54372.0,1059668,15286
2020-09-15,21:00:00,,2,South America,7170851,46010.0,229631,1303.0,5904643,67798.0,1036577,15316
2020-09-16,21:01:00,,2,South America,7235351,64500.0,231297,1666.0,5984934,80291.0,1019120,15355
2020-09-18,20:01:00,,2,South America,7361345,125994.0,234442,3145.0,6116330,131396.0,1010573,15386
2020-09-19,21:00:00,,2,South America,7439544,78199.0,236171,1729.0,6180800,64470.0,1022573,15515
2020-09-20,22:31:00,,2,South America,7496349,56805.0,237403,1232.0,6244848,64048.0,1014098,15480
2020-09-21,21:01:00,,2,South America,7536151,39802.0,238115,712.0,6292539,47691.0,1005497,15544
2020-09-22,21:01:00,,2,South America,7577250,41099.0,239403,1288.0,6367607,75068.0,970240,15666
2020-09-23,19:58:00,,2,South America,7639659,62409.0,241229,1826.0,6455611,88004.0,942819,15630
2020-09-24,21:00:00,,2,South America,7697103,57444.0,243011,1782.0,6534177,78566.0,919915,15724
2020-09-25,21:00:00,,2,South America,7768975,71872.0,244782,1771.0,6600673,66496.0,923520,15743
2020-09-26,21:00:00,,2,South America,7829834,60859.0,246434,1652.0,6651412,50739.0,931988,15874
2020-09-27,22:45:00,,2,South America,7883295,53461.0,247902,1468.0,6703349,51937.0,932044,17225
2020-09-28,22:00:00,,2,South America,7925731,42436.0,248910,1008.0,6743436,40087.0,933385,17210
2020-09-29,21:35:00,,2,South America,7966482,40751.0,249988,1078.0,6799857,56421.0,916637,17264
2020-09-30,22:00:00,,2,South America,8028909,62427.0,251771,1783.0,6881445,81588.0,895693,17336
2020-10-01,21:31:00,,2,South America,8088409,59500.0,253427,1656.0,6955928,74483.0,879054,17346
2020-10-02,22:36:00,,2,South America,8153242,64833.0,258092,4665.0,7015532,59604.0,879618,17362
2020-10-03,22:24:00,,2,South America,8215444,62202.0,259457,1365.0,7057549,42017.0,898438,17369
2020-10-04,21:01:00,,2,South America,8259073,43629.0,260544,1087.0,7097577,40028.0,900952,17350
2020-10-05,22:13:00,,2,South America,8292547,33474.0,261599,1055.0,7143636,46059.0,887312,17445
2020-10-06,23:01:00,,2,South America,8345479,52932.0,262873,1274.0,7203505,59869.0,879101,17453
2020-10-07,23:01:00,,2,South America,8405589,60110.0,264412,1539.0,7285838,82333.0,855339,17974
2020-10-08,23:59:00,,2,South America,8467012,61423.0,266343,1931.0,7347585,61747.0,853084,17387
2020-10-09,23:00:00,,2,South America,8526740,59728.0,267929,1586.0,7396760,49175.0,862051,17422
2020-10-10,23:00:00,,2,South America,8598010,71270.0,269676,1747.0,7439594,42834.0,888740,17483
2020-10-12,23:10:00,,2,South America,8673698,75688.0,271570,1894.0,7534749,95155.0,867379,17572
2020-10-13,23:01:00,,2,South America,8704504,30806.0,272371,801.0,7587748,52999.0,844385,17576
2020-10-14,23:01:00,,2,South America,8742174,37670.0,273445,1074.0,7646946,59198.0,821783,17603
2020-10-15,14:09:00,11:06:00,2,South America,8792296,50122.0,274753,1308.0,7715164,68218.0,802379,17589
2020-10-16,22:08:00,19:06:00,2,South America,8860925,68629.0,276516,1763.0,7780154,64990.0,804255,17360
2020-10-17,23:01:00,19:58:00,2,South America,8921784,60859.0,277973,1457.0,7831650,51496.0,812161,17460
2020-10-18,22:05:00,19:03:00,2,South America,8968513,46729.0,279075,1102.0,7884623,52973.0,804815,17521
2020-10-19,22:05:00,18:59:00,2,South America,9005423,36910.0,279792,717.0,7931232,46609.0,794399,17452
2020-10-20,22:05:00,19:04:00,2,South America,9047533,42110.0,280861,1069.0,7980244,49012.0,786428,17412
2020-10-21,22:05:00,19:03:00,2,South America,9099548,52015.0,282124,1263.0,8061855,81611.0,755569,17457
2020-10-22,22:05:00,19:04:00,2,South America,9160112,60564.0,283620,1496.0,8124387,62532.0,752105,17560
2020-10-23,22:05:00,19:02:00,2,South America,9220261,60149.0,284870,1250.0,8180593,56206.0,754798,17612
2020-10-24,23:41:00,20:40:00,2,South America,9279907,59646.0,286170,1300.0,8226973,46380.0,766764,17838
2020-10-25,23:00:00,20:58:00,2,South America,9332366,52459.0,287195,1025.0,8281266,54293.0,763905,18020
2020-10-26,23:00:00,20:56:00,2,South America,9368799,36433.0,288058,863.0,8328197,46931.0,752544,18050
2020-10-27,23:00:00,20:58:00,2,South America,9414911,46112.0,289109,1051.0,8388077,59880.0,737725,18236
2020-10-28,23:00:00,20:58:00,2,South America,9472892,57981.0,290446,1337.0,8453097,65020.0,729349,18113
2020-10-29,23:00:00,20:57:00,2,South America,9531760,58868.0,291686,1240.0,8507549,54452.0,732525,18197
2020-10-30,23:00:00,20:58:00,2,South America,9587745,55985.0,292853,1167.0,8556482,48933.0,738410,18150
2020-10-31,23:00:00,20:59:00,2,South America,9641101,53356.0,294141,1288.0,8598154,41672.0,748806,18078
2020-11-01,23:00:00,20:59:00,2,South America,9679265,38164.0,294901,760.0,8633221,35067.0,751143,18157
2020-11-02,23:00:00,20:57:00,2,South America,9710857,31592.0,295590,689.0,8673572,40351.0,741695,18249
2020-11-03,23:00:00,20:59:00,2,South America,9743266,32409.0,296516,926.0,8717320,43748.0,729430,18060
2020-11-04,23:00:00,20:57:00,2,South America,9788247,44981.0,297723,1207.0,8771629,54309.0,718895,17983
2020-11-05,23:00:00,20:59:00,2,South America,9833088,44841.0,298980,1257.0,8829738,58109.0,704370,17950
2020-11-06,23:00:00,20:58:00,2,South America,9883929,50841.0,300209,1229.0,8856472,26734.0,727248,17848
2020-11-07,23:00:00,20:57:00,2,South America,9930537,46608.0,301141,932.0,8881421,24949.0,747975,17784
2020-11-08,23:00:00,20:49:00,2,South America,9971363,40826.0,301932,791.0,8915114,33693.0,754317,17702
2020-11-09,23:00:00,20:59:00,2,South America,10001440,30077.0,302608,676.0,8941170,26056.0,757662,17709
2020-11-10,23:00:00,20:59:00,2,South America,10031630,30190.0,303470,862.0,8963414,22244.0,764746,17670
2020-11-11,23:00:00,20:56:00,2,South America,10107120,75490.0,304492,1022.0,8988859,25445.0,813769,17583
2020-11-12,23:00:00,20:59:00,2,South America,10154104,46984.0,305582,1090.0,9005124,16265.0,843398,17504
2020-11-13,23:00:00,20:58:00,2,South America,10216433,62329.0,307163,1581.0,9232333,227209.0,676937,17449
2020-11-14,23:00:00,20:57:00,2,South America,10273514,57081.0,308155,992.0,9264701,32368.0,700658,17441
2020-11-15,23:00:00,20:53:00,2,South America,10329619,56105.0,309480,1325.0,9318601,53900.0,701538,17430
2020-11-16,23:00:00,20:59:00,2,South America,10361280,31661.0,310102,622.0,9340446,21845.0,710732,17453
2020-11-17,23:00:00,20:58:00,2,South America,10396012,34732.0,310937,835.0,9394085,53639.0,690990,17427
2020-11-18,23:00:00,20:57:00,2,South America,10449447,53435.0,312331,1394.0,9453536,59451.0,683580,17481
2020-11-19,23:00:00,20:59:00,2,South America,10511750,62303.0,313685,1354.0,9500062,46526.0,698003,17347
2020-11-20,23:00:00,20:59:00,2,South America,10570041,58291.0,314841,1156.0,9540560,40498.0,714640,17378
2020-11-21,23:00:00,20:58:00,2,South America,10626486,56445.0,315870,1029.0,9576975,36415.0,733641,17262
2020-11-22,23:00:00,20:59:00,2,South America,10680081,53595.0,316670,800.0,9608000,31025.0,755411,17196
2020-11-23,23:00:00,20:58:00,2,South America,10716031,35950.0,317266,596.0,9630974,22974.0,767791,17336
2020-11-24,23:00:00,20:57:00,2,South America,10747445,31414.0,318063,797.0,9663838,32864.0,765544,17250
2020-11-25,23:00:00,20:58:00,2,South America,10804102,56657.0,319282,1219.0,9715224,51386.0,769596,17063
2020-11-26,23:00:00,20:47:00,2,South America,10871119,67017.0,320595,1313.0,9770353,55129.0,780171,17093
2020-11-27,23:00:00,20:59:00,2,South America,10934422,63303.0,321882,1287.0,9807069,36716.0,805471,17005
2020-11-28,23:00:00,20:46:00,2,South America,10987884,53462.0,322921,1039.0,9835913,28844.0,829050,17187
2020-11-29,23:00:00,20:51:00,2,South America,11066475,78591.0,324071,1150.0,9887799,51886.0,854605,17087
2020-11-30,23:00:00,20:57:00,2,South America,11106844,40369.0,324682,611.0,9921812,34013.0,860350,17089
2020-12-01,23:00:00,20:55:00,2,South America,11153183,46339.0,325647,965.0,9963531,41719.0,864005,17136
2020-12-02,23:00:00,20:58:00,2,South America,11266990,113807.0,327459,1812.0,10036809,73278.0,902722,17009
2020-12-03,23:00:00,20:59:00,2,South America,11339470,72480.0,328778,1319.0,10097325,60516.0,913367,17045
2020-12-04,23:00:00,20:57:00,2,South America,11371909,32439.0,329422,644.0,10142928,45603.0,899559,16964
2020-12-05,23:00:00,20:58:00,2,South America,11435217,63308.0,330644,1222.0,10181306,38378.0,923267,16973
2020-12-06,23:00:00,20:51:00,2,South America,11502015,66798.0,331786,1142.0,10224203,42897.0,946026,16804
2020-12-07,23:00:00,20:57:00,2,South America,11541477,39462.0,332492,706.0,10257695,33492.0,951290,16789
2020-12-08,23:00:00,20:59:00,2,South America,11581046,39569.0,333299,807.0,10303471,45776.0,944276,16805
2020-12-09,23:00:00,20:59:00,2,South America,11694653,113607.0,335312,2013.0,10377573,74102.0,981768,16800
2020-12-10,23:00:00,20:59:00,2,South America,11719859,25206.0,335939,627.0,10443624,66051.0,940296,16788
2020-12-11,23:00:00,20:59:00,2,South America,11799917,80058.0,337243,1304.0,10494046,50422.0,968628,16676
2020-12-12,23:00:00,20:58:00,2,South America,11871086,71169.0,338407,1164.0,10536358,42312.0,996321,16641
2020-12-13,23:00:00,20:59:00,2,South America,11937209,66123.0,339467,1060.0,10570093,33735.0,1027649,16611
2020-12-14,23:35:00,21:34:00,2,South America,11993456,56247.0,340498,1031.0,10597671,27578.0,1055287,16583
2020-12-15,23:00:00,20:59:00,2,South America,12054534,61078.0,342028,1530.0,10647748,50077.0,1064758,16539
2020-12-16,23:00:00,20:58:00,2,South America,12093684,39150.0,342730,702.0,10715976,68228.0,1034978,16589
2020-12-17,23:00:00,20:56:00,2,South America,12187205,93521.0,344142,1412.0,10796712,80736.0,1046351,16759
2020-12-18,23:00:00,20:57:00,2,South America,12323065,135860.0,346345,2203.0,10858403,61691.0,1118317,16842
2020-12-19,23:59:00,22:11:00,2,South America,12403924,80859.0,347681,1336.0,10907867,49464.0,1148376,16819
2020-12-20,23:00:00,20:54:00,2,South America,12429360,25436.0,348087,406.0,10943789,35922.0,1137484,16828
2020-12-21,23:00:00,20:59:00,2,South America,12478567,49207.0,348934,847.0,10992542,48753.0,1137091,16875
2020-12-22,23:00:00,20:59:00,2,South America,12542713,64146.0,350308,1374.0,11054722,62180.0,1137683,16794
2020-12-23,23:00:00,20:58:00,2,South America,12651433,108720.0,352451,2143.0,11145498,90776.0,1153484,16836
2020-12-24,23:00:00,20:55:00,2,South America,12691924,40491.0,353144,693.0,11216470,70972.0,1122310,16841
2020-12-25,23:00:00,20:59:00,2,South America,12779097,87173.0,354372,1228.0,11279368,62898.0,1145357,16827
2020-12-26,23:00:00,20:59:00,2,South America,12820935,41838.0,355131,759.0,11307513,28145.0,1158291,16873
2020-12-27,23:00:00,20:56:00,2,South America,12856856,35921.0,355935,804.0,11364884,57371.0,1136037,16758
2020-12-28,23:00:00,20:58:00,2,South America,12894849,37993.0,356751,816.0,11426433,61549.0,1111665,16807
2020-12-29,23:00:00,20:54:00,2,South America,12950774,55925.0,357832,1081.0,11508014,81581.0,1084928,16884
2020-12-30,23:00:00,20:54:00,2,South America,13042170,91396.0,359614,1782.0,11612858,104844.0,1069698,16930
2020-12-31,23:00:00,20:44:00,2,South America,13173087,130917.0,362230,2616.0,11738455,125597.0,1072402,17064
2021-01-01,23:00:00,20:54:00,2,South America,13220223,47136.0,362994,764.0,11755733,17278.0,1101496,17133
2021-01-02,23:00:00,20:56:00,2,South America,13264920,44697.0,363850,856.0,11783013,27280.0,1118057,17156
2021-01-03,23:00:00,20:59:00,2,South America,13302501,37581.0,364600,750.0,11834567,51554.0,1103334,17149
2021-01-04,23:00:00,20:57:00,2,South America,13339542,37041.0,365339,739.0,11907524,72957.0,1066679,18088
2021-01-05,23:00:00,20:51:00,2,South America,13386910,47368.0,366327,988.0,11990963,83439.0,1029620,18194
2021-01-06,23:00:00,20:59:00,2,South America,13494380,107470.0,368196,1869.0,12099227,108264.0,1026957,18191
2021-01-07,23:00:00,20:59:00,2,South America,13597622,103242.0,370334,2138.0,12196779,97552.0,1030509,18304
2021-01-08,23:00:00,20:59:00,2,South America,13768374,170752.0,373147,2813.0,12286057,89278.0,1109170,18439
2021-01-09,23:00:00,20:55:00,2,South America,13833459,65085.0,374274,1127.0,12338979,52922.0,1120206,18566
2021-01-10,23:32:00,21:29:00,2,South America,13943431,109972.0,376207,1933.0,12398456,59477.0,1168768,18617
2021-01-11,23:40:00,21:37:00,2,South America,14018477,75046.0,377627,1420.0,12459290,60834.0,1181560,18679
2021-01-12,23:52:00,21:48:00,2,South America,14101271,82794.0,379060,1433.0,12516057,56767.0,1206154,18722
2021-01-13,23:58:00,21:57:00,2,South America,14202278,101007.0,381046,1986.0,12611276,95219.0,1209956,18843
2021-01-14,23:55:00,21:54:00,2,South America,14312254,109976.0,382901,1855.0,12649565,38289.0,1279788,18928
2021-01-15,19:39:38,00:00:00,2,South America,14472055,159801.0,385460,2559.0,12805844,156279.0,1280751,18965
2021-01-16,23:55:00,21:54:00,2,South America,14502043,29988.0,385861,401.0,12811336,5492.0,1304846,18994
