scrap_date,scrap_time,update_time_GMT,Country_id,Country,Population,TotalCases,NewCases,TotalDeaths,NewDeaths,TotalRecovered,NewRecovered,ActiveCases,SeriousCritical,Tot_Cases_1Mpop,Deaths_1Mpop,TotalTests,Tests_1Mpop
2020-08-02,20:00:00,,82,Sudan,43929512,11738,,752,,6137,,4849,,267,17.0,401.0,9.0
2020-08-08,20:00:00,,82,Sudan,43946341,11894,156.0,773,21.0,6243,106.0,4878,,271,18.0,401.0,9.0
2020-08-12,20:00:00,,82,Sudan,43957560,12033,139.0,786,13.0,6282,39.0,4965,,274,18.0,401.0,9.0
2020-08-16,20:00:00,,82,Sudan,43968778,12314,281.0,798,12.0,6350,68.0,5166,,280,18.0,401.0,9.0
2020-08-17,20:00:00,,82,Sudan,43971583,12410,96.0,803,5.0,6385,35.0,5222,,282,18.0,401.0,9.0
2020-08-18,20:00:00,,82,Sudan,43974388,12485,75.0,805,2.0,6398,13.0,5282,,284,18.0,401.0,9.0
2020-08-19,20:00:00,,82,Sudan,43977192,12546,61.0,808,3.0,6429,31.0,5309,,285,18.0,401.0,9.0
2020-08-20,17:53:00,,82,Sudan,43979997,12582,36.0,812,4.0,6456,27.0,5314,,286,18.0,401.0,9.0
2020-08-23,21:09:00,,82,Sudan,43988411,12682,100.0,815,3.0,6492,36.0,5375,,288,19.0,401.0,9.0
2020-08-24,17:10:00,,82,Sudan,43991216,12836,154.0,815,0.0,6497,5.0,5524,,292,19.0,401.0,9.0
2020-08-25,23:00:00,,82,Sudan,43994021,12974,138.0,819,4.0,6557,60.0,5598,,295,19.0,401.0,9.0
2020-08-26,22:59:00,,82,Sudan,43996825,12974,0.0,819,0.0,6557,0.0,5598,,295,19.0,401.0,9.0
2020-08-27,23:00:00,,82,Sudan,43999630,13045,71.0,823,4.0,6594,37.0,5628,,296,19.0,401.0,9.0
2020-08-28,23:01:00,,82,Sudan,44002435,13045,0.0,823,0.0,6594,0.0,5628,,296,19.0,401.0,9.0
2020-08-29,12:29:00,,82,Sudan,44005240,13082,37.0,823,0.0,6603,9.0,5656,,297,19.0,401.0,9.0
2020-08-30,23:00:00,,82,Sudan,44008044,13189,107.0,823,0.0,6612,9.0,5754,,300,19.0,401.0,9.0
2020-08-31,18:58:00,,82,Sudan,44010849,13189,0.0,823,0.0,6612,0.0,5754,,300,19.0,401.0,9.0
2020-09-01,23:00:00,,82,Sudan,44013654,13189,0.0,823,0.0,6612,0.0,5754,,300,19.0,401.0,9.0
2020-09-02,23:01:00,,82,Sudan,44016458,13189,0.0,823,0.0,6612,0.0,5754,,300,19.0,401.0,9.0
2020-09-03,23:01:00,,82,Sudan,44019263,13189,0.0,823,0.0,6612,0.0,5754,,300,19.0,401.0,9.0
2020-09-04,07:01:00,,82,Sudan,44022068,13189,0.0,823,0.0,6612,0.0,5754,,300,19.0,401.0,9.0
2020-09-05,23:31:00,,82,Sudan,44024873,13407,218.0,832,9.0,6725,113.0,5850,,305,19.0,401.0,9.0
2020-09-06,18:30:00,,82,Sudan,44027677,13407,0.0,832,0.0,6725,0.0,5850,,305,19.0,401.0,9.0
2020-09-07,23:39:00,,82,Sudan,44030482,13437,30.0,833,1.0,6730,5.0,5874,,305,19.0,,
2020-09-08,22:10:00,,82,Sudan,44033287,13437,0.0,833,0.0,6730,0.0,5874,,305,19.0,,
2020-09-09,22:01:00,,82,Sudan,44036091,13437,0.0,833,0.0,6730,0.0,5874,,305,19.0,,
2020-09-10,22:01:00,,82,Sudan,44038896,13437,0.0,833,0.0,6730,0.0,5874,,305,19.0,,
2020-09-11,22:00:00,,82,Sudan,44041701,13437,0.0,833,0.0,6730,0.0,5874,,305,19.0,,
2020-09-12,22:22:00,,82,Sudan,44044506,13470,33.0,834,1.0,6731,1.0,5905,,306,19.0,,
2020-09-13,22:01:00,,82,Sudan,44047310,13470,0.0,834,0.0,6731,0.0,5905,,306,19.0,,
2020-09-14,22:04:00,,82,Sudan,44050115,13516,46.0,835,1.0,6757,26.0,5924,,307,19.0,,
2020-09-15,21:00:00,,82,Sudan,44052920,13535,19.0,836,1.0,6759,2.0,5940,,307,19.0,,
2020-09-16,21:01:00,,82,Sudan,44055724,13535,0.0,836,0.0,6759,0.0,5940,,307,19.0,,
2020-09-18,20:01:00,,82,Sudan,44061334,13535,0.0,836,0.0,6759,0.0,5940,,307,19.0,,
2020-09-19,21:00:00,,82,Sudan,44064138,13535,0.0,836,0.0,6759,0.0,5940,,307,19.0,,
2020-09-20,22:31:00,,82,Sudan,44066943,13535,0.0,836,0.0,6759,0.0,5940,,307,19.0,,
2020-09-21,21:01:00,,82,Sudan,44069748,13555,20.0,836,0.0,6760,1.0,5959,,308,19.0,,
2020-09-22,21:01:00,,82,Sudan,44072553,13555,0.0,836,0.0,6760,0.0,5959,,308,19.0,,
2020-09-23,19:58:00,,82,Sudan,44075357,13578,23.0,836,0.0,6760,0.0,5982,,308,19.0,,
2020-09-24,21:00:00,,82,Sudan,44078162,13578,0.0,836,0.0,6760,0.0,5982,,308,19.0,,
2020-09-25,21:00:00,,82,Sudan,44080967,13592,14.0,836,0.0,6764,4.0,5992,,308,19.0,,
2020-09-26,21:00:00,,82,Sudan,44083771,13606,14.0,836,0.0,6764,0.0,6006,,309,19.0,,
2020-09-27,22:45:00,,82,Sudan,44086576,13606,0.0,836,0.0,6764,0.0,6006,,309,19.0,,
2020-09-28,22:00:00,,82,Sudan,44089381,13606,0.0,836,0.0,6764,0.0,6006,,309,19.0,,
2020-09-29,21:35:00,,82,Sudan,44092186,13606,0.0,836,0.0,6764,0.0,6006,,309,19.0,,
2020-09-30,22:00:00,,82,Sudan,44094990,13640,34.0,836,0.0,6764,0.0,6040,,309,19.0,,
2020-10-01,21:31:00,,82,Sudan,44097795,13640,0.0,836,0.0,6764,0.0,6040,,309,19.0,,
2020-10-02,22:36:00,,82,Sudan,44100600,13653,13.0,836,0.0,6764,0.0,6053,,310,19.0,,
2020-10-03,22:24:00,,82,Sudan,44103404,13653,0.0,836,0.0,6764,0.0,6053,,310,19.0,,
2020-10-04,21:01:00,,82,Sudan,44106209,13653,0.0,836,0.0,6764,0.0,6053,,310,19.0,,
2020-10-05,22:13:00,,82,Sudan,44109014,13653,0.0,836,0.0,6764,0.0,6053,,310,19.0,,
2020-10-06,23:01:00,,82,Sudan,44111819,13653,0.0,836,0.0,6764,0.0,6053,,310,19.0,,
2020-10-07,23:01:00,,82,Sudan,44114623,13653,0.0,836,0.0,6764,0.0,6053,,309,19.0,,
2020-10-08,23:59:00,,82,Sudan,44117428,13668,15.0,836,0.0,6764,0.0,6068,,310,19.0,,
2020-10-09,23:00:00,,82,Sudan,44120233,13670,2.0,836,0.0,6764,0.0,6070,,310,19.0,,
2020-10-10,23:00:00,,82,Sudan,44123037,13670,0.0,836,0.0,6764,0.0,6070,,310,19.0,,
2020-10-12,23:10:00,,82,Sudan,44128647,13685,15.0,836,0.0,6764,0.0,6085,,310,19.0,,
2020-10-13,23:01:00,,82,Sudan,44131451,13691,6.0,836,0.0,6764,0.0,6091,,310,19.0,,
2020-10-14,23:01:00,,82,Sudan,44134256,13691,0.0,836,0.0,6764,0.0,6091,,310,19.0,,
2020-10-15,14:09:00,11:06:00,82,Sudan,44137061,13691,0.0,836,0.0,6764,0.0,6091,,310,19.0,,
2020-10-16,22:08:00,19:06:00,82,Sudan,44139866,13691,0.0,836,0.0,6764,0.0,6091,,310,19.0,,
2020-10-17,23:01:00,19:58:00,82,Sudan,44142670,13691,0.0,836,0.0,6764,0.0,6091,,310,19.0,,
2020-10-18,22:05:00,19:03:00,82,Sudan,44145475,13691,0.0,836,0.0,6764,0.0,6091,,310,19.0,,
2020-10-19,22:05:00,18:59:00,82,Sudan,44148280,13697,6.0,836,0.0,6764,0.0,6097,,310,19.0,,
2020-10-20,22:05:00,19:04:00,82,Sudan,44151084,13724,27.0,836,0.0,6764,0.0,6124,,311,19.0,,
2020-10-21,22:05:00,19:03:00,82,Sudan,44153889,13724,0.0,836,0.0,6764,0.0,6124,,311,19.0,,
2020-10-22,22:05:00,19:04:00,82,Sudan,44156694,13724,0.0,836,0.0,6764,0.0,6124,,311,19.0,,
2020-10-23,22:05:00,19:02:00,82,Sudan,44159499,13724,0.0,836,0.0,6764,0.0,6124,,311,19.0,,
2020-10-24,23:41:00,20:40:00,82,Sudan,44162303,13733,9.0,836,0.0,6764,0.0,6133,,311,19.0,,
2020-10-25,23:00:00,20:58:00,82,Sudan,44165108,13742,9.0,837,1.0,6764,0.0,6141,,311,19.0,,
2020-10-26,23:00:00,20:56:00,82,Sudan,44167913,13747,5.0,837,0.0,6764,0.0,6146,,311,19.0,,
2020-10-27,23:00:00,20:58:00,82,Sudan,44170717,13747,0.0,837,0.0,6764,0.0,6146,,311,19.0,,
2020-10-28,23:00:00,20:58:00,82,Sudan,44173522,13765,18.0,837,0.0,6764,0.0,6164,,312,19.0,,
2020-10-29,23:00:00,20:57:00,82,Sudan,44176327,13772,7.0,837,0.0,6764,0.0,6171,,312,19.0,,
2020-10-30,23:00:00,20:58:00,82,Sudan,44179132,13772,0.0,837,0.0,6764,0.0,6171,,312,19.0,,
2020-10-31,23:00:00,20:59:00,82,Sudan,44181936,13804,32.0,837,0.0,6764,0.0,6203,,312,19.0,,
2020-11-01,23:00:00,20:59:00,82,Sudan,44184741,13804,0.0,837,0.0,6764,0.0,6203,,312,19.0,,
2020-11-02,23:00:00,20:57:00,82,Sudan,44187546,13819,15.0,837,0.0,6764,0.0,6218,,313,19.0,,
2020-11-03,23:00:00,20:59:00,82,Sudan,44190350,13866,47.0,837,0.0,6764,0.0,6265,,314,19.0,,
2020-11-04,23:00:00,20:57:00,82,Sudan,44193155,13905,39.0,837,0.0,6764,0.0,6304,,315,19.0,,
2020-11-05,23:00:00,20:59:00,82,Sudan,44195960,13943,38.0,837,0.0,6764,0.0,6342,,315,19.0,,
2020-11-06,23:00:00,20:58:00,82,Sudan,44198765,13943,0.0,837,0.0,6764,0.0,6342,,315,19.0,,
2020-11-07,23:00:00,20:57:00,82,Sudan,44201569,13943,0.0,837,0.0,6764,0.0,6342,,315,19.0,,
2020-11-08,23:00:00,20:49:00,82,Sudan,44204374,14090,147.0,837,0.0,6764,0.0,6489,,319,19.0,,
2020-11-09,23:00:00,20:59:00,82,Sudan,44207179,14090,0.0,1115,278.0,9484,2720.0,3491,,319,25.0,,
2020-11-10,23:00:00,20:59:00,82,Sudan,44209983,14155,65.0,1116,1.0,9492,8.0,3547,,320,25.0,,
2020-11-11,23:00:00,20:56:00,82,Sudan,44212788,14155,0.0,1116,0.0,9492,0.0,3547,,320,25.0,,
2020-11-12,23:00:00,20:59:00,82,Sudan,44215593,14346,191.0,1116,0.0,9525,33.0,3705,,324,25.0,,
2020-11-13,23:00:00,20:58:00,82,Sudan,44218397,14401,55.0,1116,0.0,9535,10.0,3750,,326,25.0,,
2020-11-14,23:00:00,20:57:00,82,Sudan,44221202,14401,0.0,1116,0.0,9535,0.0,3750,,326,25.0,,
2020-11-15,23:00:00,20:53:00,82,Sudan,44224007,14626,225.0,1116,0.0,9571,36.0,3939,,331,25.0,,
2020-11-16,23:00:00,20:59:00,82,Sudan,44226812,14626,0.0,1116,0.0,9571,0.0,3939,,331,25.0,,
2020-11-17,23:00:00,20:58:00,82,Sudan,44229616,15047,421.0,1175,59.0,9609,38.0,4263,,340,27.0,,
2020-11-18,23:00:00,20:57:00,82,Sudan,44232421,15047,0.0,1175,0.0,9609,0.0,4263,,340,27.0,,
2020-11-19,23:00:00,20:59:00,82,Sudan,44235226,15047,0.0,1175,0.0,9609,0.0,4263,,340,27.0,,
2020-11-20,23:00:00,20:59:00,82,Sudan,44238030,15299,252.0,1179,4.0,9670,61.0,4450,,346,27.0,,
2020-11-21,23:00:00,20:58:00,82,Sudan,44240835,15530,231.0,1185,6.0,9682,12.0,4663,,351,27.0,,
2020-11-22,23:00:00,20:59:00,82,Sudan,44243640,15839,309.0,1193,8.0,9727,45.0,4919,,358,27.0,,
2020-11-23,23:00:00,20:58:00,82,Sudan,44246445,16052,213.0,1197,4.0,9737,10.0,5118,,363,27.0,,
2020-11-24,23:00:00,20:57:00,82,Sudan,44249249,16431,379.0,1202,5.0,9854,117.0,5375,,371,27.0,,
2020-11-25,23:00:00,20:58:00,82,Sudan,44252054,16431,0.0,1202,0.0,9854,0.0,5375,,371,27.0,,
2020-11-26,23:00:00,20:47:00,82,Sudan,44254859,16649,218.0,1210,8.0,9908,54.0,5531,,376,27.0,,
