Date,Scrap_time,Update_time_GMT,Country_id,Country,Population,TotalCases,NewCases,TotalDeaths,NewDeaths,TotalRecovered,NewRecovered,ActiveCases,SeriousCritical,Tot_Cases_1Mpop,Deaths_1Mpop,TotalTests,Tests_1Mpop
2020-08-02,20:00:00,,114,Suriname,587082,1760,,26,,1161,,573.0,12,2998,44.0,1818,3097
2020-08-08,20:00:00,,114,Suriname,587168,2203,443.0,29,3.0,1505,344.0,669.0,12,3752,49.0,3253,5540
2020-08-12,20:00:00,,114,Suriname,587225,2559,356.0,39,10.0,1712,207.0,808.0,14,4358,66.0,4060,6914
2020-08-16,20:00:00,,114,Suriname,587283,2961,402.0,42,3.0,1990,278.0,929.0,15,5042,72.0,4449,7576
2020-08-17,20:00:00,,114,Suriname,587297,3016,55.0,47,5.0,2036,46.0,933.0,11,5135,80.0,4639,7899
2020-08-18,20:00:00,,114,Suriname,587311,3077,61.0,48,1.0,2138,102.0,891.0,13,5239,82.0,4835,8232
2020-08-19,20:00:00,,114,Suriname,587326,3216,139.0,54,6.0,2196,58.0,966.0,13,5476,92.0,5284,8997
2020-08-20,17:53:00,,114,Suriname,587340,3295,79.0,54,0.0,2227,31.0,1014.0,16,5610,92.0,5568,9480
2020-08-23,21:09:00,,114,Suriname,587383,3569,274.0,57,3.0,2559,332.0,953.0,20,6076,97.0,6642,11308
2020-08-24,17:10:00,,114,Suriname,587397,3607,38.0,58,1.0,2688,129.0,861.0,20,6141,99.0,6796,11570
2020-08-25,23:00:00,,114,Suriname,587412,3632,25.0,60,2.0,2758,70.0,814.0,21,6183,102.0,6929,11796
2020-08-26,22:59:00,,114,Suriname,587426,3698,66.0,61,1.0,2818,60.0,819.0,20,6295,104.0,7186,12233
2020-08-27,23:00:00,,114,Suriname,587440,3724,26.0,62,1.0,2863,45.0,799.0,23,6339,106.0,7337,12490
2020-08-28,23:01:00,,114,Suriname,587455,3793,69.0,66,4.0,2893,30.0,834.0,23,6457,112.0,7613,12959
2020-08-29,12:29:00,,114,Suriname,587469,3848,55.0,66,0.0,2971,78.0,811.0,24,6550,112.0,7837,13340
2020-08-30,23:00:00,,114,Suriname,587484,3954,106.0,67,1.0,2991,20.0,896.0,24,6730,114.0,8309,14143
2020-08-31,18:58:00,,114,Suriname,587498,4009,55.0,67,0.0,3073,82.0,869.0,23,6824,114.0,8546,14546
2020-09-01,23:00:00,,114,Suriname,587512,4034,25.0,71,4.0,3140,67.0,823.0,18,6866,121.0,8616,14665
2020-09-02,23:01:00,,114,Suriname,587527,4089,55.0,72,1.0,3171,31.0,846.0,19,6960,123.0,8881,15116
2020-09-03,23:01:00,,114,Suriname,587541,4149,60.0,72,0.0,3272,101.0,805.0,8,7062,123.0,9216,15686
2020-09-04,07:01:00,,114,Suriname,587555,4215,66.0,73,1.0,3318,46.0,824.0,17,7174,124.0,9580,16305
2020-09-05,23:31:00,,114,Suriname,587570,4252,37.0,75,2.0,3366,48.0,811.0,17,7237,128.0,9812,16699
2020-09-06,18:30:00,,114,Suriname,587584,4320,68.0,77,2.0,3426,60.0,817.0,14,7352,131.0,10210,17376
2020-09-07,23:39:00,,114,Suriname,587598,4346,26.0,85,8.0,3494,68.0,767.0,12,7396,145.0,10298,17526
2020-09-08,22:10:00,,114,Suriname,587613,4360,14.0,91,6.0,3544,50.0,725.0,8,7420,155.0,10372,17651
2020-09-10,22:01:00,,114,Suriname,587641,4447,87.0,92,1.0,3622,78.0,733.0,8,7568,157.0,10874,18504
2020-09-11,22:00:00,,114,Suriname,587656,4477,30.0,93,1.0,3706,84.0,678.0,9,7618,158.0,11137,18952
2020-09-12,22:22:00,,114,Suriname,587670,4529,52.0,93,0.0,3747,41.0,689.0,8,7707,158.0,11387,19377
2020-09-13,22:01:00,,114,Suriname,587684,4579,50.0,93,0.0,3788,41.0,698.0,7,7792,158.0,11729,19958
2020-09-14,22:04:00,,114,Suriname,587699,4582,3.0,93,0.0,3850,62.0,639.0,7,7797,158.0,11762,20014
2020-09-15,21:00:00,,114,Suriname,587713,4611,29.0,95,2.0,3935,85.0,581.0,9,7846,162.0,11918,20279
2020-09-16,21:01:00,,114,Suriname,587727,4625,14.0,95,0.0,3996,61.0,534.0,7,7869,162.0,12100,20588
2020-09-18,20:01:00,,114,Suriname,587756,4671,46.0,95,0.0,4160,164.0,416.0,7,7947,162.0,12462,21203
2020-09-19,21:00:00,,114,Suriname,587770,4691,20.0,96,1.0,4280,120.0,315.0,7,7981,163.0,12643,21510
2020-09-20,22:31:00,,114,Suriname,587785,4709,18.0,97,1.0,4383,103.0,229.0,7,8011,165.0,12811,21795
2020-09-21,21:01:00,,114,Suriname,587799,4723,14.0,97,0.0,4488,105.0,138.0,6,8035,165.0,12865,21887
2020-09-22,21:01:00,,114,Suriname,587814,4740,17.0,97,0.0,4525,37.0,118.0,4,8064,165.0,12963,22053
2020-09-23,19:58:00,,114,Suriname,587828,4759,19.0,100,3.0,4541,16.0,118.0,4,8096,170.0,13083,22257
2020-09-24,21:00:00,,114,Suriname,587842,4779,20.0,101,1.0,4560,19.0,118.0,5,8130,172.0,13224,22496
2020-09-25,21:00:00,,114,Suriname,587857,4789,10.0,102,1.0,4578,18.0,109.0,5,8147,174.0,13294,22614
2020-09-26,21:00:00,,114,Suriname,587871,4817,28.0,102,0.0,4596,18.0,119.0,6,8194,174.0,13483,22935
2020-09-27,22:45:00,,114,Suriname,587885,4831,14.0,102,0.0,4620,24.0,109.0,6,8218,174.0,13628,23181
2020-09-28,22:00:00,,114,Suriname,587900,4835,4.0,102,0.0,4661,41.0,72.0,6,8224,173.0,13694,23293
2020-09-29,21:35:00,,114,Suriname,587914,4836,1.0,102,0.0,4667,6.0,67.0,7,8226,173.0,13722,23340
2020-09-30,22:00:00,,114,Suriname,587928,4863,27.0,104,2.0,4676,9.0,83.0,5,8271,177.0,13937,23705
2020-10-01,21:31:00,,114,Suriname,587943,4877,14.0,104,0.0,4695,19.0,78.0,5,8295,177.0,14062,23917
2020-10-02,22:36:00,,114,Suriname,587957,4891,14.0,105,1.0,4702,7.0,84.0,7,8319,179.0,14303,24327
2020-10-03,22:24:00,,114,Suriname,587971,4899,8.0,105,0.0,4715,13.0,79.0,6,8332,179.0,14382,24460
2020-10-04,21:01:00,,114,Suriname,587986,4924,25.0,106,1.0,4723,8.0,95.0,6,8374,180.0,14562,24766
2020-10-05,22:13:00,,114,Suriname,588000,4941,17.0,106,0.0,4741,18.0,94.0,6,8403,180.0,14638,24895
2020-10-06,23:01:00,,114,Suriname,588014,4954,13.0,106,0.0,4755,14.0,93.0,6,8425,180.0,14770,25118
2020-10-07,23:01:00,,114,Suriname,588029,4965,11.0,106,0.0,4766,11.0,93.0,4,8443,180.0,14901,25341
2020-10-08,23:59:00,,114,Suriname,588043,4979,14.0,106,0.0,4781,15.0,92.0,3,8467,180.0,15019,25541
2020-10-09,23:00:00,,114,Suriname,588057,5004,25.0,106,0.0,4794,13.0,104.0,3,8509,180.0,15210,25865
2020-10-10,23:00:00,,114,Suriname,588072,5018,14.0,106,0.0,4816,22.0,96.0,4,8533,180.0,15385,26162
2020-10-12,23:10:00,,114,Suriname,588100,5051,33.0,107,1.0,4845,29.0,99.0,5,8589,182.0,15620,26560
2020-10-13,23:01:00,,114,Suriname,588115,5058,7.0,107,0.0,4862,17.0,89.0,5,8600,182.0,15708,26709
2020-10-14,23:01:00,,114,Suriname,588129,5072,14.0,107,0.0,4870,8.0,95.0,5,8624,182.0,15930,27086
2020-10-15,14:09:00,11:06:00,114,Suriname,588143,5083,11.0,108,1.0,4886,16.0,89.0,3,8642,184.0,16138,27439
2020-10-16,22:08:00,19:06:00,114,Suriname,588158,5094,11.0,109,1.0,4907,21.0,78.0,3,8661,185.0,16432,27938
2020-10-17,23:01:00,19:58:00,114,Suriname,588172,5113,19.0,109,0.0,4921,14.0,83.0,4,8693,185.0,16739,28459
2020-10-18,22:05:00,19:03:00,114,Suriname,588187,5123,10.0,109,0.0,4936,15.0,78.0,4,8710,185.0,17037,28965
2020-10-19,22:05:00,18:59:00,114,Suriname,588201,5130,7.0,109,0.0,4944,8.0,77.0,4,8722,185.0,17090,29055
2020-10-20,22:05:00,19:04:00,114,Suriname,588215,5133,3.0,109,0.0,4959,15.0,65.0,5,8726,185.0,17191,29226
2020-10-21,22:05:00,19:03:00,114,Suriname,588230,5144,11.0,109,0.0,4979,20.0,56.0,6,8745,185.0,17411,29599
2020-10-22,22:05:00,19:04:00,114,Suriname,588244,5150,6.0,109,0.0,4991,12.0,50.0,5,8755,185.0,17553,29840
2020-10-23,22:05:00,19:02:00,114,Suriname,588258,5154,4.0,109,0.0,4995,4.0,50.0,5,8761,185.0,17723,30128
2020-10-24,23:41:00,20:40:00,114,Suriname,588273,5155,1.0,109,0.0,5010,15.0,36.0,6,8763,185.0,17798,30255
2020-10-25,23:00:00,20:58:00,114,Suriname,588287,5166,11.0,109,0.0,5016,6.0,41.0,7,8781,185.0,18094,30757
2020-10-26,23:00:00,20:56:00,114,Suriname,588301,5170,4.0,109,0.0,5032,16.0,29.0,8,8788,185.0,18133,30823
2020-10-27,23:00:00,20:58:00,114,Suriname,588316,5180,10.0,110,1.0,5037,5.0,33.0,5,8805,187.0,18274,31062
2020-10-28,23:00:00,20:58:00,114,Suriname,588330,5187,7.0,111,1.0,5039,2.0,37.0,4,8816,189.0,18439,31341
2020-10-29,23:00:00,20:57:00,114,Suriname,588344,5192,5.0,111,0.0,5046,7.0,35.0,4,8825,189.0,18586,31590
2020-10-30,23:00:00,20:58:00,114,Suriname,588359,5197,5.0,111,0.0,5053,7.0,33.0,3,8833,189.0,18741,31853
2020-10-31,23:00:00,20:59:00,114,Suriname,588373,5201,4.0,111,0.0,5057,4.0,33.0,3,8840,189.0,18870,32071
2020-11-01,23:00:00,20:59:00,114,Suriname,588387,5203,2.0,111,0.0,5060,3.0,32.0,3,8843,189.0,18941,32191
2020-11-02,23:00:00,20:57:00,114,Suriname,588402,5210,7.0,111,0.0,5066,6.0,33.0,3,8854,189.0,18995,32282
2020-11-03,23:00:00,20:59:00,114,Suriname,588416,5212,2.0,111,0.0,5082,16.0,19.0,4,8858,189.0,19031,32343
2020-11-04,23:00:00,20:57:00,114,Suriname,588430,5218,6.0,111,0.0,5087,5.0,20.0,4,8868,189.0,19223,32668
2020-11-05,23:00:00,20:59:00,114,Suriname,588445,5220,2.0,112,1.0,5090,3.0,18.0,5,8871,190.0,19298,32795
2020-11-06,23:00:00,20:58:00,114,Suriname,588459,5225,5.0,112,0.0,5097,7.0,16.0,6,8879,190.0,19423,33007
2020-11-07,23:00:00,20:57:00,114,Suriname,588473,5227,2.0,112,0.0,5102,5.0,13.0,6,8882,190.0,19613,33329
2020-11-08,23:00:00,20:49:00,114,Suriname,588488,5234,7.0,113,1.0,5105,3.0,16.0,5,8894,192.0,19736,33537
2020-11-09,23:00:00,20:59:00,114,Suriname,588502,5239,5.0,113,0.0,5107,2.0,19.0,5,8902,192.0,19772,33597
2020-11-10,23:00:00,20:59:00,114,Suriname,588516,5241,2.0,113,0.0,5110,3.0,18.0,5,8905,192.0,19813,33666
2020-11-11,23:00:00,20:56:00,114,Suriname,588531,5245,4.0,113,0.0,5115,5.0,17.0,5,8912,192.0,19978,33946
2020-11-12,23:00:00,20:59:00,114,Suriname,588545,5254,9.0,113,0.0,5118,3.0,23.0,6,8927,192.0,20119,34184
2020-11-13,23:00:00,20:58:00,114,Suriname,588560,5261,7.0,114,1.0,5126,8.0,21.0,5,8939,194.0,20232,34375
2020-11-14,23:00:00,20:57:00,114,Suriname,588574,5268,7.0,114,0.0,5131,5.0,23.0,4,8950,194.0,20328,34538
2020-11-15,23:00:00,20:53:00,114,Suriname,588588,5274,6.0,114,0.0,5143,12.0,17.0,5,8960,194.0,20432,34714
2020-11-16,23:00:00,20:59:00,114,Suriname,588603,5274,0.0,114,0.0,5148,5.0,12.0,5,8960,194.0,20467,34772
2020-11-17,23:00:00,20:58:00,114,Suriname,588617,5275,1.0,115,1.0,5148,0.0,12.0,5,8962,195.0,20518,34858
2020-11-18,23:00:00,20:57:00,114,Suriname,588631,5278,3.0,116,1.0,5157,9.0,5.0,4,8967,197.0,20664,35105
2020-11-19,23:00:00,20:59:00,114,Suriname,588646,5282,4.0,116,0.0,5158,1.0,8.0,5,8973,197.0,20769,35283
2020-11-20,23:00:00,20:59:00,114,Suriname,588660,5284,2.0,116,0.0,5161,3.0,7.0,5,8976,197.0,20909,35520
2020-11-21,23:00:00,20:58:00,114,Suriname,588674,5289,5.0,116,0.0,5164,3.0,9.0,4,8985,197.0,21000,35673
2020-11-22,23:00:00,20:59:00,114,Suriname,588689,5295,6.0,116,0.0,5166,2.0,13.0,4,8995,197.0,21129,35892
2020-11-23,23:00:00,20:58:00,114,Suriname,588703,5296,1.0,116,0.0,5168,2.0,12.0,4,8996,197.0,21163,35949
2020-11-24,23:00:00,20:57:00,114,Suriname,588717,5297,1.0,116,0.0,5173,5.0,8.0,4,8998,197.0,21221,36046
2020-11-25,23:00:00,20:58:00,114,Suriname,588732,5300,3.0,117,1.0,5177,4.0,6.0,3,9002,199.0,21299,36178
2020-11-26,23:00:00,20:47:00,114,Suriname,588746,5305,5.0,117,0.0,5184,7.0,4.0,3,9011,199.0,21374,36304
2020-11-27,23:00:00,20:59:00,114,Suriname,588760,5307,2.0,117,0.0,5185,1.0,5.0,3,9014,199.0,21426,36392
2020-11-28,23:00:00,20:46:00,114,Suriname,588775,5311,4.0,117,0.0,5187,2.0,7.0,3,9020,199.0,21543,36590
2020-11-29,23:00:00,20:51:00,114,Suriname,588789,5312,1.0,117,0.0,5192,5.0,3.0,3,9022,199.0,21625,36728
2020-11-30,23:00:00,20:57:00,114,Suriname,588803,5312,0.0,117,0.0,5192,0.0,3.0,3,9022,199.0,21625,36727
2020-12-01,23:00:00,20:55:00,114,Suriname,588818,5312,0.0,117,0.0,5194,2.0,1.0,2,9021,199.0,21648,36765
2020-12-02,23:00:00,20:58:00,114,Suriname,588832,5319,7.0,117,0.0,5197,3.0,5.0,1,9033,199.0,21747,36932
2020-12-03,23:00:00,20:59:00,114,Suriname,588846,5320,1.0,117,0.0,5200,3.0,3.0,1,9035,199.0,21840,37089
2020-12-04,23:00:00,20:57:00,114,Suriname,588861,5322,2.0,117,0.0,5203,3.0,2.0,2,9038,199.0,21961,37294
2020-12-05,23:00:00,20:58:00,114,Suriname,588875,5322,0.0,117,0.0,5205,2.0,0.0,2,9038,199.0,22054,37451
2020-12-06,23:00:00,20:51:00,114,Suriname,588889,5324,2.0,117,0.0,5207,2.0,0.0,2,9041,199.0,22171,37649
2020-12-07,23:00:00,20:57:00,114,Suriname,588904,5324,0.0,117,0.0,5210,3.0,-3.0,2,9041,199.0,22195,37689
2020-12-08,23:00:00,20:59:00,114,Suriname,588918,5325,1.0,117,0.0,5214,4.0,-6.0,2,9042,199.0,22231,37749
2020-12-09,23:00:00,20:59:00,114,Suriname,588933,5326,1.0,117,0.0,5217,3.0,-8.0,2,9043,199.0,22311,37884
2020-12-10,23:00:00,20:59:00,114,Suriname,588947,5333,7.0,117,0.0,5217,0.0,,2,9055,199.0,22391,38019
2020-12-11,23:00:00,20:59:00,114,Suriname,588961,5337,4.0,117,0.0,5218,1.0,2.0,2,9062,199.0,22493,38191
2020-12-12,23:00:00,20:58:00,114,Suriname,588976,5339,2.0,117,0.0,5220,2.0,2.0,2,9065,199.0,22561,38305
2020-12-13,23:00:00,20:59:00,114,Suriname,588990,5340,1.0,117,0.0,5221,1.0,2.0,2,9066,199.0,22629,38420
2020-12-14,23:35:00,21:34:00,114,Suriname,589004,5353,13.0,117,0.0,5224,3.0,12.0,3,9088,199.0,22676,38499
2020-12-15,23:00:00,20:59:00,114,Suriname,589019,5359,6.0,117,0.0,5227,3.0,15.0,3,9098,199.0,22709,38554
2020-12-16,23:00:00,20:58:00,114,Suriname,589033,5381,22.0,117,0.0,5231,4.0,33.0,3,9135,199.0,22867,38821
2020-12-17,23:00:00,20:56:00,114,Suriname,589047,5401,20.0,117,0.0,5239,8.0,45.0,2,9169,199.0,23007,39058
2020-12-18,23:00:00,20:57:00,114,Suriname,589062,5428,27.0,117,0.0,5240,1.0,71.0,2,9215,199.0,23169,39332
2020-12-19,23:59:00,22:11:00,114,Suriname,589076,5459,31.0,117,0.0,5249,9.0,93.0,3,9267,199.0,23386,39699
2020-12-20,23:00:00,20:54:00,114,Suriname,589090,5511,52.0,118,1.0,5263,14.0,130.0,4,9355,200.0,23571,40013
2020-12-21,23:00:00,20:59:00,114,Suriname,589105,5552,41.0,118,0.0,5291,28.0,143.0,5,9424,200.0,23762,40336
2020-12-22,23:00:00,20:59:00,114,Suriname,589119,5583,31.0,118,0.0,5296,5.0,169.0,5,9477,200.0,23882,40538
2020-12-23,23:00:00,20:58:00,114,Suriname,589133,5669,86.0,118,0.0,5323,27.0,228.0,6,9623,200.0,24210,41094
2020-12-24,23:00:00,20:55:00,114,Suriname,589148,5734,65.0,118,0.0,5345,22.0,271.0,7,9733,200.0,24493,41574
2020-12-25,23:00:00,20:59:00,114,Suriname,589162,5810,76.0,118,0.0,5388,43.0,304.0,9,9861,200.0,24763,42031
2020-12-26,23:00:00,20:59:00,114,Suriname,589176,5880,70.0,119,1.0,5417,29.0,344.0,8,9980,202.0,25084,42575
2020-12-27,23:00:00,20:56:00,114,Suriname,589191,5938,58.0,119,0.0,5456,39.0,363.0,10,10078,202.0,25326,42984
2020-12-28,23:00:00,20:58:00,114,Suriname,589205,5978,40.0,119,0.0,5479,23.0,380.0,8,10146,202.0,25559,43379
2020-12-29,23:00:00,20:54:00,114,Suriname,589219,6013,35.0,120,1.0,5542,63.0,351.0,11,10205,204.0,25719,43649
2020-12-30,23:00:00,20:54:00,114,Suriname,589234,6098,85.0,120,0.0,5633,91.0,345.0,7,10349,204.0,26130,44346
2020-12-31,23:00:00,20:44:00,114,Suriname,589248,6181,83.0,121,1.0,5694,61.0,366.0,6,10490,205.0,26498,44969
2021-01-01,23:00:00,20:54:00,114,Suriname,589262,6210,29.0,122,1.0,5731,37.0,357.0,5,10539,207.0,26652,45229
2021-01-02,23:00:00,20:56:00,114,Suriname,589277,6277,67.0,123,1.0,5771,40.0,383.0,7,10652,209.0,26897,45644
2021-01-03,23:00:00,20:59:00,114,Suriname,589291,6343,66.0,123,0.0,5841,70.0,379.0,8,10764,209.0,27085,45962
2021-01-04,23:00:00,20:57:00,114,Suriname,589306,6393,50.0,123,0.0,5883,42.0,387.0,7,10848,209.0,27235,46215
2021-01-05,23:00:00,20:51:00,114,Suriname,589320,6493,100.0,124,1.0,5913,30.0,456.0,9,11018,210.0,27509,46679
2021-01-06,23:00:00,20:59:00,114,Suriname,589334,6586,93.0,125,1.0,5967,54.0,494.0,10,11175,212.0,27951,47428
