Date,Scrap_time,Update_time_GMT,Country_id,Country,Population,TotalCases,NewCases,TotalDeaths,NewDeaths,TotalRecovered,NewRecovered,ActiveCases,SeriousCritical,Tot_Cases_1Mpop,Deaths_1Mpop,TotalTests,Tests_1Mpop
2020-08-02,20:00:00,,55,Switzerland,8660089,35550,,1981,,31300,,2269,25,4105,229.0,801742,92579
2020-08-08,20:00:00,,55,Switzerland,8661125,36451,901.0,1986,5.0,31900,600.0,2565,21,4209,229.0,835724,96491
2020-08-12,20:00:00,,55,Switzerland,8661816,36895,444.0,1990,4.0,32700,800.0,2205,22,4259,230.0,847325,97823
2020-08-16,20:00:00,,55,Switzerland,8662507,38124,1229.0,1991,1.0,33200,500.0,2933,26,4401,230.0,881683,101782
2020-08-17,20:00:00,,55,Switzerland,8662679,38252,128.0,1991,0.0,33300,100.0,2961,21,4416,230.0,884472,102101
2020-08-18,20:00:00,,55,Switzerland,8662852,38449,197.0,1992,1.0,33500,200.0,2957,15,4438,230.0,890289,102771
2020-08-19,20:00:00,,55,Switzerland,8663025,38760,311.0,1996,4.0,33500,0.0,3264,14,4474,230.0,901074,104014
2020-08-20,17:53:00,,55,Switzerland,8663197,39026,266.0,1998,2.0,33800,300.0,3228,15,4505,231.0,910283,105075
2020-08-23,21:09:00,,55,Switzerland,8663715,39903,877.0,2001,3.0,34100,300.0,3802,14,4606,231.0,937448,108204
2020-08-24,17:10:00,,55,Switzerland,8663888,40060,157.0,2001,0.0,34400,300.0,3659,16,4624,231.0,941798,108704
2020-08-25,23:00:00,,55,Switzerland,8664061,40262,202.0,2002,1.0,34400,0.0,3860,15,4647,231.0,948439,109468
2020-08-26,22:59:00,,55,Switzerland,8664233,40645,383.0,2003,1.0,34800,400.0,3842,18,4691,231.0,962895,111134
2020-08-27,23:00:00,,55,Switzerland,8664406,41006,361.0,2003,0.0,34800,0.0,4203,17,4733,231.0,975563,112594
2020-08-28,23:01:00,,55,Switzerland,8664579,41346,340.0,2004,1.0,34800,0.0,4542,18,4772,231.0,988383,114072
2020-08-29,12:29:00,,55,Switzerland,8664751,41346,0.0,2004,0.0,34800,0.0,4542,18,4772,231.0,988383,114069
2020-08-30,23:00:00,,55,Switzerland,8664924,42014,668.0,2005,1.0,35800,1000.0,4209,18,4849,231.0,1010948,116671
2020-08-31,18:58:00,,55,Switzerland,8665097,42177,163.0,2006,1.0,35800,0.0,4371,22,4867,232.0,1015686,117216
2020-09-01,23:00:00,,55,Switzerland,8665269,42393,216.0,2011,5.0,36300,500.0,4082,16,4892,232.0,1023203,118081
2020-09-02,23:01:00,,55,Switzerland,8665442,42763,370.0,2011,0.0,36300,0.0,4452,13,4935,232.0,1039741,119987
2020-09-03,23:01:00,,55,Switzerland,8665615,43127,364.0,2013,2.0,36500,200.0,4614,12,4977,232.0,1054652,121705
2020-09-04,07:01:00,,55,Switzerland,8665787,43127,0.0,2013,0.0,36500,0.0,4614,12,4977,232.0,1054652,121703
2020-09-05,23:31:00,,55,Switzerland,8665960,43957,830.0,2013,0.0,37100,600.0,4844,14,5072,232.0,1085932,125310
2020-09-06,18:30:00,,55,Switzerland,8666133,44401,444.0,2013,0.0,37100,0.0,5288,25,5124,232.0,1098540,126762
2020-09-07,23:39:00,,55,Switzerland,8666305,44592,191.0,2014,1.0,37700,600.0,4878,25,5145,232.0,1103149,127292
2020-09-08,22:10:00,,55,Switzerland,8666478,44837,245.0,2017,3.0,37700,0.0,5120,25,5174,233.0,1111984,128309
2020-09-09,22:01:00,,55,Switzerland,8666651,45306,469.0,2019,2.0,38100,400.0,5187,23,5228,233.0,1129549,130333
2020-09-10,22:01:00,,55,Switzerland,8666823,45711,405.0,2020,1.0,38100,0.0,5591,24,5274,233.0,1145949,132222
2020-09-11,22:00:00,,55,Switzerland,8666996,46239,528.0,2020,0.0,38100,0.0,6119,26,5335,233.0,1162236,134099
2020-09-12,22:22:00,,55,Switzerland,8667169,46704,465.0,2020,0.0,38500,400.0,6184,26,5389,233.0,1173798,135430
2020-09-13,22:01:00,,55,Switzerland,8667341,47179,475.0,2021,1.0,38900,400.0,6258,26,5443,233.0,1186824,136931
2020-09-14,22:04:00,,55,Switzerland,8667514,47436,257.0,2025,4.0,39600,700.0,5811,26,5473,234.0,1193180,137661
2020-09-15,21:00:00,,55,Switzerland,8667687,47751,315.0,2028,3.0,39600,0.0,6123,25,5509,234.0,1203997,138906
2020-09-16,21:01:00,,55,Switzerland,8667859,48265,514.0,2039,11.0,39900,300.0,6326,27,5568,235.0,1221858,140964
2020-09-18,20:01:00,,55,Switzerland,8668205,49283,1018.0,2045,6.0,39900,0.0,7338,29,5685,236.0,1251614,144391
2020-09-19,21:00:00,,55,Switzerland,8668377,49283,0.0,2045,0.0,40500,600.0,6738,29,5685,236.0,1251614,144389
2020-09-20,22:31:00,,55,Switzerland,8668550,49283,0.0,2045,0.0,40500,0.0,6738,29,5685,236.0,1251614,144386
2020-09-21,21:01:00,,55,Switzerland,8668723,50378,1095.0,2050,5.0,40500,0.0,7828,37,5811,236.0,1279247,147570
2020-09-22,21:01:00,,55,Switzerland,8668895,50664,286.0,2054,4.0,42100,1600.0,6510,37,5844,237.0,1287196,148484
2020-09-23,19:58:00,,55,Switzerland,8669068,51101,437.0,2060,6.0,42100,0.0,6941,35,5895,238.0,1300092,149969
2020-09-24,21:00:00,,55,Switzerland,8669241,51492,391.0,2061,1.0,42300,200.0,7131,34,5940,238.0,1313944,151564
2020-09-25,21:00:00,,55,Switzerland,8669414,51864,372.0,2064,3.0,42600,300.0,7200,35,5982,238.0,1326290,152985
2020-09-26,21:00:00,,55,Switzerland,8669586,51864,0.0,2064,0.0,42600,0.0,7200,35,5982,238.0,1326290,152982
2020-09-27,22:45:00,,55,Switzerland,8669759,51864,0.0,2064,0.0,42700,100.0,7100,38,5982,238.0,1326290,152979
2020-09-28,22:00:00,,55,Switzerland,8669932,52646,782.0,2065,1.0,42700,0.0,7881,31,6072,238.0,1349159,155614
2020-09-29,21:35:00,,55,Switzerland,8670104,52871,225.0,2069,4.0,42700,0.0,8102,31,6098,239.0,1355118,156298
2020-09-30,22:00:00,,55,Switzerland,8670277,53282,411.0,2074,5.0,42700,0.0,8508,29,6145,239.0,1367695,157745
2020-10-01,21:31:00,,55,Switzerland,8670450,53832,550.0,2074,0.0,45300,2600.0,6458,31,6209,239.0,1380083,159171
2020-10-02,22:36:00,,55,Switzerland,8670622,54384,552.0,2075,1.0,45800,500.0,6509,32,6272,239.0,1391498,160484
2020-10-03,22:24:00,,55,Switzerland,8670795,54384,0.0,2076,1.0,45800,0.0,6508,31,6272,239.0,1391498,160481
2020-10-04,21:01:00,,55,Switzerland,8670968,54384,0.0,2077,1.0,45800,0.0,6507,33,6272,240.0,1391498,160478
2020-10-05,22:13:00,,55,Switzerland,8671140,55932,1548.0,2078,1.0,45800,0.0,8054,32,6450,240.0,1417260,163446
2020-10-06,23:01:00,,55,Switzerland,8671313,56632,700.0,2081,3.0,47300,1500.0,7251,39,6531,240.0,1424477,164275
2020-10-07,23:01:00,,55,Switzerland,8671486,57709,1077.0,2082,1.0,47300,0.0,8327,42,6655,240.0,1439599,166015
2020-10-08,23:59:00,,55,Switzerland,8671658,58881,1172.0,2087,5.0,48400,1100.0,8394,30,6790,241.0,1455665,167865
2020-10-09,23:00:00,,55,Switzerland,8671831,60368,1487.0,2088,1.0,48400,0.0,9880,36,6961,241.0,1470894,169617
2020-10-10,23:00:00,,55,Switzerland,8672004,60368,0.0,2088,0.0,48400,0.0,9880,39,6961,241.0,1470894,169614
2020-10-12,23:10:00,,55,Switzerland,8672349,64436,4068.0,2096,8.0,49500,1100.0,12840,40,7430,242.0,1506450,173707
2020-10-13,23:01:00,,55,Switzerland,8672522,65881,1445.0,2102,6.0,49800,300.0,13979,38,7597,242.0,1516021,174807
2020-10-14,23:01:00,,55,Switzerland,8672694,68704,2823.0,2109,7.0,49800,0.0,16795,41,7922,243.0,1536725,177191
2020-10-15,14:09:00,11:06:00,55,Switzerland,8672867,71317,2613.0,2110,1.0,49800,0.0,19407,50,8223,243.0,1556475,179465
2020-10-16,22:08:00,19:06:00,55,Switzerland,8673040,74422,3105.0,2122,12.0,50500,700.0,21800,54,8581,245.0,1578103,181955
2020-10-17,23:01:00,19:58:00,55,Switzerland,8673212,74422,0.0,2122,0.0,50500,0.0,21800,56,8581,245.0,1578103,181951
2020-10-18,22:05:00,19:03:00,55,Switzerland,8673385,74422,0.0,2123,1.0,50600,100.0,21699,57,8581,245.0,1578103,181948
2020-10-19,22:05:00,18:59:00,55,Switzerland,8673558,83159,8737.0,2138,15.0,53400,2800.0,27621,64,9588,246.0,1632288,188191
2020-10-20,22:05:00,19:04:00,55,Switzerland,8673730,86167,3008.0,2145,7.0,54600,1200.0,29422,79,9934,247.0,1646512,189827
2020-10-21,22:05:00,19:03:00,55,Switzerland,8673903,91763,5596.0,2029,-116.0,54600,0.0,35134,101,10579,234.0,1674840,193090
2020-10-22,22:05:00,19:04:00,55,Switzerland,8674076,97019,5256.0,2044,15.0,55700,1100.0,39275,109,11185,236.0,1701377,196145
2020-10-23,22:05:00,19:02:00,55,Switzerland,8674248,103653,6634.0,2067,23.0,55800,100.0,45786,116,11950,238.0,1726438,199030
2020-10-24,23:41:00,20:40:00,55,Switzerland,8674421,103653,0.0,2081,14.0,55800,0.0,45772,119,11949,240.0,1726438,199026
2020-10-25,23:00:00,20:58:00,55,Switzerland,8674594,103653,0.0,2083,2.0,55800,0.0,45770,123,11949,240.0,1726438,199022
2020-10-26,23:00:00,20:56:00,55,Switzerland,8674766,121093,17440.0,2111,28.0,61700,5900.0,57282,142,13959,243.0,1808464,208474
2020-10-27,23:00:00,20:58:00,55,Switzerland,8674939,127042,5949.0,2147,36.0,62700,1000.0,62195,142,14645,247.0,1829173,210857
2020-10-28,23:00:00,20:58:00,55,Switzerland,8675112,135658,8616.0,2158,11.0,65100,2400.0,68400,190,15638,249.0,1859945,214400
2020-10-29,23:00:00,20:57:00,55,Switzerland,8675284,145044,9386.0,2200,42.0,65100,0.0,77744,202,16719,254.0,1895175,218457
2020-10-30,23:00:00,20:58:00,55,Switzerland,8675457,154251,9207.0,2249,49.0,65200,100.0,86802,211,17780,259.0,1933386,222857
2020-10-31,23:00:00,20:59:00,55,Switzerland,8675630,154251,0.0,2286,37.0,65200,0.0,86765,237,17780,263.0,1933386,222853
2020-11-01,23:00:00,20:59:00,55,Switzerland,8675802,154251,0.0,2313,27.0,65200,0.0,86738,241,17779,267.0,1933386,222848
2020-11-02,23:00:00,20:57:00,55,Switzerland,8675975,176177,21926.0,2388,75.0,80400,15200.0,93389,242,20306,275.0,2022249,233086
2020-11-03,23:00:00,20:59:00,55,Switzerland,8676148,182303,6126.0,2465,77.0,83400,3000.0,96438,302,21012,284.0,2044406,235635
2020-11-04,23:00:00,20:57:00,55,Switzerland,8676320,192376,10073.0,2500,35.0,87100,3700.0,102776,314,22173,288.0,2080775,239822
2020-11-05,23:00:00,20:59:00,55,Switzerland,8676493,202504,10128.0,2628,128.0,87100,0.0,112776,392,23339,303.0,2119502,244281
2020-11-06,23:00:00,20:58:00,55,Switzerland,8676666,211913,9409.0,2710,82.0,87300,200.0,121903,426,24423,312.0,2157721,248681
2020-11-07,23:00:00,20:57:00,55,Switzerland,8676838,211913,0.0,2731,21.0,87300,0.0,121882,435,24423,315.0,2157721,248676
2020-11-08,23:00:00,20:49:00,55,Switzerland,8677011,211913,0.0,2772,41.0,87300,0.0,121841,435,24422,319.0,2157721,248671
2020-11-09,23:00:00,20:59:00,55,Switzerland,8677184,229222,17309.0,2828,56.0,87300,0.0,139094,387,26417,326.0,2231552,257175
2020-11-10,23:00:00,20:59:00,55,Switzerland,8677356,235202,5980.0,2974,146.0,122600,35300.0,109628,465,27105,343.0,2254471,259811
2020-11-11,23:00:00,20:56:00,55,Switzerland,8677529,243472,8270.0,3112,138.0,122600,0.0,117760,498,28058,359.0,2287029,263558
2020-11-12,23:00:00,20:59:00,55,Switzerland,8677702,250396,6924.0,3168,56.0,141000,18400.0,106228,496,28855,365.0,2318688,267201
2020-11-13,23:00:00,20:58:00,55,Switzerland,8677875,257135,6739.0,3315,147.0,141000,0.0,112820,488,29631,382.0,2351453,270971
2020-11-14,23:00:00,20:57:00,55,Switzerland,8678047,257135,0.0,3351,36.0,141000,0.0,112784,488,29631,386.0,2351453,270966
2020-11-15,23:00:00,20:53:00,55,Switzerland,8678220,257135,0.0,3359,8.0,141000,0.0,112776,483,29630,387.0,2351453,270960
2020-11-16,23:00:00,20:59:00,55,Switzerland,8678393,269974,12839.0,3529,170.0,141000,0.0,125445,488,31109,407.0,2411237,277844
2020-11-17,23:00:00,20:58:00,55,Switzerland,8678565,274534,4560.0,3657,128.0,169100,28100.0,101777,492,31634,421.0,2430732,280085
2020-11-18,23:00:00,20:57:00,55,Switzerland,8678738,280648,6114.0,3764,107.0,169100,0.0,107784,514,32337,434.0,2460961,283562
2020-11-19,23:00:00,20:59:00,55,Switzerland,8678911,285655,5007.0,3870,106.0,180700,11600.0,101085,525,32914,446.0,2487943,286665
2020-11-20,23:00:00,20:59:00,55,Switzerland,8679083,290601,4946.0,3962,92.0,180700,0.0,105939,521,33483,456.0,2513729,289631
2020-11-21,23:00:00,20:58:00,55,Switzerland,8679256,290601,0.0,3992,30.0,180700,0.0,105909,521,33482,460.0,2513729,289625
2020-11-22,23:00:00,20:59:00,55,Switzerland,8679429,290601,0.0,4031,39.0,180700,0.0,105870,517,33482,464.0,2513729,289619
2020-11-23,23:00:00,20:58:00,55,Switzerland,8679601,300352,9751.0,4124,93.0,206700,26000.0,89528,526,34604,475.0,2572156,296345
2020-11-24,23:00:00,20:57:00,55,Switzerland,8679774,304593,4241.0,4295,171.0,211500,4800.0,88798,524,35092,495.0,2592950,298735
2020-11-25,23:00:00,20:58:00,55,Switzerland,8679947,309469,4876.0,4393,98.0,211500,0.0,93576,519,35653,506.0,2623342,302230
2020-11-26,23:00:00,20:47:00,55,Switzerland,8680119,313978,4509.0,4451,58.0,218900,7400.0,90627,494,36172,513.0,2652082,305535
2020-11-27,23:00:00,20:59:00,55,Switzerland,8680292,318290,4312.0,4571,120.0,222100,3200.0,91619,502,36668,527.0,2679348,308670
2020-11-28,23:00:00,20:46:00,55,Switzerland,8680465,318290,0.0,4621,50.0,222100,0.0,91569,502,36667,532.0,2679348,308664
2020-11-29,23:00:00,20:51:00,55,Switzerland,8680637,318290,0.0,4650,29.0,222100,0.0,91540,495,36667,536.0,2679348,308658
2020-11-30,23:00:00,20:57:00,55,Switzerland,8680810,327072,8782.0,4753,103.0,250200,28100.0,72119,490,37678,548.0,2734165,314967
2020-12-01,23:00:00,20:55:00,55,Switzerland,8680983,330874,3802.0,4908,155.0,250200,0.0,75766,509,38115,565.0,2753942,317238
2020-12-02,23:00:00,20:58:00,55,Switzerland,8681155,335660,4786.0,4991,83.0,257600,7400.0,73069,491,38665,575.0,2780856,320332
2020-12-03,23:00:00,20:59:00,55,Switzerland,8681328,340115,4455.0,5142,151.0,257600,0.0,77373,504,39178,592.0,2808820,323547
2020-12-04,23:00:00,20:57:00,55,Switzerland,8681501,344497,4382.0,5292,150.0,260600,3000.0,78605,479,39682,610.0,2836245,326700
2020-12-05,23:00:00,20:58:00,55,Switzerland,8681673,344497,0.0,5324,32.0,260600,0.0,78573,479,39681,613.0,2836245,326693
2020-12-06,23:00:00,20:51:00,55,Switzerland,8681846,344497,0.0,5344,20.0,260600,0.0,78553,460,39680,616.0,2836245,326687
2020-12-07,23:00:00,20:57:00,55,Switzerland,8682019,354306,9809.0,5422,78.0,279900,19300.0,68984,465,40809,625.0,2896303,333598
2020-12-08,23:00:00,20:59:00,55,Switzerland,8682191,358568,4262.0,5566,144.0,279900,0.0,73102,451,41299,641.0,2918875,336191
2020-12-09,23:00:00,20:59:00,55,Switzerland,8682364,363654,5086.0,5663,97.0,283000,3100.0,74991,463,41884,652.0,2952909,340104
2020-12-10,23:00:00,20:59:00,55,Switzerland,8682537,368695,5041.0,5823,160.0,288400,5400.0,74472,456,42464,671.0,2985976,343906
2020-12-11,23:00:00,20:59:00,55,Switzerland,8682709,373831,5136.0,5900,77.0,288400,0.0,79531,451,43055,680.0,3019837,347799
2020-12-12,23:00:00,20:58:00,55,Switzerland,8682882,373831,0.0,5970,70.0,291500,3100.0,76361,448,43054,688.0,3019837,347792
2020-12-13,23:00:00,20:59:00,55,Switzerland,8683055,373831,0.0,5984,14.0,291500,0.0,76347,453,43053,689.0,3019837,347785
2020-12-14,23:35:00,21:34:00,55,Switzerland,8683227,384557,10726.0,6151,167.0,308300,16800.0,70106,460,44287,708.0,3095612,356505
2020-12-15,23:00:00,20:59:00,55,Switzerland,8683400,388828,4271.0,6261,110.0,311500,3200.0,71067,460,44778,721.0,3136655,361224
2020-12-16,23:00:00,20:58:00,55,Switzerland,8683573,394453,5625.0,6374,113.0,311500,0.0,76579,464,45425,734.0,3174906,365622
2020-12-17,23:00:00,20:56:00,55,Switzerland,8683745,399511,5058.0,6486,112.0,311500,0.0,81525,458,46007,747.0,3215236,370259
2020-12-18,23:00:00,20:57:00,55,Switzerland,8683918,403989,4478.0,6541,55.0,311500,0.0,85948,444,46522,753.0,3256315,374982
2020-12-19,23:59:00,22:11:00,55,Switzerland,8684091,403989,0.0,6600,59.0,311500,0.0,85889,434,46521,760.0,3256315,374975
2020-12-20,23:00:00,20:54:00,55,Switzerland,8684263,403989,0.0,6618,18.0,311500,0.0,85871,439,46520,762.0,3256315,374967
2020-12-21,23:00:00,20:59:00,55,Switzerland,8684436,413991,10002.0,6722,104.0,311500,0.0,95769,433,47670,774.0,3349768,385721
2020-12-22,23:00:00,20:59:00,55,Switzerland,8684609,418266,4275.0,6864,142.0,311500,0.0,99902,431,48162,790.0,3382229,389451
2020-12-23,23:00:00,20:58:00,55,Switzerland,8684781,423299,5033.0,6975,111.0,311500,0.0,104824,429,48740,803.0,3428057,394720
2020-12-24,23:00:00,20:55:00,55,Switzerland,8684954,428197,4898.0,7067,92.0,311500,0.0,109630,438,49303,814.0,3476677,400310
2020-12-25,23:00:00,20:59:00,55,Switzerland,8685127,428197,0.0,7159,92.0,311500,0.0,109538,428,49302,824.0,3476677,400302
2020-12-26,23:00:00,20:59:00,55,Switzerland,8685299,428197,0.0,7191,32.0,311500,0.0,109506,429,49301,828.0,3476677,400294
2020-12-27,23:00:00,20:56:00,55,Switzerland,8685472,428197,0.0,7209,18.0,317600,6100.0,103388,428,49300,830.0,3476677,400286
2020-12-28,23:00:00,20:58:00,55,Switzerland,8685645,438284,10087.0,7361,152.0,317600,0.0,113323,432,50461,847.0,3559277,409788
2020-12-29,23:00:00,20:54:00,55,Switzerland,8685818,442481,4197.0,7457,96.0,317600,0.0,117424,437,50943,859.0,3559277,409780
2020-12-30,23:00:00,20:54:00,55,Switzerland,8685990,447905,5424.0,7588,131.0,317600,0.0,122717,410,51566,874.0,3559277,409772
2020-12-31,23:00:00,20:44:00,55,Switzerland,8686163,452296,4391.0,7645,57.0,317600,0.0,127051,410,52071,880.0,3559277,409764
2021-01-01,23:00:00,20:54:00,55,Switzerland,8686336,452296,0.0,7662,17.0,317600,0.0,127034,405,52070,882.0,3559277,409756
2021-01-02,23:00:00,20:56:00,55,Switzerland,8686508,452296,0.0,7725,63.0,317600,0.0,126971,392,52069,889.0,3559277,409748
2021-01-03,23:00:00,20:59:00,55,Switzerland,8686681,452296,0.0,7745,20.0,317600,0.0,126951,388,52068,892.0,3559277,409740
2021-01-04,23:00:00,20:57:00,55,Switzerland,8686854,461961,9665.0,7905,160.0,317600,0.0,136456,405,53179,910.0,3709321,427004
2021-01-05,23:00:00,20:51:00,55,Switzerland,8687026,465981,4020.0,8014,109.0,317600,0.0,140367,399,53641,923.0,3734227,429863
2021-01-06,23:00:00,20:59:00,55,Switzerland,8687199,470789,4808.0,8098,84.0,317600,0.0,145091,410,54193,932.0,3765936,433504
2021-01-07,23:00:00,20:59:00,55,Switzerland,8687372,474764,3975.0,8171,73.0,317600,0.0,148993,405,54650,941.0,3795457,436894
2021-01-08,23:00:00,20:59:00,55,Switzerland,8687544,477983,3219.0,8219,48.0,317600,0.0,152164,389,55019,946.0,3822336,439979
2021-01-09,23:00:00,20:55:00,55,Switzerland,8687717,477983,0.0,8253,34.0,317600,0.0,152130,390,55018,950.0,3822336,439970
2021-01-10,23:32:00,21:29:00,55,Switzerland,8687890,477983,0.0,8267,14.0,317600,0.0,152116,388,55017,952.0,3822336,439961
2021-01-11,12:22:00,10:21:00,55,Switzerland,8688062,477983,0.0,8267,0.0,317600,0.0,152116,388,55016,952.0,3822336,439953
