Date,Scrap_time,Update_time_GMT,Country_id,Country,Population,TotalCases,NewCases,TotalDeaths,NewDeaths,TotalRecovered,NewRecovered,ActiveCases,SeriousCritical,Tot_Cases_1Mpop,Deaths_1Mpop,TotalTests,Tests_1Mpop
2020-08-02,20:00:00,,132,Syria,17533776,780,,43,,237,,500,,44,2.0,,
2020-08-08,20:00:00,,132,Syria,17540765,1125,345.0,50,7.0,331,94.0,744,,64,3.0,,
2020-08-12,20:00:00,,132,Syria,17545425,1327,202.0,53,3.0,385,54.0,889,,76,3.0,,
2020-08-16,20:00:00,,132,Syria,17550085,1593,266.0,60,7.0,408,23.0,1125,,91,3.0,,
2020-08-17,20:00:00,,132,Syria,17551249,1677,84.0,64,4.0,417,9.0,1196,,96,4.0,,
2020-08-18,20:00:00,,132,Syria,17552414,1764,87.0,68,4.0,425,8.0,1271,,100,4.0,,
2020-08-19,20:00:00,,132,Syria,17553579,1844,80.0,73,5.0,425,0.0,1346,,105,4.0,,
2020-08-20,17:53:00,,132,Syria,17554744,1927,83.0,78,5.0,445,20.0,1404,,110,4.0,,
2020-08-23,21:09:00,,132,Syria,17558239,2143,216.0,85,7.0,490,45.0,1568,,122,5.0,,
2020-08-24,17:10:00,,132,Syria,17559404,2217,74.0,89,4.0,505,15.0,1623,,126,5.0,,
2020-08-25,23:00:00,,132,Syria,17560569,2293,76.0,92,3.0,519,14.0,1682,,131,5.0,,
2020-08-26,22:59:00,,132,Syria,17561734,2365,72.0,95,3.0,533,14.0,1737,,135,5.0,,
2020-08-27,23:00:00,,132,Syria,17562899,2504,139.0,100,5.0,569,36.0,1835,,143,6.0,,
2020-08-28,23:01:00,,132,Syria,17564064,2563,59.0,103,3.0,584,15.0,1876,,146,6.0,,
2020-08-29,12:29:00,,132,Syria,17565229,2563,0.0,103,0.0,584,0.0,1876,,146,6.0,,
2020-08-30,23:00:00,,132,Syria,17566394,2703,140.0,109,6.0,614,30.0,1980,,154,6.0,,
2020-08-31,18:58:00,,132,Syria,17567558,2703,0.0,109,0.0,614,0.0,1980,,154,6.0,,
2020-09-01,23:00:00,,132,Syria,17568723,2765,62.0,112,3.0,629,15.0,2024,,157,6.0,,
2020-09-02,23:01:00,,132,Syria,17569888,2898,133.0,120,8.0,661,32.0,2117,,165,7.0,,
2020-09-03,23:01:00,,132,Syria,17571053,2973,75.0,124,4.0,681,20.0,2168,,169,7.0,,
2020-09-04,07:01:00,,132,Syria,17572218,2973,0.0,124,0.0,681,0.0,2168,,169,7.0,,
2020-09-05,23:31:00,,132,Syria,17573383,3104,131.0,130,6.0,715,34.0,2259,,177,7.0,,
2020-09-06,18:30:00,,132,Syria,17574548,3104,0.0,130,0.0,715,0.0,2259,,177,7.0,,
2020-09-07,23:39:00,,132,Syria,17575713,3171,67.0,134,4.0,730,15.0,2307,,180,8.0,,
2020-09-08,22:10:00,,132,Syria,17576878,3229,58.0,137,3.0,744,14.0,2348,,184,8.0,,
2020-09-10,22:01:00,,132,Syria,17579208,3351,122.0,143,6.0,780,36.0,2428,,191,8.0,,
2020-09-11,22:00:00,,132,Syria,17580373,3416,65.0,147,4.0,797,17.0,2472,,194,8.0,,
2020-09-12,22:22:00,,132,Syria,17581538,3476,60.0,150,3.0,812,15.0,2514,,198,9.0,,
2020-09-13,22:01:00,,132,Syria,17582702,3506,30.0,152,2.0,827,15.0,2527,,199,9.0,,
2020-09-14,22:04:00,,132,Syria,17583867,3540,34.0,155,3.0,842,15.0,2543,,201,9.0,,
2020-09-15,21:00:00,,132,Syria,17585032,3576,36.0,157,2.0,858,16.0,2561,,203,9.0,,
2020-09-16,21:01:00,,132,Syria,17586197,3614,38.0,160,3.0,871,13.0,2583,,206,9.0,,
2020-09-18,20:01:00,,132,Syria,17588527,3691,77.0,165,5.0,903,32.0,2623,,210,9.0,,
2020-09-19,21:00:00,,132,Syria,17589692,3731,40.0,168,3.0,918,15.0,2645,,212,10.0,,
2020-09-20,22:31:00,,132,Syria,17590857,3800,69.0,172,4.0,946,28.0,2682,,216,10.0,,
2020-09-21,21:01:00,,132,Syria,17592022,3800,0.0,172,0.0,946,0.0,2682,,216,10.0,,
2020-09-22,21:01:00,,132,Syria,17593187,3833,33.0,175,3.0,963,17.0,2695,,218,10.0,,
2020-09-23,19:58:00,,132,Syria,17594352,3877,44.0,178,3.0,983,20.0,2716,,220,10.0,,
2020-09-24,21:00:00,,132,Syria,17595517,3924,47.0,181,3.0,998,15.0,2745,,223,10.0,,
2020-09-25,21:00:00,,132,Syria,17596682,3966,42.0,183,2.0,1013,15.0,2770,,225,10.0,,
2020-09-26,21:00:00,,132,Syria,17597847,4001,35.0,185,2.0,1028,15.0,2788,,227,11.0,,
2020-09-27,22:45:00,,132,Syria,17599011,4072,71.0,192,7.0,1062,34.0,2818,,231,11.0,,
2020-09-28,22:00:00,,132,Syria,17600176,4072,0.0,192,0.0,1062,0.0,2818,,231,11.0,,
2020-09-29,21:35:00,,132,Syria,17601341,4102,30.0,194,2.0,1074,12.0,2834,,233,11.0,,
2020-09-30,22:00:00,,132,Syria,17602506,4148,46.0,197,3.0,1088,14.0,2863,,236,11.0,,
2020-10-01,21:31:00,,132,Syria,17603671,4200,52.0,200,3.0,1103,15.0,2897,,239,11.0,,
2020-10-02,22:36:00,,132,Syria,17604836,4247,47.0,202,2.0,1117,14.0,2928,,241,11.0,,
2020-10-03,22:24:00,,132,Syria,17606001,4289,42.0,203,1.0,1130,13.0,2956,,244,12.0,,
2020-10-04,21:01:00,,132,Syria,17607166,4329,40.0,204,1.0,1143,13.0,2982,,246,12.0,,
2020-10-05,22:13:00,,132,Syria,17608331,4366,37.0,205,1.0,1155,12.0,3006,,248,12.0,,
2020-10-06,23:01:00,,132,Syria,17609496,4457,91.0,209,4.0,1183,28.0,3065,,253,12.0,,
2020-10-07,23:01:00,,132,Syria,17610661,4504,47.0,212,3.0,1198,15.0,3094,,256,12.0,,
2020-10-08,23:59:00,,132,Syria,17611826,4566,62.0,215,3.0,1212,14.0,3139,,259,12.0,,
2020-10-09,23:00:00,,132,Syria,17612991,4566,0.0,215,0.0,1212,0.0,3139,,259,12.0,,
2020-10-10,23:00:00,,132,Syria,17614155,4673,107.0,221,6.0,1271,59.0,3181,,265,13.0,,
2020-10-12,23:10:00,,132,Syria,17616485,4718,45.0,224,3.0,1296,25.0,3198,,268,13.0,,
2020-10-13,23:01:00,,132,Syria,17617650,4826,108.0,231,7.0,1364,68.0,3231,,274,13.0,,
2020-10-14,23:01:00,,132,Syria,17618815,4826,0.0,231,0.0,1364,0.0,3231,,274,13.0,,
2020-10-15,14:09:00,11:06:00,132,Syria,17619980,4883,57.0,234,3.0,1389,25.0,3260,,277,13.0,,
2020-10-16,22:08:00,19:06:00,132,Syria,17621145,4931,48.0,238,4.0,1425,36.0,3268,,280,14.0,,
2020-10-17,23:01:00,19:58:00,132,Syria,17622310,4987,56.0,241,3.0,1456,31.0,3290,,283,14.0,,
2020-10-18,22:05:00,19:03:00,132,Syria,17623475,5033,46.0,245,4.0,1494,38.0,3294,,286,14.0,,
2020-10-19,22:05:00,18:59:00,132,Syria,17624640,5077,44.0,248,3.0,1528,34.0,3301,,288,14.0,,
2020-10-20,22:05:00,19:04:00,132,Syria,17625805,5180,103.0,254,6.0,1596,68.0,3330,,294,14.0,,
2020-10-21,22:05:00,19:03:00,132,Syria,17626970,5180,0.0,254,0.0,1596,0.0,3330,,294,14.0,,
2020-10-22,22:05:00,19:04:00,132,Syria,17628135,5224,44.0,257,3.0,1629,33.0,3338,,296,15.0,,
2020-10-23,22:05:00,19:02:00,132,Syria,17629300,5267,43.0,260,3.0,1655,26.0,3352,,299,15.0,,
2020-10-24,23:41:00,20:40:00,132,Syria,17630464,5319,52.0,264,4.0,1692,37.0,3363,,302,15.0,,
2020-10-25,23:00:00,20:58:00,132,Syria,17631629,5408,89.0,269,5.0,1753,61.0,3386,,307,15.0,,
2020-10-26,23:00:00,20:56:00,132,Syria,17632794,5461,53.0,272,3.0,1788,35.0,3401,,310,15.0,,
2020-10-27,23:00:00,20:58:00,132,Syria,17633959,5461,0.0,272,0.0,1788,0.0,3401,,310,15.0,,
2020-10-28,23:00:00,20:58:00,132,Syria,17635124,5528,67.0,275,3.0,1821,33.0,3432,,313,16.0,,
2020-10-29,23:00:00,20:57:00,132,Syria,17636289,5633,105.0,281,6.0,1898,77.0,3454,,319,16.0,,
2020-10-30,23:00:00,20:58:00,132,Syria,17637454,5683,50.0,285,4.0,1937,39.0,3461,,322,16.0,,
2020-10-31,23:00:00,20:59:00,132,Syria,17638619,5683,0.0,285,0.0,1937,0.0,3461,,322,16.0,,
2020-11-01,23:00:00,20:59:00,132,Syria,17639784,5789,106.0,292,7.0,2021,84.0,3476,,328,17.0,,
2020-11-02,23:00:00,20:57:00,132,Syria,17640949,5843,54.0,295,3.0,2061,40.0,3487,,331,17.0,,
2020-11-03,23:00:00,20:59:00,132,Syria,17642114,5843,0.0,295,0.0,2061,0.0,3487,,331,17.0,,
2020-11-04,23:00:00,20:57:00,132,Syria,17643279,5888,45.0,298,3.0,2100,39.0,3490,,334,17.0,,
2020-11-05,23:00:00,20:59:00,132,Syria,17644444,5964,76.0,301,3.0,2143,43.0,3520,,338,17.0,,
2020-11-06,23:00:00,20:58:00,132,Syria,17645608,6040,76.0,305,4.0,2195,52.0,3540,,342,17.0,,
2020-11-07,23:00:00,20:57:00,132,Syria,17646773,6147,107.0,313,8.0,2302,107.0,3532,,348,18.0,,
2020-11-08,23:00:00,20:49:00,132,Syria,17647938,6147,0.0,313,0.0,2302,0.0,3532,,348,18.0,,
2020-11-09,23:00:00,20:59:00,132,Syria,17649103,6284,137.0,321,8.0,2405,103.0,3558,,356,18.0,,
2020-11-10,23:00:00,20:59:00,132,Syria,17650268,6284,0.0,321,0.0,2405,0.0,3558,,356,18.0,,
2020-11-11,23:00:00,20:56:00,132,Syria,17651433,6352,68.0,325,4.0,2454,49.0,3573,,360,18.0,,
2020-11-12,23:00:00,20:59:00,132,Syria,17652598,6486,134.0,333,8.0,2558,104.0,3595,,367,19.0,,
2020-11-13,23:00:00,20:58:00,132,Syria,17653763,6552,66.0,337,4.0,2609,51.0,3606,,371,19.0,,
2020-11-14,23:00:00,20:57:00,132,Syria,17654928,6613,61.0,341,4.0,2665,56.0,3607,,375,19.0,,
2020-11-15,23:00:00,20:53:00,132,Syria,17656093,6684,71.0,345,4.0,2714,49.0,3625,,379,20.0,,
2020-11-16,23:00:00,20:59:00,132,Syria,17657258,6759,75.0,350,5.0,2759,45.0,3650,,383,20.0,,
2020-11-17,23:00:00,20:58:00,132,Syria,17658423,6836,77.0,354,4.0,2817,58.0,3665,,387,20.0,,
2020-11-18,23:00:00,20:57:00,132,Syria,17659588,6919,83.0,358,4.0,2868,51.0,3693,,392,20.0,,
2020-11-19,23:00:00,20:59:00,132,Syria,17660753,6919,0.0,358,0.0,2868,0.0,3693,,392,20.0,,
2020-11-20,23:00:00,20:59:00,132,Syria,17661917,6991,72.0,363,5.0,2924,56.0,3704,,396,21.0,,
2020-11-21,23:00:00,20:58:00,132,Syria,17663082,7079,88.0,368,5.0,2986,62.0,3725,,401,21.0,,
2020-11-22,23:00:00,20:59:00,132,Syria,17664247,7154,75.0,372,4.0,3043,57.0,3739,,405,21.0,,
2020-11-23,23:00:00,20:58:00,132,Syria,17665412,7295,141.0,380,8.0,3155,112.0,3760,,413,22.0,,
2020-11-24,23:00:00,20:57:00,132,Syria,17666577,7295,0.0,380,0.0,3155,0.0,3760,,413,22.0,,
2020-11-25,23:00:00,20:58:00,132,Syria,17667742,7459,164.0,391,11.0,3271,116.0,3797,,422,22.0,,
2020-11-26,23:00:00,20:47:00,132,Syria,17668907,7459,0.0,391,0.0,3271,0.0,3797,,422,22.0,,
2020-11-27,23:00:00,20:59:00,132,Syria,17670072,7635,176.0,404,13.0,3389,118.0,3842,,432,23.0,,
2020-11-28,23:00:00,20:46:00,132,Syria,17671237,7635,0.0,404,0.0,3389,0.0,3842,,432,23.0,,
2020-11-29,23:00:00,20:51:00,132,Syria,17672402,7797,162.0,413,9.0,3500,111.0,3884,,441,23.0,,
2020-11-30,23:00:00,20:57:00,132,Syria,17673567,7797,0.0,413,0.0,3500,0.0,3884,,441,23.0,,
2020-12-01,23:00:00,20:55:00,132,Syria,17674732,7887,90.0,417,4.0,3560,60.0,3910,,446,24.0,,
2020-12-02,23:00:00,20:58:00,132,Syria,17675897,8059,172.0,426,9.0,3689,129.0,3944,,456,24.0,,
2020-12-03,23:00:00,20:59:00,132,Syria,17677061,8059,0.0,426,0.0,3689,0.0,3944,,456,24.0,,
2020-12-04,23:00:00,20:57:00,132,Syria,17678226,8233,174.0,437,11.0,3811,122.0,3985,,466,25.0,,
2020-12-05,23:00:00,20:58:00,132,Syria,17679391,8233,0.0,437,0.0,3811,0.0,3985,,466,25.0,,
2020-12-06,23:00:00,20:51:00,132,Syria,17680556,8320,87.0,442,5.0,3879,68.0,3999,,471,25.0,,
2020-12-07,23:00:00,20:57:00,132,Syria,17681721,8490,170.0,452,10.0,4000,121.0,4038,,480,26.0,,
2020-12-08,23:00:00,20:59:00,132,Syria,17682886,8580,90.0,458,6.0,4059,59.0,4063,,485,26.0,,
2020-12-09,23:00:00,20:59:00,132,Syria,17684051,8580,0.0,458,0.0,4059,0.0,4063,,485,26.0,,
2020-12-10,23:00:00,20:59:00,132,Syria,17685216,8787,207.0,476,18.0,4174,115.0,4137,,497,27.0,,
2020-12-11,23:00:00,20:59:00,132,Syria,17686381,8911,124.0,491,15.0,4243,69.0,4177,,504,28.0,,
2020-12-12,23:00:00,20:58:00,132,Syria,17687546,8911,0.0,491,0.0,4243,0.0,4177,,504,28.0,,
2020-12-13,23:00:00,20:59:00,132,Syria,17688711,9041,130.0,506,15.0,4319,76.0,4216,,511,29.0,,
2020-12-14,23:35:00,21:34:00,132,Syria,17689876,9302,261.0,530,24.0,4432,113.0,4340,,526,30.0,,
2020-12-15,23:00:00,20:59:00,132,Syria,17691041,9302,0.0,530,0.0,4432,0.0,4340,,526,30.0,,
2020-12-16,23:00:00,20:58:00,132,Syria,17692206,9452,150.0,543,13.0,4494,62.0,4415,,534,31.0,,
2020-12-17,23:00:00,20:56:00,132,Syria,17693370,9603,151.0,554,11.0,4548,54.0,4501,,543,31.0,,
2020-12-18,23:00:00,20:57:00,132,Syria,17694535,9759,156.0,571,17.0,4616,68.0,4572,,552,32.0,,
2020-12-19,23:59:00,22:11:00,132,Syria,17695700,10050,291.0,601,30.0,4737,121.0,4712,,568,34.0,,
2020-12-20,23:00:00,20:54:00,132,Syria,17696865,10050,0.0,601,0.0,4737,0.0,4712,,568,34.0,,
2020-12-21,23:00:00,20:59:00,132,Syria,17698030,10195,145.0,610,9.0,4786,49.0,4799,,576,34.0,,
2020-12-22,23:00:00,20:59:00,132,Syria,17699195,10318,123.0,621,11.0,4835,49.0,4862,,583,35.0,,
2020-12-23,23:00:00,20:58:00,132,Syria,17700360,10442,124.0,630,9.0,4885,50.0,4927,,590,36.0,,
2020-12-24,23:00:00,20:55:00,132,Syria,17701525,10571,129.0,641,11.0,4927,42.0,5003,,597,36.0,,
2020-12-25,23:00:00,20:59:00,132,Syria,17702690,10701,130.0,652,11.0,4997,70.0,5052,,604,37.0,,
2020-12-26,23:00:00,20:59:00,132,Syria,17703855,10821,120.0,660,8.0,5048,51.0,5113,,611,37.0,,
2020-12-27,23:00:00,20:56:00,132,Syria,17705020,10932,111.0,669,9.0,5093,45.0,5170,,617,38.0,,
2020-12-28,23:00:00,20:58:00,132,Syria,17706185,11033,101.0,678,9.0,5141,48.0,5214,,623,38.0,,
2020-12-29,23:00:00,20:54:00,132,Syria,17707350,11138,105.0,686,8.0,5192,51.0,5260,,629,39.0,,
2020-12-30,23:00:00,20:54:00,132,Syria,17708515,11243,105.0,696,10.0,5248,56.0,5299,,635,39.0,,
2020-12-31,23:00:00,20:44:00,132,Syria,17709679,11344,101.0,704,8.0,5296,48.0,5344,,641,40.0,,
2021-01-01,23:00:00,20:54:00,132,Syria,17710844,11434,90.0,711,7.0,5350,54.0,5373,,646,40.0,,
2021-01-02,23:00:00,20:56:00,132,Syria,17712009,11526,92.0,717,6.0,5420,70.0,5389,,651,40.0,,
2021-01-03,23:00:00,20:59:00,132,Syria,17713174,11616,90.0,723,6.0,5485,65.0,5408,,656,41.0,,
2021-01-04,23:00:00,20:57:00,132,Syria,17714339,11710,94.0,729,6.0,5546,61.0,5435,,661,41.0,,
2021-01-05,23:00:00,20:51:00,132,Syria,17715504,11799,89.0,734,5.0,5615,69.0,5450,,666,41.0,,
2021-01-06,23:00:00,20:59:00,132,Syria,17716669,11890,91.0,741,7.0,5686,71.0,5463,,671,42.0,,
2021-01-07,23:00:00,20:59:00,132,Syria,17717834,11988,98.0,747,6.0,5753,67.0,5488,,677,42.0,,
2021-01-08,23:00:00,20:59:00,132,Syria,17718999,12084,96.0,755,8.0,5824,71.0,5505,,682,43.0,,
2021-01-09,23:00:00,20:55:00,132,Syria,17720164,12179,95.0,763,8.0,5889,65.0,5527,,687,43.0,,
2021-01-10,23:32:00,21:29:00,132,Syria,17721329,12274,95.0,768,5.0,5953,64.0,5553,,693,43.0,,
2021-01-11,23:40:00,21:37:00,132,Syria,17722494,12462,188.0,781,13.0,6098,145.0,5583,,703,44.0,,
2021-01-12,23:52:00,21:48:00,132,Syria,17723659,12558,96.0,790,9.0,6185,87.0,5583,,709,45.0,,
2021-01-13,23:58:00,21:57:00,132,Syria,17724823,12660,102.0,799,9.0,6259,74.0,5602,,714,45.0,,
2021-01-14,23:55:00,21:54:00,132,Syria,17725988,12760,100.0,809,10.0,6329,70.0,5622,,720,46.0,,
2021-01-15,19:39:00,00:00:00,132,Syria,17728318,12850,90.0,817,8.0,6405,76.0,5628,,725,46.0,,
2021-01-16,23:55:00,21:54:00,132,Syria,17728318,12942,92.0,824,7.0,6474,69.0,5644,,730,46.0,,
2021-01-17,23:55:00,21:54:00,132,Syria,17729483,13036,94.0,832,8.0,6548,74.0,5656,,735,47.0,,
2021-01-18,23:55:00,21:42:00,132,Syria,17730648,13132,96.0,841,9.0,6624,76.0,5667,,741,47.0,,
2021-01-19,08:37:00,00:00:00,132,Syria,17732978,13224,92.0,850,9.0,6696,72.0,5678,,746,48.0,,
2021-01-20,09:12:00,00:00:00,132,Syria,17734143,13313,89.0,858,8.0,6773,77.0,5682,,751,48.0,,
2021-01-21,23:55:00,21:54:00,132,Syria,17734143,13398,85.0,866,8.0,6842,69.0,5690,,755,49.0,,
