scrap_date,scrap_time,update date,update time-GMT,Country_id,Country,Population,TotalCases,NewCases,TotalDeaths,NewDeaths,TotalRecovered,NewRecovered,ActiveCases,"Serious,Critical",Tot_Cases_1M_pop,Deaths/1M pop,TotalTests,Tests_1M_pop,Continent_id
2020-08-02,20:00:00,2020-08-02,,116,Thailand,69815508,3317,5.0,58,,3142,7.0,117,1,48,0.8,717814,10282,3
2020-08-08,20:00:00,2020-08-08,,116,Thailand,69818371,3348,3.0,58,,3150,2.0,140,1,48,0.8,749213,10731,3
2020-08-12,20:00:00,2020-08-12,,116,Thailand,69820280,3356,5.0,58,,3169,6.0,129,1,48,0.8,749213,10731,3
2020-08-16,20:00:00,2020-08-16,,116,Thailand,69822189,3377,1.0,58,,3194,1.0,125,1,48,0.8,749213,10730,3
2020-08-17,20:00:00,2020-08-17,,116,Thailand,69822666,3378,1.0,58,,3194,,126,1,48,0.8,749213,10730,3
2020-08-18,20:00:00,2020-08-18,,116,Thailand,69823143,3381,3.0,58,,3198,4.0,125,1,48,0.8,749213,10730,3
2020-08-19,20:00:00,2020-08-19,,116,Thailand,69823621,3382,1.0,58,,3199,1.0,125,1,48,0.8,749213,10730,3
2020-08-20,17:53:00,2020-08-20,,116,Thailand,69824098,3389,7.0,58,,3218,19.0,113,1,49,0.8,749213,10730,3
2020-08-23,21:09:00,2020-08-23,,116,Thailand,69825529,3395,5.0,58,,3221,1.0,116,1,49,0.8,749213,10730,3
2020-08-24,17:10:00,2020-08-24,,116,Thailand,69826007,3397,2.0,58,,3222,1.0,117,1,49,0.8,749213,10730,3
2020-08-25,23:00:00,2020-08-25,,116,Thailand,69826484,3402,5.0,58,,3229,7.0,115,1,49,0.8,749213,10730,3
2020-08-26,22:59:00,2020-08-26,,116,Thailand,69826961,3403,1.0,58,,3237,8.0,108,1,49,0.8,749213,10730,3
2020-08-27,23:00:00,2020-08-27,,116,Thailand,69827438,3404,1.0,58,,3237,,109,1,49,0.8,749213,10729,3
2020-08-28,23:01:00,2020-08-28,,116,Thailand,69827915,3410,6.0,58,,3237,,115,1,49,0.8,749213,10729,3
2020-08-29,12:29:00,2020-08-29,,116,Thailand,69828393,3411,1.0,58,,3242,5.0,111,1,49,0.8,749213,10729,3
2020-08-30,23:00:00,2020-08-30,,116,Thailand,69828870,3411,,58,,3252,10.0,101,1,49,0.8,749213,10729,3
2020-08-31,18:58:00,2020-08-31,,116,Thailand,69829347,3412,1.0,58,,3252,,102,1,49,0.8,749213,10729,3
2020-09-01,23:00:00,2020-09-01,,116,Thailand,69829824,3417,5.0,58,,3274,22.0,85,1,49,0.8,749213,10729,3
2020-09-02,23:01:00,2020-09-02,,116,Thailand,69830301,3425,8.0,58,,3274,,93,1,49,0.8,749213,10729,3
2020-09-03,23:01:00,2020-09-03,,116,Thailand,69830779,3427,2.0,58,,3277,3.0,92,1,49,0.8,749213,10729,3
2020-09-04,07:01:00,2020-09-04,,116,Thailand,69831256,3427,,58,,3277,,92,1,49,0.8,749213,10729,3
2020-09-05,23:31:00,2020-09-05,,116,Thailand,69831733,3438,7.0,58,,3279,2.0,101,1,49,0.8,749213,10729,3
2020-09-06,18:30:00,2020-09-06,,116,Thailand,69832210,3444,6.0,58,,3281,2.0,105,1,49,0.8,749213,10729,3
2020-09-07,23:39:00,2020-09-07,,116,Thailand,69832687,3445,1.0,58,,3281,,106,1,49,0.8,749213,10729,3
2020-09-08,22:10:00,2020-09-08,,116,Thailand,69833165,3446,1.0,58,,3284,3.0,104,1,49,0.8,749213,10729,3
2020-09-10,22:01:00,2020-09-10,,116,Thailand,69834119,3454,7.0,58,,3310,24.0,86,1,49,0.8,749213,10728,3
2020-09-11,22:00:00,2020-09-11,,116,Thailand,69834596,3461,7.0,58,,3312,2.0,91,1,50,0.8,749213,10728,3
2020-09-12,22:22:00,2020-09-12,,116,Thailand,69835073,3466,5.0,58,,3312,,96,1,50,0.8,749213,10728,3
2020-09-13,22:01:00,2020-09-13,,116,Thailand,69835551,3473,7.0,58,,3312,,103,1,50,0.8,749213,10728,3
2020-09-14,22:04:00,2020-09-14,,116,Thailand,69836028,3475,2.0,58,,3312,,105,1,50,0.8,749213,10728,3
2020-09-15,21:00:00,2020-09-15,,116,Thailand,69836505,3480,5.0,58,,3315,3.0,107,1,50,0.8,749213,10728,3
2020-09-16,21:01:00,2020-09-16,,116,Thailand,69836982,3490,10.0,58,,3316,1.0,116,1,50,0.8,749213,10728,3
2020-09-18,20:01:00,2020-09-18,,116,Thailand,69837937,3497,7.0,58,,3328,3.0,111,1,50,0.8,749213,10728,3
2020-09-19,21:00:00,2020-09-19,,116,Thailand,69838414,3500,3.0,59,1.0,3338,10.0,103,1,50,0.8,749213,10728,3
2020-09-20,22:31:00,2020-09-20,,116,Thailand,69838891,3506,6.0,59,,3340,2.0,107,1,50,0.8,749213,10728,3
2020-09-21,21:01:00,2020-09-21,,116,Thailand,69839368,3506,,59,,3342,2.0,105,1,50,0.8,749213,10728,3
2020-09-22,21:01:00,2020-09-22,,116,Thailand,69839845,3511,5.0,59,,3343,1.0,109,1,50,0.8,749213,10728,3
2020-09-23,19:58:00,2020-09-23,,116,Thailand,69840323,3514,3.0,59,,3345,2.0,110,1,50,0.8,749213,10728,3
2020-09-24,21:00:00,2020-09-24,,116,Thailand,69840800,3516,2.0,59,,3353,8.0,104,1,50,0.8,749213,10727,3
2020-09-25,21:00:00,2020-09-25,,116,Thailand,69841277,3519,3.0,59,,3360,7.0,100,1,50,0.8,749213,10727,3
2020-09-26,21:00:00,2020-09-26,,116,Thailand,69841754,3522,3.0,59,,3362,2.0,101,1,50,0.8,749213,10727,3
2020-09-27,22:45:00,2020-09-27,,116,Thailand,69842231,3523,1.0,59,,3367,5.0,97,1,50,0.8,749213,10727,3
2020-09-28,22:00:00,2020-09-28,,116,Thailand,69842709,3545,22.0,59,,3369,2.0,117,1,51,0.8,749213,10727,3
2020-09-29,21:35:00,2020-09-29,,116,Thailand,69843186,3559,14.0,59,,3370,1.0,130,1,51,0.8,749213,10727,3
2020-09-30,22:00:00,2020-09-30,,116,Thailand,69843663,3564,5.0,59,,3374,4.0,131,1,51,0.8,749213,10727,3
2020-10-01,21:31:00,2020-10-01,,116,Thailand,69844140,3569,5.0,59,,3379,5.0,131,1,51,0.8,749213,10727,3
2020-10-02,22:36:00,2020-10-02,,116,Thailand,69844617,3575,6.0,59,,3384,5.0,132,1,51,0.8,749213,10727,3
2020-10-03,22:24:00,2020-10-03,,116,Thailand,69845095,3583,8.0,59,,3386,2.0,138,1,51,0.8,749213,10727,3
2020-10-04,21:01:00,2020-10-04,,116,Thailand,69845572,3585,2.0,59,,3388,2.0,138,1,51,0.8,749213,10727,3
2020-10-05,22:13:00,2020-10-05,,116,Thailand,69846049,3590,5.0,59,,3390,2.0,141,1,51,0.8,749213,10727,3
2020-10-06,23:01:00,2020-10-06,,116,Thailand,69846526,3600,10.0,59,,3390,,151,1,52,0.8,749213,10727,3
2020-10-07,23:01:00,2020-10-07,,116,Thailand,69847003,3615,15.0,59,,3391,1.0,165,1,52,0.8,749213,10726,3
2020-10-08,23:59:00,2020-10-08,,116,Thailand,69847481,3622,7.0,59,,3439,48.0,124,1,52,0.8,749213,10726,3
2020-10-09,23:00:00,2020-10-09,,116,Thailand,69847958,3628,6.0,59,,3441,2.0,128,1,52,0.8,749213,10726,3
2020-10-10,23:00:00,2020-10-10,,116,Thailand,69848435,3634,6.0,59,,3445,4.0,130,1,52,0.8,749213,10726,3
2020-10-12,23:10:00,2020-10-12,,116,Thailand,69849390,3641,5.0,59,,3454,3.0,128,1,52,0.8,977854,13999,3
2020-10-13,23:01:00,2020-10-13,,116,Thailand,69849867,3643,2.0,59,,3457,3.0,127,1,52,0.8,977854,13999,3
2020-10-14,23:01:00,2020-10-14,,116,Thailand,69850344,3652,9.0,59,,3457,,136,1,52,0.8,977854,13999,3
2020-10-15,14:09:00,2020-10-15,11:06:00,116,Thailand,69850821,3665,13.0,59,,3463,6.0,143,1,52,0.8,977854,13999,3
2020-10-16,22:08:00,2020-10-16,19:06:00,116,Thailand,69851298,3669,4.0,59,,3467,4.0,143,1,53,0.8,977854,13999,3
2020-10-17,23:01:00,2020-10-17,19:58:00,116,Thailand,69851776,3679,10.0,59,,3478,11.0,142,1,53,0.8,977854,13999,3
2020-10-18,14:32:00,2020-10-18,11:25:00,116,Thailand,69852253,3686,7.0,59,,3481,3.0,146,1,53,0.8,977854,13999,3
