scrap_date,scrap_time,update_time_GMT,Country_id,Country,Population,TotalCases,NewCases,TotalDeaths,NewDeaths,TotalRecovered,NewRecovered,ActiveCases,SeriousCritical,Tot_Cases_1Mpop,Deaths_1Mpop,TotalTests,Tests_1Mpop
2020-08-02,20:00:00,,123,Tunisia,11829112,1552,,51,,1217,,284,3,131,4.0,95858,8104
2020-08-08,20:00:00,,123,Tunisia,11831138,1656,104.0,51,0.0,1251,34.0,354,9,140,4.0,100298,8477
2020-08-12,20:00:00,,123,Tunisia,11832489,1738,82.0,52,1.0,1272,21.0,414,9,147,4.0,106332,8986
2020-08-16,20:00:00,,123,Tunisia,11833840,2023,285.0,54,2.0,1327,55.0,642,9,171,5.0,111517,9424
2020-08-17,20:00:00,,123,Tunisia,11834177,2107,84.0,54,0.0,1358,31.0,695,9,178,5.0,113025,9551
2020-08-18,20:00:00,,123,Tunisia,11834515,2314,207.0,57,3.0,1370,12.0,887,8,196,5.0,115376,9749
2020-08-19,20:00:00,,123,Tunisia,11834853,2314,0.0,57,0.0,1370,0.0,887,8,196,5.0,115376,9749
2020-08-20,17:53:00,,123,Tunisia,11835190,2427,113.0,60,3.0,1395,25.0,972,8,205,5.0,117086,9893
2020-08-23,21:09:00,,123,Tunisia,11836203,2738,311.0,68,8.0,1434,39.0,1236,8,231,6.0,122899,10383
2020-08-24,17:10:00,,123,Tunisia,11836541,2818,80.0,71,3.0,1443,9.0,1304,8,238,6.0,125135,10572
2020-08-25,23:00:00,,123,Tunisia,11836879,2893,75.0,71,0.0,1454,11.0,1368,8,244,6.0,126596,10695
2020-08-26,22:59:00,,123,Tunisia,11837216,3069,176.0,71,0.0,1456,2.0,1542,8,259,6.0,129104,10907
2020-08-27,23:00:00,,123,Tunisia,11837554,3206,137.0,71,0.0,1476,20.0,1659,8,271,6.0,131355,11096
2020-08-28,23:01:00,,123,Tunisia,11837892,3323,117.0,73,2.0,1504,28.0,1746,8,281,6.0,133944,11315
2020-08-29,12:29:00,,123,Tunisia,11838229,3461,138.0,74,1.0,1522,18.0,1865,8,292,6.0,136941,11568
2020-08-30,23:00:00,,123,Tunisia,11838567,3572,111.0,76,2.0,1536,14.0,1960,15,302,6.0,139527,11786
2020-08-31,18:58:00,,123,Tunisia,11838905,3685,113.0,76,0.0,1562,26.0,2047,15,311,6.0,142194,12011
2020-09-01,23:00:00,,123,Tunisia,11839242,3803,118.0,77,1.0,1573,11.0,2153,15,321,7.0,144042,12166
2020-09-02,23:01:00,,123,Tunisia,11839580,3963,160.0,80,3.0,1624,51.0,2259,15,335,7.0,146307,12357
2020-09-03,23:01:00,,123,Tunisia,11839918,4196,233.0,81,1.0,1628,4.0,2487,15,354,7.0,148212,12518
2020-09-04,07:01:00,,123,Tunisia,11840255,4394,198.0,84,3.0,1681,53.0,2629,15,371,7.0,150795,12736
2020-09-05,23:31:00,,123,Tunisia,11840593,4542,148.0,87,3.0,1699,18.0,2756,15,384,7.0,153392,12955
2020-09-06,18:30:00,,123,Tunisia,11840931,4776,234.0,93,6.0,1701,2.0,2982,19,403,8.0,155862,13163
2020-09-07,23:39:00,,123,Tunisia,11841268,5041,265.0,93,0.0,1752,51.0,3196,21,426,8.0,158679,13401
2020-09-08,22:10:00,,123,Tunisia,11841606,5124,83.0,94,1.0,1788,36.0,3242,21,433,8.0,159597,13478
2020-09-09,22:01:00,,123,Tunisia,11841944,5417,293.0,96,2.0,1862,74.0,3459,26,457,8.0,162200,13697
2020-09-10,22:01:00,,123,Tunisia,11842281,5417,0.0,96,0.0,1862,0.0,3459,26,457,8.0,162200,13697
2020-09-11,22:00:00,,123,Tunisia,11842619,6259,842.0,103,7.0,1956,94.0,4200,26,529,9.0,168475,14226
2020-09-12,22:22:00,,123,Tunisia,11842957,6259,0.0,103,0.0,1956,0.0,4200,26,528,9.0,168475,14226
2020-09-13,22:01:00,,123,Tunisia,11843294,6635,376.0,107,4.0,1991,35.0,4537,26,560,9.0,171786,14505
2020-09-14,22:04:00,,123,Tunisia,11843632,6635,0.0,107,0.0,1991,0.0,4537,26,560,9.0,171786,14505
2020-09-15,21:00:00,,123,Tunisia,11843970,7382,747.0,117,10.0,2175,184.0,5090,30,623,10.0,177904,15021
2020-09-16,21:01:00,,123,Tunisia,11844307,7623,241.0,123,6.0,2262,87.0,5238,36,644,10.0,179035,15116
2020-09-18,20:01:00,,123,Tunisia,11844983,8570,947.0,133,10.0,2342,80.0,6095,47,724,11.0,179035,15115
2020-09-19,21:00:00,,123,Tunisia,11845320,9110,540.0,138,5.0,2366,24.0,6606,47,769,12.0,190241,16060
2020-09-20,22:31:00,,123,Tunisia,11845658,9736,626.0,155,17.0,2386,20.0,7195,47,822,13.0,190241,16060
2020-09-21,21:01:00,,123,Tunisia,11845996,10732,996.0,159,4.0,2386,0.0,8187,47,906,13.0,200459,16922
2020-09-22,21:01:00,,123,Tunisia,11846333,11260,528.0,164,5.0,2386,0.0,8710,47,951,14.0,203051,17140
2020-09-23,19:58:00,,123,Tunisia,11846671,12479,1219.0,174,10.0,2386,0.0,9919,88,1053,15.0,208632,17611
2020-09-24,21:00:00,,123,Tunisia,11847009,13305,826.0,180,6.0,5032,2646.0,8093,74,1123,15.0,212620,17947
2020-09-25,21:00:00,,123,Tunisia,11847346,13305,0.0,180,0.0,5032,0.0,8093,74,1123,15.0,212620,17947
2020-09-26,21:00:00,,123,Tunisia,11847684,14392,1087.0,191,11.0,5032,0.0,9169,74,1215,16.0,217785,18382
2020-09-27,22:45:00,,123,Tunisia,11848022,15178,786.0,207,16.0,5032,0.0,9939,74,1281,17.0,221277,18676
2020-09-28,22:00:00,,123,Tunisia,11848359,16114,936.0,214,7.0,5032,0.0,10868,74,1360,18.0,225033,18993
2020-09-29,21:35:00,,123,Tunisia,11848697,17405,1291.0,246,32.0,5032,0.0,12127,87,1469,21.0,229740,19389
2020-09-30,22:00:00,,123,Tunisia,11849035,18413,1008.0,265,19.0,5032,0.0,13116,87,1554,22.0,233680,19721
2020-10-01,21:31:00,,123,Tunisia,11849372,18413,0.0,265,0.0,5032,0.0,13116,87,1554,22.0,233680,19721
2020-10-02,22:36:00,,123,Tunisia,11849710,19721,1308.0,271,6.0,5032,0.0,14418,41,1664,23.0,238671,20142
2020-10-03,22:24:00,,123,Tunisia,11850048,20944,1223.0,276,5.0,5032,0.0,15636,41,1767,23.0,238671,20141
2020-10-04,21:01:00,,123,Tunisia,11850385,22230,1286.0,321,45.0,5032,0.0,16877,116,1876,27.0,250479,21137
2020-10-05,22:13:00,,123,Tunisia,11850723,22230,0.0,321,0.0,5032,0.0,16877,116,1876,27.0,250479,21136
2020-10-06,23:01:00,,123,Tunisia,11851061,22230,0.0,321,0.0,5032,0.0,16877,116,1876,27.0,250479,21136
2020-10-07,23:01:00,,123,Tunisia,11851399,24542,2312.0,364,43.0,5032,0.0,19146,124,2071,31.0,256667,21657
2020-10-08,23:59:00,,123,Tunisia,11851736,26899,2357.0,409,45.0,5032,0.0,21458,124,2270,35.0,262879,22181
2020-10-09,23:00:00,,123,Tunisia,11852074,26899,0.0,409,0.0,5032,0.0,21458,124,2270,35.0,262879,22180
2020-10-10,23:00:00,,123,Tunisia,11852412,31259,4360.0,456,47.0,5032,0.0,25771,124,2637,38.0,271765,22929
2020-10-12,23:10:00,,123,Tunisia,11853087,32556,1297.0,478,22.0,5032,0.0,27046,138,2747,40.0,276002,23285
2020-10-13,23:01:00,,123,Tunisia,11853425,32556,0.0,478,0.0,5032,0.0,27046,138,2747,40.0,276002,23285
2020-10-14,23:01:00,,123,Tunisia,11853762,34790,2234.0,512,34.0,5032,0.0,29246,149,2935,43.0,282457,23828
2020-10-15,14:09:00,11:06:00,123,Tunisia,11854100,34790,0.0,512,0.0,5032,0.0,29246,149,2935,43.0,282457,23828
2020-10-16,22:08:00,19:06:00,123,Tunisia,11854438,34790,0.0,512,0.0,5032,0.0,29246,149,2935,43.0,282457,23827
2020-10-17,23:01:00,19:58:00,123,Tunisia,11854775,34790,0.0,512,0.0,5032,0.0,29246,149,2935,43.0,282457,23826
2020-10-18,22:05:00,19:03:00,123,Tunisia,11855113,40542,5752.0,626,114.0,5032,0.0,34884,158,3420,53.0,297513,25096
2020-10-19,22:05:00,18:59:00,123,Tunisia,11855451,40542,0.0,626,0.0,5032,0.0,34884,158,3420,53.0,297513,25095
2020-10-20,22:05:00,19:04:00,123,Tunisia,11855788,42727,2185.0,687,61.0,5032,0.0,37008,173,3604,58.0,303202,25574
2020-10-21,22:05:00,19:03:00,123,Tunisia,11856126,45892,3165.0,740,53.0,5032,0.0,40120,168,3871,62.0,311002,26231
2020-10-22,22:05:00,19:04:00,123,Tunisia,11856464,45892,0.0,740,0.0,5032,0.0,40120,168,3871,62.0,311002,26231
2020-10-23,22:05:00,19:02:00,123,Tunisia,11856801,47214,1322.0,784,44.0,5032,0.0,41398,163,3982,66.0,314496,26525
2020-10-24,23:41:00,20:40:00,123,Tunisia,11857139,48799,1585.0,819,35.0,5032,0.0,42948,169,4116,69.0,318592,26869
2020-10-25,23:00:00,20:58:00,123,Tunisia,11857477,48799,0.0,819,0.0,5032,0.0,42948,169,4115,69.0,318592,26868
2020-10-26,23:00:00,20:56:00,123,Tunisia,11857814,52399,3600.0,983,164.0,5032,0.0,46384,213,4419,83.0,330412,27864
2020-10-27,23:00:00,20:58:00,123,Tunisia,11858152,52399,0.0,983,0.0,5032,0.0,46384,213,4419,83.0,330412,27864
2020-10-28,23:00:00,20:58:00,123,Tunisia,11858490,54278,1879.0,1153,170.0,5032,0.0,48093,221,4577,97.0,336380,28366
2020-10-29,23:00:00,20:57:00,123,Tunisia,11858827,54278,0.0,1153,0.0,5032,0.0,48093,221,4577,97.0,336380,28365
2020-10-30,23:00:00,20:58:00,123,Tunisia,11859165,58029,3751.0,1253,100.0,5032,0.0,51744,229,4893,106.0,346083,29183
2020-10-31,23:00:00,20:59:00,123,Tunisia,11859503,59813,1784.0,1317,64.0,5032,0.0,53464,228,5043,111.0,350673,29569
2020-11-01,23:00:00,20:59:00,123,Tunisia,11859840,61115,1302.0,1348,31.0,5032,0.0,54735,233,5153,114.0,354753,29912
2020-11-02,23:00:00,20:57:00,123,Tunisia,11860178,61906,791.0,1381,33.0,5032,0.0,55493,234,5220,116.0,356726,30078
2020-11-03,23:00:00,20:59:00,123,Tunisia,11860516,61906,0.0,1381,0.0,5032,0.0,55493,234,5220,116.0,356726,30077
2020-11-04,23:00:00,20:57:00,123,Tunisia,11860853,64363,2457.0,1512,131.0,5032,0.0,57819,252,5427,127.0,363557,30652
2020-11-05,23:00:00,20:59:00,123,Tunisia,11861191,66334,1971.0,1577,65.0,36727,31695.0,28030,269,5593,133.0,368787,31092
2020-11-06,23:00:00,20:58:00,123,Tunisia,11861529,66334,0.0,1577,0.0,36727,0.0,28030,269,5592,133.0,368787,31091
2020-11-07,23:00:00,20:57:00,123,Tunisia,11861866,67918,1584.0,1753,176.0,46192,9465.0,19973,263,5726,148.0,373094,31453
2020-11-08,23:00:00,20:49:00,123,Tunisia,11862204,71119,3201.0,1873,120.0,48103,1911.0,21143,262,5995,158.0,382554,32250
2020-11-09,23:00:00,20:59:00,123,Tunisia,11862542,71569,450.0,1920,47.0,48103,0.0,21546,275,6033,162.0,383744,32349
2020-11-10,23:00:00,20:59:00,123,Tunisia,11862879,72993,1424.0,2006,86.0,48103,0.0,22884,286,6153,169.0,387457,32661
2020-11-11,23:00:00,20:56:00,123,Tunisia,11863217,74522,1529.0,2100,94.0,51750,3647.0,20672,284,6282,177.0,391757,33023
2020-11-12,23:00:00,20:59:00,123,Tunisia,11863555,76106,1584.0,2151,51.0,51807,57.0,22148,283,6415,181.0,396143,33392
2020-11-13,23:00:00,20:58:00,123,Tunisia,11863892,77668,1562.0,2209,58.0,52912,1105.0,22547,275,6547,186.0,400666,33772
2020-11-14,23:00:00,20:57:00,123,Tunisia,11864230,79339,1671.0,2279,70.0,53758,846.0,23302,285,6687,192.0,405533,34181
2020-11-15,23:00:00,20:53:00,123,Tunisia,11864568,80404,1065.0,2345,66.0,54362,604.0,23697,282,6777,198.0,409003,34473
2020-11-16,23:00:00,20:59:00,123,Tunisia,11864905,81003,599.0,2396,51.0,55551,1189.0,23056,278,6827,202.0,410807,34624
2020-11-17,23:00:00,20:58:00,123,Tunisia,11865243,81723,720.0,2445,49.0,56748,1197.0,22530,272,6888,206.0,412988,34807
2020-11-18,23:00:00,20:57:00,123,Tunisia,11865581,83772,2049.0,2541,96.0,58229,1481.0,23002,291,7060,214.0,419066,35318
2020-11-19,23:00:00,20:59:00,123,Tunisia,11865918,83772,0.0,2541,0.0,58229,0.0,23002,291,7060,214.0,419066,35317
2020-11-20,23:00:00,20:59:00,123,Tunisia,11866256,86265,2493.0,2684,143.0,60486,2257.0,23095,303,7270,226.0,427192,36001
2020-11-21,23:00:00,20:58:00,123,Tunisia,11866594,87471,1206.0,2752,68.0,61402,916.0,23317,294,7371,232.0,431220,36339
2020-11-22,23:00:00,20:59:00,123,Tunisia,11866931,87471,0.0,2752,0.0,61402,0.0,23317,294,7371,232.0,431220,36338
2020-11-23,23:00:00,20:58:00,123,Tunisia,11867269,89196,1725.0,2862,110.0,63846,2444.0,22488,297,7516,241.0,435972,36737
2020-11-24,23:00:00,20:57:00,123,Tunisia,11867607,90213,1017.0,2935,73.0,65303,1457.0,21975,287,7602,247.0,439181,37007
2020-11-25,23:00:00,20:58:00,123,Tunisia,11867944,90213,0.0,2935,0.0,65303,0.0,21975,287,7601,247.0,439181,37006
2020-11-26,23:00:00,20:47:00,123,Tunisia,11868282,92475,2262.0,3034,99.0,67453,2150.0,21988,290,7792,256.0,446820,37648
2020-11-27,23:00:00,20:59:00,123,Tunisia,11868620,92475,0.0,3034,0.0,67453,0.0,21988,290,7792,256.0,446820,37647
2020-11-28,23:00:00,20:46:00,123,Tunisia,11868957,94980,2505.0,3153,119.0,69226,1773.0,22601,299,8002,266.0,455104,38344
2020-11-29,23:00:00,20:51:00,123,Tunisia,11869295,96251,1271.0,3219,66.0,69624,398.0,23408,299,8109,271.0,458743,38650
2020-11-30,23:00:00,20:57:00,123,Tunisia,11869633,96769,518.0,3260,41.0,70851,1227.0,22658,295,8153,275.0,460624,38807
2020-12-01,23:00:00,20:55:00,123,Tunisia,11869970,96769,0.0,3260,0.0,70851,0.0,22658,295,8152,275.0,460624,38806
2020-12-02,23:00:00,20:58:00,123,Tunisia,11870308,98072,1303.0,3311,51.0,72473,1622.0,22288,287,8262,279.0,464985,39172
2020-12-03,23:00:00,20:59:00,123,Tunisia,11870646,99280,1208.0,3359,48.0,73607,1134.0,22314,310,8363,283.0,468749,39488
2020-12-04,23:00:00,20:57:00,123,Tunisia,11870983,100683,1403.0,3415,56.0,74513,906.0,22755,309,8481,288.0,473398,39879
2020-12-05,23:00:00,20:58:00,123,Tunisia,11871321,102991,2308.0,3526,111.0,76441,1928.0,23024,288,8676,297.0,481662,40574
2020-12-06,23:00:00,20:51:00,123,Tunisia,11871659,104002,1011.0,3561,35.0,76441,0.0,24000,298,8761,300.0,485097,40862
2020-12-07,23:00:00,20:57:00,123,Tunisia,11871996,104329,327.0,3596,35.0,77798,1357.0,22935,298,8788,303.0,486415,40972
2020-12-08,23:00:00,20:59:00,123,Tunisia,11872334,105445,1116.0,3668,72.0,80082,2284.0,21695,277,8882,309.0,490874,41346
2020-12-09,23:00:00,20:59:00,123,Tunisia,11872672,106856,1411.0,3717,49.0,81204,1122.0,21935,276,9000,313.0,495913,41769
2020-12-10,23:00:00,20:59:00,123,Tunisia,11873009,107814,958.0,3758,41.0,82193,989.0,21863,273,9081,317.0,499552,42075
2020-12-11,23:00:00,20:59:00,123,Tunisia,11873347,109104,1290.0,3801,43.0,83162,969.0,22141,280,9189,320.0,503966,42445
2020-12-12,23:00:00,20:58:00,123,Tunisia,11873685,110393,1289.0,3836,35.0,84218,1056.0,22339,276,9297,323.0,508861,42856
2020-12-13,23:00:00,20:59:00,123,Tunisia,11874022,111361,968.0,3894,58.0,84741,523.0,22726,280,9379,328.0,512738,43181
2020-12-14,23:35:00,21:34:00,123,Tunisia,11874360,111361,0.0,3894,0.0,84741,0.0,22726,280,9378,328.0,512738,43180
2020-12-15,23:00:00,20:59:00,123,Tunisia,11874698,113241,1880.0,3956,62.0,86801,2060.0,22484,287,9536,333.0,519845,43778
2020-12-16,23:00:00,20:58:00,123,Tunisia,11875036,114547,1306.0,3997,41.0,87884,1083.0,22666,283,9646,337.0,524553,44173
2020-12-17,23:00:00,20:56:00,123,Tunisia,11875373,114547,0.0,3997,0.0,87884,0.0,22666,283,9646,337.0,524553,44171
2020-12-18,23:00:00,20:57:00,123,Tunisia,11875711,115966,1419.0,4032,35.0,87884,0.0,24050,287,9765,340.0,529507,44587
2020-12-19,23:59:00,22:11:00,123,Tunisia,11876049,119151,3185.0,4126,94.0,87884,0.0,27141,287,10033,347.0,541456,45592
2020-12-20,23:00:00,20:54:00,123,Tunisia,11876386,120687,1536.0,4158,32.0,87884,0.0,28645,293,10162,350.0,546544,46019
2020-12-21,23:00:00,20:59:00,123,Tunisia,11876724,120687,0.0,4158,0.0,87884,0.0,28645,293,10162,350.0,546544,46018
2020-12-22,23:00:00,20:59:00,123,Tunisia,11877062,123323,2636.0,4237,79.0,95763,7879.0,23323,306,10383,357.0,557020,46899
2020-12-23,23:00:00,20:58:00,123,Tunisia,11877399,123323,0.0,4237,0.0,95763,0.0,23323,306,10383,357.0,557020,46897
