Date,Scrap_time,Update_time_GMT,Country_id,Country,Population,TotalCases,NewCases,TotalDeaths,NewDeaths,TotalRecovered,NewRecovered,ActiveCases,SeriousCritical,Tot_Cases_1Mpop,Deaths_1Mpop,TotalTests,Tests_1Mpop
2020-08-02,20:00:00,,18,Turkey,84415940,231869,,5710,,215516,,10643,586,2747,68.0,4845669,57402
2020-08-08,20:00:00,,18,Turkey,84430809,239622,7753.0,5829,119.0,222656,7140.0,11137,587,2838,69.0,5202370,61617
2020-08-12,20:00:00,,18,Turkey,84440722,243180,3558.0,5873,44.0,226155,3499.0,11152,617,2880,70.0,5387751,63805
2020-08-16,20:00:00,,18,Turkey,84450635,248117,4937.0,5955,82.0,229972,3817.0,12190,668,2938,71.0,5659286,67013
2020-08-17,20:00:00,,18,Turkey,84453113,249309,1192.0,5974,19.0,230969,997.0,12366,679,2952,71.0,5725242,67792
2020-08-18,20:00:00,,18,Turkey,84455591,251805,2496.0,6016,42.0,232913,1944.0,12876,703,2982,71.0,5882406,69651
2020-08-19,20:00:00,,18,Turkey,84458069,251805,0.0,6016,0.0,232913,0.0,12876,703,2981,71.0,5882406,69649
2020-08-20,17:53:00,,18,Turkey,84460548,253108,1303.0,6039,23.0,233915,1002.0,13154,719,2997,72.0,5969629,70679
2020-08-23,21:09:00,,18,Turkey,84467982,258249,5141.0,6121,82.0,237165,3250.0,14963,783,3057,72.0,6327466,74910
2020-08-24,17:10:00,,18,Turkey,84470460,258249,0.0,6121,0.0,237165,0.0,14963,783,3057,72.0,6327466,74907
2020-08-25,23:00:00,,18,Turkey,84472939,261194,2945.0,6163,42.0,238795,1630.0,16236,811,3092,73.0,6521640,77204
2020-08-26,22:59:00,,18,Turkey,84475417,262507,1313.0,6183,20.0,239797,1002.0,16527,841,3107,73.0,6621749,78387
2020-08-27,23:00:00,,18,Turkey,84477895,263998,1491.0,6209,26.0,240792,995.0,16997,862,3125,73.0,6727860,79640
2020-08-28,23:01:00,,18,Turkey,84480373,265515,1517.0,6245,36.0,241809,1017.0,17461,896,3143,74.0,6835674,80914
2020-08-29,12:29:00,,18,Turkey,84482851,265515,0.0,6245,0.0,241809,0.0,17461,896,3143,74.0,6835674,80912
2020-08-30,23:00:00,,18,Turkey,84485330,268546,3031.0,6326,81.0,243839,2030.0,18381,945,3179,75.0,7028390,83191
2020-08-31,18:58:00,,18,Turkey,84487808,268546,0.0,6326,0.0,243839,0.0,18381,945,3179,75.0,7028390,83188
2020-09-01,23:00:00,,18,Turkey,84490286,271705,3159.0,6417,91.0,245929,2090.0,19359,991,3216,76.0,7247935,85784
2020-09-02,23:01:00,,18,Turkey,84492764,273301,1596.0,6462,45.0,246876,947.0,19963,1017,3235,76.0,7355862,87059
2020-09-03,23:01:00,,18,Turkey,84495243,274943,1642.0,6511,49.0,248087,1211.0,20345,1041,3254,77.0,7466087,88361
2020-09-04,07:01:00,,18,Turkey,84497721,274943,0.0,6511,0.0,248087,0.0,20345,1041,3254,77.0,7466087,88358
2020-09-05,23:31:00,,18,Turkey,84500199,278228,3285.0,6620,109.0,250092,2005.0,21516,1091,3293,78.0,7682697,90919
2020-09-06,18:30:00,,18,Turkey,84502677,278228,0.0,6620,0.0,250092,0.0,21516,1091,3293,78.0,7682697,90917
2020-09-07,23:39:00,,18,Turkey,84505155,281509,3281.0,6730,110.0,252152,2060.0,22627,1118,3331,80.0,7883464,93290
2020-09-08,22:10:00,,18,Turkey,84507634,283270,1761.0,6782,52.0,253245,1093.0,23243,1159,3352,80.0,7994029,94595
2020-09-09,22:01:00,,18,Turkey,84510112,284943,1673.0,6837,55.0,254188,943.0,23918,1181,3372,81.0,8105222,95908
2020-09-10,22:01:00,,18,Turkey,84512590,286455,1512.0,6895,58.0,255407,1219.0,24153,1209,3389,82.0,8212924,97180
2020-09-11,22:00:00,,18,Turkey,84515068,288126,1671.0,6951,56.0,256524,1117.0,24651,1223,3409,82.0,8325137,98505
2020-09-12,22:22:00,,18,Turkey,84517546,289635,1509.0,6999,48.0,257731,1207.0,24905,1241,3427,83.0,8423463,99665
2020-09-13,22:01:00,,18,Turkey,84520025,291162,1527.0,7056,57.0,258833,1102.0,25273,1267,3445,83.0,8519560,100799
2020-09-14,22:04:00,,18,Turkey,84522503,292878,1716.0,7119,63.0,260058,1225.0,25701,1301,3465,84.0,8632123,102128
2020-09-15,21:00:00,,18,Turkey,84524981,294620,1742.0,7186,67.0,261260,1202.0,26174,1327,3486,85.0,8742535,103431
2020-09-16,21:01:00,,18,Turkey,84527459,296391,1771.0,7249,63.0,262602,1342.0,26540,1351,3506,86.0,8855180,104761
2020-09-18,20:01:00,,18,Turkey,84532416,299810,3419.0,7377,128.0,264805,2203.0,27628,1402,3547,87.0,9076278,107370
2020-09-19,21:00:00,,18,Turkey,84534894,301348,1538.0,7445,68.0,266117,1312.0,27786,1432,3565,88.0,9173694,108520
2020-09-20,22:31:00,,18,Turkey,84537372,302867,1519.0,7506,61.0,267233,1116.0,28128,1456,3583,89.0,9269015,109644
2020-09-21,21:01:00,,18,Turkey,84539850,304610,1743.0,7574,68.0,268435,1202.0,28601,1491,3603,90.0,9381957,110977
2020-09-22,21:01:00,,18,Turkey,84542328,306302,1692.0,7639,65.0,269696,1261.0,28967,1522,3623,90.0,9496268,112326
2020-09-23,19:58:00,,18,Turkey,84544807,308069,1767.0,7711,72.0,270723,1027.0,29635,1561,3644,91.0,9608370,113648
2020-09-24,21:00:00,,18,Turkey,84547285,309790,1721.0,7785,74.0,271964,1241.0,30041,1573,3664,92.0,9721687,114985
2020-09-25,21:00:00,,18,Turkey,84549763,311455,1665.0,7858,73.0,273282,1318.0,30315,1601,3684,93.0,9834572,116317
2020-09-26,21:00:00,,18,Turkey,84552241,312966,1511.0,7929,71.0,274514,1232.0,30523,1615,3701,94.0,9936581,117520
2020-09-27,22:45:00,,18,Turkey,84554719,314433,1467.0,7997,68.0,275630,1116.0,30806,1583,3719,95.0,10037700,118712
2020-09-28,22:00:00,,18,Turkey,84557198,315845,1412.0,8062,65.0,277052,1422.0,30731,1596,3735,95.0,10153223,120075
2020-09-29,21:35:00,,18,Turkey,84559676,317272,1427.0,8130,68.0,278504,1452.0,30638,1583,3752,96.0,10268163,121431
2020-09-30,22:00:00,,18,Turkey,84562154,318663,1391.0,8195,65.0,279749,1245.0,30719,1516,3768,97.0,10380261,122753
2020-10-01,21:31:00,,18,Turkey,84564632,320070,1407.0,8262,67.0,281151,1402.0,30657,1507,3785,98.0,10493807,124092
2020-10-02,22:36:00,,18,Turkey,84567110,321512,1442.0,8325,63.0,282657,1506.0,30530,1455,3802,98.0,10608664,125447
2020-10-03,22:24:00,,18,Turkey,84569589,323014,1502.0,8384,59.0,283868,1211.0,30762,1470,3820,99.0,10711883,126664
2020-10-04,21:01:00,,18,Turkey,84572067,324443,1429.0,8441,57.0,285050,1182.0,30952,1475,3836,100.0,10806285,127776
2020-10-05,22:13:00,,18,Turkey,84574545,326046,1603.0,8498,57.0,286370,1320.0,31178,1412,3855,100.0,10931917,129258
2020-10-06,23:01:00,,18,Turkey,84577023,327557,1511.0,8553,55.0,287599,1229.0,31405,1414,3873,101.0,11044338,130583
2020-10-07,23:01:00,,18,Turkey,84579501,329138,1581.0,8609,56.0,288954,1355.0,31575,1411,3891,102.0,11160946,131958
2020-10-08,23:59:00,,18,Turkey,84581980,330753,1615.0,8667,58.0,290352,1398.0,31734,1403,3910,102.0,11278047,133339
2020-10-09,23:00:00,,18,Turkey,84584458,332382,1629.0,8722,55.0,291754,1402.0,31906,1398,3930,103.0,11402342,134804
2020-10-10,23:00:00,,18,Turkey,84586936,334031,1649.0,8778,56.0,293145,1391.0,32108,1414,3949,104.0,11506414,136031
2020-10-12,23:10:00,,18,Turkey,84591892,337147,3116.0,8895,117.0,295658,2513.0,32594,1417,3986,105.0,11731350,138682
2020-10-13,23:01:00,,18,Turkey,84594371,338779,1632.0,8957,62.0,296972,1314.0,32850,1416,4005,106.0,11846342,140037
2020-10-14,23:01:00,,18,Turkey,84596849,340450,1671.0,9014,57.0,298368,1396.0,33068,1418,4024,107.0,11961670,141396
2020-10-15,14:09:00,11:06:00,18,Turkey,84599327,340450,0.0,9014,0.0,298368,0.0,33068,1418,4024,107.0,11961670,141392
2020-10-16,22:08:00,19:06:00,18,Turkey,84601805,343955,3505.0,9153,139.0,301098,2730.0,33704,1445,4066,108.0,12194778,144143
2020-10-17,23:01:00,19:58:00,18,Turkey,84604283,345678,1723.0,9224,71.0,302499,1401.0,33955,1428,4086,109.0,12306909,145464
2020-10-18,22:05:00,19:03:00,18,Turkey,84606762,347493,1815.0,9296,72.0,304003,1504.0,34194,1427,4107,110.0,12408312,146659
2020-10-19,22:05:00,18:59:00,18,Turkey,84609240,349451,1958.0,9371,75.0,305427,1424.0,34653,1447,4130,111.0,12524561,148028
2020-10-20,22:05:00,19:04:00,18,Turkey,84611718,351413,1962.0,9445,74.0,306939,1512.0,35029,1545,4153,112.0,12641126,149402
2020-10-21,22:05:00,19:03:00,18,Turkey,84614196,353426,2013.0,9513,68.0,308446,1507.0,35467,1504,4177,112.0,12759069,150791
2020-10-22,22:05:00,19:04:00,18,Turkey,84616674,355528,2102.0,9584,71.0,310027,1581.0,35917,1599,4202,113.0,12876267,152172
2020-10-23,22:05:00,19:02:00,18,Turkey,84619153,357693,2165.0,9658,74.0,311520,1493.0,36515,1648,4227,114.0,12992246,153538
2020-10-24,23:41:00,20:40:00,18,Turkey,84621631,359784,2091.0,9727,69.0,313093,1573.0,36964,1699,4252,115.0,13105673,154874
2020-10-25,23:00:00,20:58:00,18,Turkey,84624109,361801,2017.0,9799,72.0,314390,1297.0,37612,1744,4275,116.0,13217888,156195
2020-10-26,23:00:00,20:56:00,18,Turkey,84626587,363999,2198.0,9874,75.0,316008,1618.0,38117,1780,4301,117.0,13350801,157761
2020-10-27,23:00:00,20:58:00,18,Turkey,84629065,366208,2209.0,9950,76.0,317519,1511.0,38739,1827,4327,118.0,13478452,159265
2020-10-28,23:00:00,20:58:00,18,Turkey,84631544,368513,2305.0,10027,77.0,319181,1662.0,39305,1836,4354,118.0,13606764,160777
2020-10-29,23:00:00,20:57:00,18,Turkey,84634022,370832,2319.0,10099,72.0,320762,1581.0,39971,1916,4382,119.0,13741180,162360
2020-10-30,23:00:00,20:58:00,18,Turkey,84636500,373154,2322.0,10177,78.0,322465,1703.0,40512,1966,4409,120.0,13877705,163968
2020-10-31,23:00:00,20:59:00,18,Turkey,84638978,375367,2213.0,10252,75.0,323971,1506.0,41144,2075,4435,121.0,14001814,165430
2020-11-01,23:00:00,20:59:00,18,Turkey,84641457,377473,2106.0,10326,74.0,325486,1515.0,41661,2177,4460,122.0,14125157,166882
2020-11-02,23:00:00,20:57:00,18,Turkey,84643935,379775,2302.0,10402,76.0,327007,1521.0,42366,2341,4487,123.0,14264260,168521
2020-11-03,23:00:00,20:59:00,18,Turkey,84646413,382118,2343.0,10481,79.0,328824,1817.0,42813,2386,4514,124.0,14410507,170244
2020-11-04,23:00:00,20:57:00,18,Turkey,84648891,384509,2391.0,10558,77.0,330665,1841.0,43286,2464,4542,125.0,14554923,171945
2020-11-05,23:00:00,20:59:00,18,Turkey,84651369,386820,2311.0,10639,81.0,332379,1714.0,43802,2564,4570,126.0,14700951,173665
2020-11-06,23:00:00,20:58:00,18,Turkey,84653848,389256,2436.0,10722,83.0,334293,1914.0,44241,2654,4598,127.0,14846192,175375
2020-11-07,23:00:00,20:57:00,18,Turkey,84656326,391739,2483.0,10803,81.0,336221,1928.0,44715,2730,4627,128.0,14985867,177020
2020-11-08,23:00:00,20:49:00,18,Turkey,84658804,394255,2516.0,10887,84.0,338239,2018.0,45129,2740,4657,129.0,15127811,178692
2020-11-09,23:00:00,20:59:00,18,Turkey,84661282,396831,2576.0,10972,85.0,340286,2047.0,45573,2867,4687,130.0,15273222,180404
2020-11-10,23:00:00,20:59:00,18,Turkey,84663760,399360,2529.0,11059,87.0,342501,2215.0,45800,3001,4717,131.0,15419420,182125
2020-11-11,23:00:00,20:56:00,18,Turkey,84666239,402053,2693.0,11145,86.0,344613,2112.0,46295,3095,4749,132.0,15565409,183844
2020-11-12,23:00:00,20:59:00,18,Turkey,84668717,404894,2841.0,11233,88.0,346794,2181.0,46867,3230,4782,133.0,15713891,185593
2020-11-13,23:00:00,20:58:00,18,Turkey,84671195,407939,3045.0,11326,93.0,348804,2010.0,47809,3356,4818,134.0,15863833,187358
2020-11-14,23:00:00,20:57:00,18,Turkey,84673673,411055,3116.0,11418,92.0,351102,2298.0,48535,3423,4855,135.0,16013974,189126
2020-11-15,23:00:00,20:53:00,18,Turkey,84676151,414278,3223.0,11507,89.0,353663,2561.0,49108,3439,4892,136.0,16156470,190803
2020-11-16,23:00:00,20:59:00,18,Turkey,84678630,417594,3316.0,11601,94.0,356375,2712.0,49618,3610,4932,137.0,16307986,192587
2020-11-17,23:00:00,20:58:00,18,Turkey,84681108,421413,3819.0,11704,103.0,359063,2688.0,50646,3657,4976,138.0,16464678,194432
2020-11-18,23:00:00,20:57:00,18,Turkey,84683586,425628,4215.0,11820,116.0,361655,2592.0,52153,3742,5026,140.0,16623489,196301
2020-11-19,23:00:00,20:59:00,18,Turkey,84686064,430170,4542.0,11943,123.0,364573,2918.0,53654,3850,5080,141.0,16781245,198158
2020-11-20,23:00:00,20:59:00,18,Turkey,84688542,435273,5103.0,12084,141.0,367592,3019.0,55597,3990,5140,143.0,16937887,200002
2020-11-21,23:00:00,20:58:00,18,Turkey,84691021,440805,5532.0,12219,135.0,370825,3233.0,57761,4121,5205,144.0,17090101,201794
2020-11-22,23:00:00,20:59:00,18,Turkey,84693499,446822,6017.0,12358,139.0,374637,3812.0,59827,4217,5276,146.0,17245617,203624
2020-11-23,23:00:00,20:58:00,18,Turkey,84695977,453535,6713.0,12511,153.0,377891,3254.0,63133,4409,5355,148.0,17406742,205520
2020-11-24,23:00:00,20:57:00,18,Turkey,84698455,460916,7381.0,12672,161.0,381569,3678.0,66675,4543,5442,150.0,17568973,207430
2020-11-25,23:00:00,20:58:00,18,Turkey,84700933,467730,6814.0,12840,168.0,385480,3911.0,69410,4641,5522,152.0,17733520,209366
2020-11-26,23:00:00,20:47:00,18,Turkey,84703412,503738,36008.0,13014,174.0,388771,3291.0,101953,4711,5947,154.0,17901868,211348
2020-11-27,23:00:00,20:59:00,18,Turkey,84705890,548244,44506.0,13191,177.0,392616,3845.0,142437,4816,6472,156.0,18072981,213362
2020-11-28,23:00:00,20:46:00,18,Turkey,84708368,578347,30103.0,13373,182.0,396227,3611.0,168747,4903,6828,158.0,18247424,215415
2020-11-29,23:00:00,20:51:00,18,Turkey,84710846,607628,29281.0,13558,185.0,400242,4015.0,193828,5011,7173,160.0,18415636,217394
2020-11-30,23:00:00,20:57:00,18,Turkey,84713324,638847,31219.0,13746,188.0,404727,4485.0,220374,5190,7541,162.0,18592292,219473
2020-12-01,23:00:00,20:55:00,18,Turkey,84715803,668957,30110.0,13936,190.0,409320,4593.0,245701,5303,7896,165.0,18772604,221595
2020-12-02,23:00:00,20:58:00,18,Turkey,84718281,700880,31923.0,14129,193.0,414141,4821.0,272610,5502,8273,167.0,18956228,223756
2020-12-03,23:00:00,20:59:00,18,Turkey,84720759,733261,32381.0,14316,187.0,418331,4190.0,300614,5611,8655,169.0,19143746,225963
2020-12-04,23:00:00,20:57:00,18,Turkey,84723237,765997,32736.0,14509,193.0,423142,4811.0,328346,5703,9041,171.0,19338181,228251
2020-12-05,23:00:00,20:58:00,18,Turkey,84725715,797893,31896.0,14705,196.0,427242,4100.0,355946,5800,9417,174.0,19517084,230356
2020-12-06,23:00:00,20:51:00,18,Turkey,84728194,828295,30402.0,14900,195.0,431253,4011.0,382142,5805,9776,176.0,19691845,232412
2020-12-07,23:00:00,20:57:00,18,Turkey,84730672,860432,32137.0,15103,203.0,436270,5017.0,409059,5836,10155,178.0,19888747,234729
2020-12-08,23:00:00,20:59:00,18,Turkey,84733150,893630,33198.0,15314,211.0,441515,5245.0,436801,5882,10546,181.0,20089966,237097
2020-12-09,23:00:00,20:59:00,18,Turkey,84735628,925342,31712.0,15531,217.0,447361,5846.0,462450,5901,10920,183.0,20294377,239502
2020-12-10,23:00:00,20:59:00,18,Turkey,84738106,1748567,823225.0,15751,220.0,1154333,706972.0,578483,5943,20635,186.0,20500579,241929
2020-12-11,23:00:00,20:59:00,18,Turkey,84740585,1780673,32106.0,15977,226.0,1154333,0.0,610363,5952,21013,189.0,20709452,244386
2020-12-12,23:00:00,20:58:00,18,Turkey,84743063,1809809,29136.0,16199,222.0,1581565,427232.0,212045,5961,21356,191.0,20898517,246610
2020-12-13,23:00:00,20:59:00,18,Turkey,84745541,1836728,26919.0,16417,218.0,1603780,22215.0,216531,5973,21673,194.0,21079716,248741
2020-12-14,23:35:00,21:34:00,18,Turkey,84748019,1866345,29617.0,16646,229.0,1631944,28164.0,217755,5980,22022,196.0,21284005,251145
2020-12-15,23:00:00,20:59:00,18,Turkey,84750497,1898447,32102.0,16881,235.0,1661191,29247.0,220375,5988,22400,199.0,21490195,253570
2020-12-16,23:00:00,20:58:00,18,Turkey,84752976,1928165,29718.0,17121,240.0,1691113,29922.0,219931,5960,22750,202.0,21695592,255986
2020-12-17,23:00:00,20:56:00,18,Turkey,84755454,1955680,27515.0,17364,243.0,1721607,30494.0,216709,5803,23074,205.0,21901694,258410
2020-12-18,23:00:00,20:57:00,18,Turkey,84757932,1982090,26410.0,17610,246.0,1753552,31945.0,210928,5707,23385,208.0,22107503,260831
2020-12-19,23:59:00,22:11:00,18,Turkey,84760410,2004285,22195.0,17851,241.0,1779068,25516.0,207366,5501,23646,211.0,22280635,262866
2020-12-20,23:00:00,20:54:00,18,Turkey,84762888,2024601,20316.0,18097,246.0,1800286,21218.0,206218,5347,23885,214.0,22439527,264733
2020-12-21,23:00:00,20:59:00,18,Turkey,84765367,2043704,19103.0,18351,254.0,1834705,34419.0,190648,5192,24110,216.0,22635637,267039
2020-12-22,23:00:00,20:59:00,18,Turkey,84767845,2062960,19256.0,18602,251.0,1866815,32110.0,177543,5008,24337,219.0,22827953,269300
2020-12-23,23:00:00,20:58:00,18,Turkey,84770323,2082610,19650.0,18861,259.0,1901307,34492.0,162442,4901,24568,222.0,23030162,271677
2020-12-24,23:00:00,20:55:00,18,Turkey,84772801,2100712,18102.0,19115,254.0,1935292,33985.0,146305,4805,24780,225.0,23225837,273977
2020-12-25,23:00:00,20:59:00,18,Turkey,84775279,2118255,17543.0,19371,256.0,1970803,35511.0,128081,4702,24987,228.0,23426941,276342
2020-12-26,23:00:00,20:59:00,18,Turkey,84777758,2133373,15118.0,19624,253.0,1994034,23231.0,119715,4501,25164,231.0,23605813,278443
2020-12-27,23:00:00,20:56:00,18,Turkey,84780236,2147578,14205.0,19878,254.0,2015230,21196.0,112470,4309,25331,234.0,23777926,280465
2020-12-28,23:00:00,20:58:00,18,Turkey,84782714,2162775,15197.0,20135,257.0,2037433,22203.0,105207,4251,25510,237.0,23958818,282591
2020-12-29,23:00:00,20:54:00,18,Turkey,84785192,2178580,15805.0,20388,253.0,2058437,21004.0,99755,4191,25695,240.0,24141935,284742
2020-12-30,23:00:00,20:54:00,18,Turkey,84787671,2194272,15692.0,20642,254.0,2078629,20192.0,95001,4098,25880,243.0,24326350,286909
2020-12-31,23:00:00,20:44:00,18,Turkey,84790149,2208652,14380.0,20881,239.0,2100650,22021.0,87121,3918,26048,246.0,24504567,289003
2021-01-01,23:00:00,20:54:00,18,Turkey,84792627,2220855,12203.0,21093,212.0,2114760,14110.0,85002,3891,26192,249.0,24662670,290859
2021-01-02,23:00:00,20:56:00,18,Turkey,84795105,2232035,11180.0,21295,202.0,2126432,11672.0,84308,3764,26323,251.0,24811888,292610
