Date,Scrap_time,Update_time_GMT,Country_id,Country,Population,TotalCases,NewCases,TotalDeaths,NewDeaths,TotalRecovered,NewRecovered,ActiveCases,SeriousCritical,Tot_Cases_1Mpop,Deaths_1Mpop,TotalTests,Tests_1Mpop
2020-08-02,20:00:00,,172,Turks and Caicos,38761,114,,2,,38,,74,3,2941,52.0,1216,31372
2020-08-08,20:00:00,,172,Turks and Caicos,38769,170,56.0,2,0.0,39,1.0,129,3,4385,52.0,1342,34615
2020-08-12,20:00:00,,172,Turks and Caicos,38775,224,54.0,2,0.0,39,0.0,183,3,5777,52.0,1520,39201
2020-08-16,20:00:00,,172,Turks and Caicos,38781,298,74.0,2,0.0,55,16.0,241,3,7684,52.0,1840,47446
2020-08-17,20:00:00,,172,Turks and Caicos,38782,298,0.0,2,0.0,55,0.0,241,3,7684,52.0,1840,47445
2020-08-18,20:00:00,,172,Turks and Caicos,38784,298,0.0,2,0.0,55,0.0,241,3,7684,52.0,1841,47468
2020-08-19,20:00:00,,172,Turks and Caicos,38785,315,17.0,2,0.0,56,1.0,257,3,8122,52.0,1892,48782
2020-08-20,17:53:00,,172,Turks and Caicos,38786,327,12.0,2,0.0,56,0.0,269,3,8431,52.0,1940,50018
2020-08-23,21:09:00,,172,Turks and Caicos,38791,383,56.0,2,0.0,102,46.0,279,3,9873,52.0,2083,53698
2020-08-24,17:10:00,,172,Turks and Caicos,38792,383,0.0,2,0.0,102,0.0,279,3,9873,52.0,2083,53697
2020-08-25,23:00:00,,172,Turks and Caicos,38794,383,0.0,2,0.0,102,0.0,279,3,9873,52.0,2083,53694
2020-08-26,22:59:00,,172,Turks and Caicos,38795,431,48.0,2,0.0,102,0.0,327,3,11110,52.0,2160,55677
2020-08-27,23:00:00,,172,Turks and Caicos,38796,464,33.0,3,1.0,102,0.0,359,3,11960,77.0,2234,57583
2020-08-28,23:01:00,,172,Turks and Caicos,38798,482,18.0,3,0.0,102,0.0,377,3,12423,77.0,2278,58714
2020-08-29,12:29:00,,172,Turks and Caicos,38799,490,8.0,3,0.0,148,46.0,339,3,12629,77.0,2367,61007
2020-08-30,23:00:00,,172,Turks and Caicos,38801,490,0.0,3,0.0,148,0.0,339,3,12629,77.0,2367,61004
2020-08-31,18:58:00,,172,Turks and Caicos,38802,507,17.0,3,0.0,200,52.0,304,3,13066,77.0,2429,62600
2020-09-01,23:00:00,,172,Turks and Caicos,38804,508,1.0,4,1.0,200,0.0,304,3,13091,103.0,2430,62622
2020-09-02,23:01:00,,172,Turks and Caicos,38805,538,30.0,4,0.0,218,18.0,316,3,13864,103.0,2495,64296
2020-09-03,23:01:00,,172,Turks and Caicos,38806,555,17.0,4,0.0,220,2.0,331,2,14302,103.0,2557,65892
2020-09-04,07:01:00,,172,Turks and Caicos,38808,577,22.0,5,1.0,220,0.0,352,2,14868,129.0,2601,67022
2020-09-05,23:31:00,,172,Turks and Caicos,38809,591,14.0,5,0.0,221,1.0,365,2,15228,129.0,2650,68283
2020-09-06,18:30:00,,172,Turks and Caicos,38811,598,7.0,5,0.0,264,43.0,329,2,15408,129.0,2682,69104
2020-09-07,23:39:00,,172,Turks and Caicos,38812,598,0.0,5,0.0,264,0.0,329,2,15408,129.0,2682,69102
2020-09-08,22:10:00,,172,Turks and Caicos,38814,599,1.0,5,0.0,264,0.0,330,2,15433,129.0,2688,69253
2020-09-10,22:01:00,,172,Turks and Caicos,38816,628,29.0,5,0.0,266,2.0,357,4,16179,129.0,2803,72212
2020-09-11,22:00:00,,172,Turks and Caicos,38818,638,10.0,5,0.0,270,4.0,363,4,16436,129.0,2850,73420
2020-09-12,22:22:00,,172,Turks and Caicos,38819,641,3.0,5,0.0,270,0.0,366,4,16513,129.0,2880,74190
2020-09-13,22:01:00,,172,Turks and Caicos,38821,644,3.0,5,0.0,276,6.0,363,3,16589,129.0,2894,74547
2020-09-14,22:04:00,,172,Turks and Caicos,38822,646,2.0,5,0.0,532,256.0,109,3,16640,129.0,2907,74880
2020-09-15,21:00:00,,172,Turks and Caicos,38824,648,2.0,5,0.0,532,0.0,111,3,16691,129.0,2913,75031
2020-09-16,21:01:00,,172,Turks and Caicos,38825,650,2.0,5,0.0,557,25.0,88,3,16742,129.0,2924,75312
2020-09-18,20:01:00,,172,Turks and Caicos,38828,663,13.0,5,0.0,565,8.0,93,3,17075,129.0,2990,77006
2020-09-19,21:00:00,,172,Turks and Caicos,38829,667,4.0,5,0.0,567,2.0,95,3,17178,129.0,3009,77494
2020-09-20,22:31:00,,172,Turks and Caicos,38831,668,1.0,5,0.0,572,5.0,91,3,17203,129.0,3016,77670
2020-09-21,21:01:00,,172,Turks and Caicos,38832,668,0.0,5,0.0,572,0.0,91,3,17202,129.0,3016,77668
2020-09-22,21:01:00,,172,Turks and Caicos,38834,668,0.0,5,0.0,572,0.0,91,3,17201,129.0,3016,77664
2020-09-23,19:58:00,,172,Turks and Caicos,38835,672,4.0,5,0.0,581,9.0,86,3,17304,129.0,3033,78100
2020-09-24,21:00:00,,172,Turks and Caicos,38837,676,4.0,5,0.0,588,7.0,83,3,17406,129.0,3066,78945
2020-09-25,21:00:00,,172,Turks and Caicos,38838,679,3.0,5,0.0,602,14.0,72,3,17483,129.0,3079,79278
2020-09-26,21:00:00,,172,Turks and Caicos,38839,680,1.0,5,0.0,617,15.0,58,3,17508,129.0,3081,79327
2020-09-27,22:45:00,,172,Turks and Caicos,38841,681,1.0,5,0.0,620,3.0,56,4,17533,129.0,3089,79529
2020-09-28,22:00:00,,172,Turks and Caicos,38842,682,1.0,5,0.0,620,0.0,57,4,17558,129.0,3097,79733
2020-09-29,21:35:00,,172,Turks and Caicos,38844,682,0.0,5,0.0,631,11.0,46,4,17557,129.0,3152,81145
2020-09-30,22:00:00,,172,Turks and Caicos,38845,686,4.0,6,1.0,642,11.0,38,4,17660,154.0,3248,83614
2020-10-01,21:31:00,,172,Turks and Caicos,38847,689,3.0,6,0.0,645,3.0,38,4,17736,154.0,3316,85361
2020-10-02,22:36:00,,172,Turks and Caicos,38848,690,1.0,6,0.0,648,3.0,36,4,17762,154.0,3378,86954
2020-10-03,22:24:00,,172,Turks and Caicos,38849,695,5.0,6,0.0,651,3.0,38,4,17890,154.0,3464,89166
2020-10-04,21:01:00,,172,Turks and Caicos,38851,695,0.0,6,0.0,651,0.0,38,4,17889,154.0,3464,89161
2020-10-05,22:13:00,,172,Turks and Caicos,38852,695,0.0,6,0.0,656,5.0,33,4,17888,154.0,3464,89159
2020-10-06,23:01:00,,172,Turks and Caicos,38854,695,0.0,6,0.0,656,0.0,33,4,17887,154.0,3504,90184
2020-10-07,23:01:00,,172,Turks and Caicos,38855,695,0.0,6,0.0,656,0.0,33,4,17887,154.0,3504,90181
2020-10-08,23:59:00,,172,Turks and Caicos,38857,695,0.0,6,0.0,656,0.0,33,4,17886,154.0,3504,90177
2020-10-09,23:00:00,,172,Turks and Caicos,38858,695,0.0,6,0.0,671,15.0,18,4,17886,154.0,3593,92465
2020-10-10,23:00:00,,172,Turks and Caicos,38859,695,0.0,6,0.0,672,1.0,17,4,17885,154.0,3640,93672
2020-10-12,23:10:00,,172,Turks and Caicos,38862,696,1.0,6,0.0,672,0.0,18,1,17910,154.0,3671,94462
2020-10-13,23:01:00,,172,Turks and Caicos,38864,696,0.0,6,0.0,672,0.0,18,1,17909,154.0,3671,94458
2020-10-14,23:01:00,,172,Turks and Caicos,38865,696,0.0,6,0.0,673,1.0,17,1,17908,154.0,3673,94507
2020-10-15,14:09:00,11:06:00,172,Turks and Caicos,38867,696,0.0,6,0.0,673,0.0,17,1,17907,154.0,3673,94502
2020-10-16,22:08:00,19:06:00,172,Turks and Caicos,38868,696,0.0,6,0.0,673,0.0,17,1,17907,154.0,3770,96995
2020-10-17,23:01:00,19:58:00,172,Turks and Caicos,38869,697,1.0,6,0.0,674,1.0,17,1,17932,154.0,3770,96992
2020-10-18,22:05:00,19:03:00,172,Turks and Caicos,38871,698,1.0,6,0.0,673,,19,1,17957,154.0,3821,98300
2020-10-19,22:05:00,18:59:00,172,Turks and Caicos,38872,698,0.0,6,0.0,684,11.0,8,1,17956,154.0,3829,98503
2020-10-20,22:05:00,19:04:00,172,Turks and Caicos,38874,698,0.0,6,0.0,689,5.0,3,1,17955,154.0,3829,98498
2020-10-21,22:05:00,19:03:00,172,Turks and Caicos,38875,698,0.0,6,0.0,689,0.0,3,1,17955,154.0,3829,98495
2020-10-22,22:05:00,19:04:00,172,Turks and Caicos,38877,698,0.0,6,0.0,689,0.0,3,1,17954,154.0,3922,100882
2020-10-23,22:05:00,19:02:00,172,Turks and Caicos,38878,698,0.0,6,0.0,689,0.0,3,1,17954,154.0,3922,100880
2020-10-24,23:41:00,20:40:00,172,Turks and Caicos,38879,699,1.0,6,0.0,689,0.0,4,1,17979,154.0,4099,105430
2020-10-25,23:00:00,20:58:00,172,Turks and Caicos,38881,701,2.0,6,0.0,689,0.0,6,1,18029,154.0,4194,107868
2020-10-26,23:00:00,20:56:00,172,Turks and Caicos,38882,701,0.0,6,0.0,689,0.0,6,1,18029,154.0,4194,107865
2020-10-27,23:00:00,20:58:00,172,Turks and Caicos,38884,701,0.0,6,0.0,689,0.0,6,1,18028,154.0,4194,107859
2020-10-28,23:00:00,20:58:00,172,Turks and Caicos,38885,703,2.0,6,0.0,689,0.0,8,1,18079,154.0,4261,109580
2020-10-29,23:00:00,20:57:00,172,Turks and Caicos,38887,703,0.0,6,0.0,689,0.0,8,1,18078,154.0,4261,109574
2020-10-30,23:00:00,20:58:00,172,Turks and Caicos,38888,703,0.0,6,0.0,689,0.0,8,1,18078,154.0,4261,109571
2020-10-31,23:00:00,20:59:00,172,Turks and Caicos,38889,703,0.0,6,0.0,689,0.0,8,1,18077,154.0,4261,109568
2020-11-01,23:00:00,20:59:00,172,Turks and Caicos,38891,704,1.0,6,0.0,689,0.0,9,1,18102,154.0,4675,120208
2020-11-02,23:00:00,20:57:00,172,Turks and Caicos,38892,704,0.0,6,0.0,689,0.0,9,1,18101,154.0,4675,120205
2020-11-03,23:00:00,20:59:00,172,Turks and Caicos,38894,704,0.0,6,0.0,689,0.0,9,1,18100,154.0,4675,120198
2020-11-04,23:00:00,20:57:00,172,Turks and Caicos,38895,704,0.0,6,0.0,689,0.0,9,1,18100,154.0,4675,120195
2020-11-05,23:00:00,20:59:00,172,Turks and Caicos,38897,705,1.0,6,0.0,691,2.0,8,1,18125,154.0,4846,124585
2020-11-06,23:00:00,20:58:00,172,Turks and Caicos,38898,705,0.0,6,0.0,691,0.0,8,1,18124,154.0,4846,124582
2020-11-07,23:00:00,20:57:00,172,Turks and Caicos,38899,707,2.0,6,0.0,691,0.0,10,1,18175,154.0,5032,129361
2020-11-08,23:00:00,20:49:00,172,Turks and Caicos,38901,707,0.0,6,0.0,691,0.0,10,1,18174,154.0,5032,129354
2020-11-09,23:00:00,20:59:00,172,Turks and Caicos,38902,707,0.0,6,0.0,691,0.0,10,1,18174,154.0,5032,129351
2020-11-10,23:00:00,20:59:00,172,Turks and Caicos,38904,707,0.0,6,0.0,695,4.0,6,1,18173,154.0,5230,134433
2020-11-11,23:00:00,20:56:00,172,Turks and Caicos,38905,711,4.0,6,0.0,695,0.0,10,1,18275,154.0,5303,136306
2020-11-12,23:00:00,20:59:00,172,Turks and Caicos,38907,716,5.0,6,0.0,695,0.0,15,1,18403,154.0,5410,139050
2020-11-13,23:00:00,20:58:00,172,Turks and Caicos,38908,716,0.0,6,0.0,695,0.0,15,1,18402,154.0,5410,139046
2020-11-14,23:00:00,20:57:00,172,Turks and Caicos,38910,716,0.0,6,0.0,695,0.0,15,1,18401,154.0,5639,144924
2020-11-15,23:00:00,20:53:00,172,Turks and Caicos,38911,720,4.0,6,0.0,695,0.0,19,1,18504,154.0,5808,149264
2020-11-16,23:00:00,20:59:00,172,Turks and Caicos,38912,720,0.0,6,0.0,695,0.0,19,1,18503,154.0,5808,149260
2020-11-17,23:00:00,20:58:00,172,Turks and Caicos,38914,720,0.0,6,0.0,695,0.0,19,1,18502,154.0,5808,149252
2020-11-18,23:00:00,20:57:00,172,Turks and Caicos,38915,720,0.0,6,0.0,695,0.0,19,1,18502,154.0,5808,149248
2020-11-19,23:00:00,20:59:00,172,Turks and Caicos,38917,721,1.0,6,0.0,698,3.0,17,1,18527,154.0,6008,154380
2020-11-20,23:00:00,20:59:00,172,Turks and Caicos,38918,726,5.0,6,0.0,698,0.0,22,1,18655,154.0,6093,156560
2020-11-21,23:00:00,20:58:00,172,Turks and Caicos,38920,740,14.0,6,0.0,700,2.0,34,1,19013,154.0,6144,157862
2020-11-22,23:00:00,20:59:00,172,Turks and Caicos,38921,746,6.0,6,0.0,700,0.0,40,1,19167,154.0,6244,160428
2020-11-23,23:00:00,20:58:00,172,Turks and Caicos,38922,746,0.0,6,0.0,700,0.0,40,1,19167,154.0,6244,160423
2020-11-24,23:00:00,20:57:00,172,Turks and Caicos,38924,746,0.0,6,0.0,700,0.0,40,1,19166,154.0,6244,160415
2020-11-25,23:00:00,20:58:00,172,Turks and Caicos,38925,746,0.0,6,0.0,700,0.0,40,1,19165,154.0,6244,160411
2020-11-26,23:00:00,20:47:00,172,Turks and Caicos,38927,746,0.0,6,0.0,700,0.0,40,1,19164,154.0,6244,160403
2020-11-27,23:00:00,20:59:00,172,Turks and Caicos,38928,746,0.0,6,0.0,700,0.0,40,1,19164,154.0,6244,160399
2020-11-28,23:00:00,20:46:00,172,Turks and Caicos,38930,748,2.0,6,0.0,705,5.0,37,1,19214,154.0,8274,212535
2020-11-29,23:00:00,20:51:00,172,Turks and Caicos,38931,748,0.0,6,0.0,706,1.0,36,1,19213,154.0,8280,212684
2020-11-30,23:00:00,20:57:00,172,Turks and Caicos,38932,748,0.0,6,0.0,706,0.0,36,1,19213,154.0,8280,212679
2020-12-01,23:00:00,20:55:00,172,Turks and Caicos,38934,748,0.0,6,0.0,717,11.0,25,1,19212,154.0,8650,222171
2020-12-02,23:00:00,20:58:00,172,Turks and Caicos,38935,750,2.0,6,0.0,720,3.0,24,1,19263,154.0,8770,225247
2020-12-03,23:00:00,20:59:00,172,Turks and Caicos,38937,751,1.0,6,0.0,733,13.0,12,1,19288,154.0,8958,230064
2020-12-04,23:00:00,20:57:00,172,Turks and Caicos,38938,751,0.0,6,0.0,733,0.0,12,1,19287,154.0,8958,230058
2020-12-05,23:00:00,20:58:00,172,Turks and Caicos,38940,755,4.0,6,0.0,738,5.0,11,1,19389,154.0,9247,237468
2020-12-06,23:00:00,20:51:00,172,Turks and Caicos,38941,756,1.0,6,0.0,740,2.0,10,1,19414,154.0,9247,237462
2020-12-07,23:00:00,20:57:00,172,Turks and Caicos,38942,756,0.0,6,0.0,740,0.0,10,1,19413,154.0,9247,237456
2020-12-08,23:00:00,20:59:00,172,Turks and Caicos,38944,756,0.0,6,0.0,740,0.0,10,1,19412,154.0,9247,237444
2020-12-09,23:00:00,20:59:00,172,Turks and Caicos,38945,761,5.0,6,0.0,740,0.0,15,1,19540,154.0,9877,253614
2020-12-10,23:00:00,20:59:00,172,Turks and Caicos,38947,768,7.0,6,0.0,740,0.0,22,1,19719,154.0,10171,261150
2020-12-11,23:00:00,20:59:00,172,Turks and Caicos,38948,768,0.0,6,0.0,740,0.0,22,1,19719,154.0,10171,261143
2020-12-12,23:00:00,20:58:00,172,Turks and Caicos,38950,769,1.0,6,0.0,741,1.0,22,1,19743,154.0,10461,268575
2020-12-13,23:00:00,20:59:00,172,Turks and Caicos,38951,769,0.0,6,0.0,741,0.0,22,1,19743,154.0,10461,268568
2020-12-14,23:35:00,21:34:00,172,Turks and Caicos,38952,769,0.0,6,0.0,741,0.0,22,1,19742,154.0,10461,268561
2020-12-15,23:00:00,20:59:00,172,Turks and Caicos,38954,769,0.0,6,0.0,741,0.0,22,1,19741,154.0,10461,268548
2020-12-16,23:00:00,20:58:00,172,Turks and Caicos,38955,771,2.0,6,0.0,741,0.0,24,1,19792,154.0,10719,275164
2020-12-17,23:00:00,20:56:00,172,Turks and Caicos,38957,772,1.0,6,0.0,741,0.0,25,1,19817,154.0,10831,278024
2020-12-18,23:00:00,20:57:00,172,Turks and Caicos,38958,772,0.0,6,0.0,741,0.0,25,1,19816,154.0,10831,278017
2020-12-19,23:59:00,22:11:00,172,Turks and Caicos,38960,789,17.0,6,0.0,755,14.0,28,1,20252,154.0,10953,281134
2020-12-20,23:00:00,20:54:00,172,Turks and Caicos,38961,798,9.0,6,0.0,759,4.0,33,1,20482,154.0,11061,283899
2020-12-21,23:00:00,20:59:00,172,Turks and Caicos,38962,798,0.0,6,0.0,759,0.0,33,1,20481,154.0,11061,283892
2020-12-22,23:00:00,20:59:00,172,Turks and Caicos,38964,798,0.0,6,0.0,759,0.0,33,1,20480,154.0,11061,283877
2020-12-23,23:00:00,20:58:00,172,Turks and Caicos,38965,807,9.0,6,0.0,761,2.0,40,1,20711,154.0,11193,287258
2020-12-24,23:00:00,20:55:00,172,Turks and Caicos,38967,810,3.0,6,0.0,761,0.0,43,1,20787,154.0,11291,289758
2020-12-25,23:00:00,20:59:00,172,Turks and Caicos,38968,829,19.0,6,0.0,761,0.0,62,1,21274,154.0,11402,292599
2020-12-26,23:00:00,20:59:00,172,Turks and Caicos,38970,844,15.0,6,0.0,761,0.0,77,2,21658,154.0,11517,295535
2020-12-27,23:00:00,20:56:00,172,Turks and Caicos,38971,844,0.0,6,0.0,761,0.0,77,2,21657,154.0,11517,295527
2020-12-28,23:00:00,20:58:00,172,Turks and Caicos,38972,849,5.0,6,0.0,763,2.0,80,2,21785,154.0,11525,295725
2020-12-29,23:00:00,20:54:00,172,Turks and Caicos,38974,865,16.0,6,0.0,763,0.0,96,2,22194,154.0,11612,297942
2020-12-30,23:00:00,20:54:00,172,Turks and Caicos,38975,865,0.0,6,0.0,763,0.0,96,2,22194,154.0,11612,297935
2020-12-31,23:00:00,20:44:00,172,Turks and Caicos,38977,874,9.0,6,0.0,764,1.0,104,2,22423,154.0,11612,297919
2021-01-01,23:00:00,20:54:00,172,Turks and Caicos,38978,893,19.0,6,0.0,783,19.0,104,2,22910,154.0,11754,301555
2021-01-02,23:00:00,20:56:00,172,Turks and Caicos,38980,908,15.0,6,0.0,783,0.0,119,2,23294,154.0,11871,304541
2021-01-03,23:00:00,20:59:00,172,Turks and Caicos,38981,909,1.0,6,0.0,783,0.0,120,2,23319,154.0,11878,304713
2021-01-04,23:00:00,20:57:00,172,Turks and Caicos,38983,910,1.0,6,0.0,783,0.0,121,2,23344,154.0,11884,304851
2021-01-05,23:00:00,20:51:00,172,Turks and Caicos,38984,910,0.0,6,0.0,783,0.0,121,2,23343,154.0,11884,304843
2021-01-06,23:00:00,20:59:00,172,Turks and Caicos,38985,918,8.0,6,0.0,795,12.0,117,2,23548,154.0,11984,307400
