Date,Scrap_time,Update_time_GMT,Country_id,Country,Population,TotalCases,NewCases,TotalDeaths,NewDeaths,TotalRecovered,NewRecovered,ActiveCases,SeriousCritical,Tot_Cases_1Mpop,Deaths_1Mpop,TotalTests,Tests_1Mpop
2020-08-02,20:00:00,,130,Uganda,45848022,1182,,4,,1045,,133,,26,0.09,275355,6006
2020-08-08,20:00:00,,130,Uganda,45871818,1267,85.0,6,2.0,1115,70.0,146,,28,0.1,290701,6337
2020-08-12,20:00:00,,130,Uganda,45887681,1313,46.0,9,3.0,1138,23.0,166,,29,0.2,301286,6566
2020-08-16,20:00:00,,130,Uganda,45903545,1434,121.0,13,4.0,1142,4.0,279,,31,0.3,312792,6814
2020-08-17,20:00:00,,130,Uganda,45907511,1560,126.0,15,2.0,1165,23.0,380,,34,0.3,325637,7093
2020-08-18,20:00:00,,130,Uganda,45911477,1603,43.0,15,0.0,1165,0.0,423,,35,0.3,329542,7178
2020-08-19,20:00:00,,130,Uganda,45915442,1603,0.0,15,0.0,1165,0.0,423,,35,0.3,329542,7177
2020-08-20,17:53:00,,130,Uganda,45919408,1750,147.0,19,4.0,1194,29.0,537,,38,0.4,336713,7333
2020-08-23,21:09:00,,130,Uganda,45931306,2263,513.0,20,1.0,1199,5.0,1044,,49,0.4,340844,7421
2020-08-24,17:10:00,,130,Uganda,45935272,2362,99.0,22,2.0,1248,49.0,1092,,51,0.5,351845,7660
2020-08-25,23:00:00,,130,Uganda,45939238,2426,64.0,25,3.0,1267,19.0,1134,,53,0.5,355057,7729
2020-08-26,22:59:00,,130,Uganda,45943204,2524,98.0,26,1.0,1268,1.0,1230,,55,0.6,359289,7820
2020-08-27,23:00:00,,130,Uganda,45947170,2679,155.0,28,2.0,1268,0.0,1383,,58,0.6,363802,7918
2020-08-28,23:01:00,,130,Uganda,45951136,2756,77.0,28,0.0,1288,20.0,1440,,60,0.6,367423,7996
2020-08-29,12:29:00,,130,Uganda,45955101,2756,0.0,28,0.0,1288,0.0,1440,,60,0.6,367423,7995
2020-08-30,23:00:00,,130,Uganda,45959067,2928,172.0,30,2.0,1288,0.0,1610,,64,0.7,367423,7995
2020-08-31,18:58:00,,130,Uganda,45963033,2928,0.0,30,0.0,1288,0.0,1610,,64,0.7,367423,7994
2020-09-01,23:00:00,,130,Uganda,45966999,3037,109.0,32,2.0,1489,201.0,1516,,66,0.7,381749,8305
2020-09-02,23:01:00,,130,Uganda,45970965,3112,75.0,32,0.0,1528,39.0,1552,,68,0.7,385882,8394
2020-09-03,23:01:00,,130,Uganda,45974931,3288,176.0,33,1.0,1532,4.0,1723,,72,0.7,391335,8512
2020-09-04,07:01:00,,130,Uganda,45978897,3288,0.0,33,0.0,1532,0.0,1723,,72,0.7,391335,8511
2020-09-05,23:31:00,,130,Uganda,45982863,3539,251.0,39,6.0,1564,32.0,1936,,77,0.8,395875,8609
2020-09-06,18:30:00,,130,Uganda,45986829,3539,0.0,39,0.0,1564,0.0,1936,,77,0.8,395875,8608
2020-09-07,23:39:00,,130,Uganda,45990795,3776,237.0,44,5.0,1741,177.0,1991,,82,1.0,411666,8951
2020-09-08,22:10:00,,130,Uganda,45994760,3900,124.0,46,2.0,1817,76.0,2037,,85,1.0,415908,9043
2020-09-10,22:01:00,,130,Uganda,46002692,4291,391.0,48,2.0,1998,181.0,2245,,93,1.0,420198,9134
2020-09-11,22:00:00,,130,Uganda,46006658,4377,86.0,49,1.0,1998,0.0,2330,,95,1.0,423214,9199
2020-09-12,22:22:00,,130,Uganda,46010624,4703,326.0,52,3.0,1998,0.0,2653,,102,1.0,423214,9198
2020-09-13,22:01:00,,130,Uganda,46014590,4799,96.0,55,3.0,2256,258.0,2488,,104,1.0,423214,9197
2020-09-14,22:04:00,,130,Uganda,46018556,4978,179.0,56,1.0,2317,61.0,2605,,108,1.0,434243,9436
2020-09-15,21:00:00,,130,Uganda,46022522,5123,145.0,58,2.0,2333,16.0,2732,,111,1.0,436246,9479
2020-09-16,21:01:00,,130,Uganda,46026488,5266,143.0,60,2.0,2404,71.0,2802,,114,1.0,439025,9539
2020-09-18,20:01:00,,130,Uganda,46034419,5594,328.0,61,1.0,2544,140.0,2989,,122,1.0,444346,9652
2020-09-19,21:00:00,,130,Uganda,46038385,6017,423.0,63,2.0,2581,37.0,3373,,131,1.0,444346,9652
2020-09-20,22:31:00,,130,Uganda,46042351,6287,270.0,63,0.0,2616,35.0,3608,,137,1.0,451737,9811
2020-09-21,21:01:00,,130,Uganda,46046317,6468,181.0,63,0.0,2731,115.0,3674,,140,1.0,453593,9851
2020-09-22,21:01:00,,130,Uganda,46050283,6712,244.0,64,1.0,2778,47.0,3870,,146,1.0,457128,9927
2020-09-23,19:58:00,,130,Uganda,46054249,6879,167.0,69,5.0,2961,183.0,3849,,149,1.0,460690,10003
2020-09-24,21:00:00,,130,Uganda,46058215,7064,185.0,70,1.0,3226,265.0,3768,,153,2.0,463618,10066
2020-09-25,21:00:00,,130,Uganda,46062181,7218,154.0,71,1.0,3611,385.0,3536,,157,2.0,465600,10108
2020-09-26,21:00:00,,130,Uganda,46066147,7364,146.0,71,0.0,3647,36.0,3646,,160,2.0,469003,10181
2020-09-27,22:45:00,,130,Uganda,46070113,7530,166.0,73,2.0,3647,0.0,3810,,163,2.0,473456,10277
2020-09-28,22:00:00,,130,Uganda,46074078,7777,247.0,75,2.0,4033,386.0,3669,,169,2.0,477473,10363
2020-09-29,21:35:00,,130,Uganda,46078044,7777,0.0,75,0.0,4033,0.0,3669,,169,2.0,477473,10362
2020-09-30,22:00:00,,130,Uganda,46082010,8129,352.0,75,0.0,4260,227.0,3794,,176,2.0,480037,10417
2020-10-01,21:31:00,,130,Uganda,46085976,8287,158.0,75,0.0,4430,170.0,3782,,180,2.0,482658,10473
2020-10-02,22:36:00,,130,Uganda,46089942,8491,204.0,79,4.0,4470,40.0,3942,,184,2.0,486658,10559
2020-10-03,22:24:00,,130,Uganda,46093908,8662,171.0,79,0.0,4546,76.0,4037,,188,2.0,489264,10615
2020-10-04,21:01:00,,130,Uganda,46097874,8808,146.0,81,2.0,4736,190.0,3991,,191,2.0,491547,10663
2020-10-05,22:13:00,,130,Uganda,46101840,8965,157.0,82,1.0,5078,342.0,3805,,194,2.0,493595,10707
2020-10-06,23:01:00,,130,Uganda,46105806,9082,117.0,84,2.0,5457,379.0,3541,,197,2.0,495696,10751
2020-10-07,23:01:00,,130,Uganda,46109772,9260,178.0,85,1.0,5588,131.0,3587,,201,2.0,497498,10789
2020-10-08,23:59:00,,130,Uganda,46113737,9442,182.0,85,0.0,5781,193.0,3576,,205,2.0,501040,10865
2020-10-09,23:00:00,,130,Uganda,46117703,9538,96.0,86,1.0,5857,76.0,3595,,207,2.0,502829,10903
2020-10-10,23:00:00,,130,Uganda,46121669,9701,163.0,93,7.0,6022,165.0,3586,,210,2.0,505662,10964
2020-10-12,23:10:00,,130,Uganda,46129601,9864,163.0,94,1.0,6109,87.0,3661,,214,2.0,508899,11032
2020-10-13,23:01:00,,130,Uganda,46133567,9945,81.0,95,1.0,6347,238.0,3503,,216,2.0,511156,11080
2020-10-14,23:01:00,,130,Uganda,46137533,10069,124.0,95,0.0,6531,184.0,3443,,218,2.0,513414,11128
2020-10-15,14:09:00,11:06:00,130,Uganda,46141499,10069,0.0,95,0.0,6531,0.0,3443,,218,2.0,513414,11127
2020-10-16,22:08:00,19:06:00,130,Uganda,46145465,10334,265.0,96,1.0,6901,370.0,3337,,224,2.0,518558,11237
2020-10-17,23:01:00,19:58:00,130,Uganda,46149431,10455,121.0,96,0.0,6901,0.0,3458,,227,2.0,520450,11277
2020-10-18,22:05:00,19:03:00,130,Uganda,46153396,10590,135.0,97,1.0,6992,91.0,3501,,229,2.0,522286,11316
2020-10-19,22:05:00,18:59:00,130,Uganda,46157362,10691,101.0,97,0.0,6992,0.0,3602,,232,2.0,523399,11339
2020-10-20,22:05:00,19:04:00,130,Uganda,46161328,10788,97.0,97,0.0,7066,74.0,3625,,234,2.0,524966,11372
2020-10-21,22:05:00,19:03:00,130,Uganda,46165294,10933,145.0,98,1.0,7154,88.0,3681,,237,2.0,527350,11423
2020-10-22,22:05:00,19:04:00,130,Uganda,46169260,11041,108.0,98,0.0,7210,56.0,3733,,239,2.0,529236,11463
2020-10-23,22:05:00,19:02:00,130,Uganda,46173226,11163,122.0,99,1.0,7269,59.0,3795,,242,2.0,532332,11529
2020-10-24,23:41:00,20:40:00,130,Uganda,46177192,11297,134.0,99,0.0,7281,12.0,3917,,245,2.0,534072,11566
2020-10-25,23:00:00,20:58:00,130,Uganda,46181158,11443,146.0,101,2.0,7351,70.0,3991,,248,2.0,536177,11610
2020-10-26,23:00:00,20:56:00,130,Uganda,46185124,11557,114.0,101,0.0,7351,0.0,4105,,250,2.0,539146,11674
2020-10-27,23:00:00,20:58:00,130,Uganda,46189090,11621,64.0,103,2.0,7400,49.0,4118,,252,2.0,540202,11695
2020-10-28,23:00:00,20:58:00,130,Uganda,46193055,11767,146.0,106,3.0,7461,61.0,4200,,255,2.0,541422,11721
2020-10-29,23:00:00,20:57:00,130,Uganda,46197021,12201,434.0,108,2.0,7461,0.0,4632,,264,2.0,544657,11790
2020-10-30,23:00:00,20:58:00,130,Uganda,46200987,12410,209.0,110,2.0,7503,42.0,4797,,269,2.0,547279,11846
2020-10-31,23:00:00,20:59:00,130,Uganda,46204953,12410,0.0,110,0.0,7503,0.0,4797,,269,2.0,547279,11845
2020-11-01,23:00:00,20:59:00,130,Uganda,46208919,12743,333.0,112,2.0,7556,53.0,5075,,276,2.0,552713,11961
2020-11-02,23:00:00,20:57:00,130,Uganda,46212885,12971,228.0,114,2.0,7556,0.0,5301,,281,2.0,554711,12003
2020-11-03,23:00:00,20:59:00,130,Uganda,46216851,13099,128.0,115,1.0,7612,56.0,5372,,283,2.0,556314,12037
2020-11-04,23:00:00,20:57:00,130,Uganda,46220817,13351,252.0,117,2.0,7623,11.0,5611,,289,3.0,558978,12094
2020-11-05,23:00:00,20:59:00,130,Uganda,46224783,13568,217.0,117,0.0,7645,22.0,5806,,294,3.0,560859,12133
2020-11-06,23:00:00,20:58:00,130,Uganda,46228749,13852,284.0,131,14.0,7727,82.0,5994,,300,3.0,563835,12197
2020-11-07,23:00:00,20:57:00,130,Uganda,46232714,14066,214.0,131,0.0,7753,26.0,6182,,304,3.0,567193,12268
2020-11-08,23:00:00,20:49:00,130,Uganda,46236680,14403,337.0,132,1.0,7771,18.0,6500,,312,3.0,569624,12320
2020-11-09,23:00:00,20:59:00,130,Uganda,46240646,14574,171.0,133,1.0,7771,0.0,6670,,315,3.0,572325,12377
2020-11-10,23:00:00,20:59:00,130,Uganda,46244612,14704,130.0,133,0.0,7836,65.0,6735,,318,3.0,574363,12420
2020-11-11,23:00:00,20:56:00,130,Uganda,46248578,14993,289.0,139,6.0,7939,103.0,6915,,324,3.0,577630,12490
2020-11-12,23:00:00,20:59:00,130,Uganda,46252544,15217,224.0,143,4.0,7985,46.0,7089,,329,3.0,579443,12528
2020-11-13,23:00:00,20:58:00,130,Uganda,46256510,15402,185.0,144,1.0,8038,53.0,7220,,333,3.0,582209,12587
2020-11-14,23:00:00,20:57:00,130,Uganda,46260476,15789,387.0,144,0.0,8038,0.0,7607,,341,3.0,585456,12656
2020-11-15,23:00:00,20:53:00,130,Uganda,46264442,16020,231.0,145,1.0,8038,0.0,7837,,346,3.0,588533,12721
2020-11-16,23:00:00,20:59:00,130,Uganda,46268408,16257,237.0,150,5.0,8170,132.0,7937,,351,3.0,591658,12788
2020-11-17,23:00:00,20:58:00,130,Uganda,46272373,16563,306.0,150,0.0,8277,107.0,8136,,358,3.0,594574,12849
2020-11-18,23:00:00,20:57:00,130,Uganda,46276339,16905,342.0,157,7.0,8394,117.0,8354,,365,3.0,597192,12905
2020-11-19,23:00:00,20:59:00,130,Uganda,46280305,17148,243.0,158,1.0,8426,32.0,8564,,371,3.0,599650,12957
2020-11-20,23:00:00,20:59:00,130,Uganda,46284271,17431,283.0,168,10.0,8547,121.0,8716,,377,4.0,603652,13042
2020-11-21,23:00:00,20:58:00,130,Uganda,46288237,17667,236.0,168,0.0,8611,64.0,8888,,382,4.0,607583,13126
2020-11-22,23:00:00,20:59:00,130,Uganda,46292203,17968,301.0,172,4.0,8611,0.0,9185,,388,4.0,609268,13161
2020-11-23,23:00:00,20:58:00,130,Uganda,46296169,18165,197.0,181,9.0,8675,64.0,9309,,392,4.0,611564,13210
2020-11-24,23:00:00,20:57:00,130,Uganda,46300135,18406,241.0,186,5.0,8764,89.0,9456,,398,4.0,613908,13259
2020-11-25,23:00:00,20:58:00,130,Uganda,46304101,18890,484.0,191,5.0,8832,68.0,9867,,408,4.0,616610,13317
2020-11-26,23:00:00,20:47:00,130,Uganda,46308067,19115,225.0,191,0.0,8840,8.0,10084,,413,4.0,618783,13362
2020-11-27,23:00:00,20:59:00,130,Uganda,46312032,19588,473.0,197,6.0,8840,0.0,10551,,423,4.0,620558,13399
2020-11-28,23:00:00,20:46:00,130,Uganda,46315998,19944,356.0,201,4.0,8944,104.0,10799,,431,4.0,623154,13454
2020-11-29,23:00:00,20:51:00,130,Uganda,46319964,20145,201.0,201,0.0,8989,45.0,10955,,435,4.0,623977,13471
2020-11-30,23:00:00,20:57:00,130,Uganda,46323930,20459,314.0,205,4.0,8989,0.0,11265,,442,4.0,625029,13493
2020-12-01,23:00:00,20:55:00,130,Uganda,46327896,21035,576.0,205,0.0,9044,55.0,11786,,454,4.0,630441,13608
2020-12-02,23:00:00,20:58:00,130,Uganda,46331862,21409,374.0,206,1.0,9044,0.0,12159,,462,4.0,633932,13682
2020-12-03,23:00:00,20:59:00,130,Uganda,46335828,21409,0.0,206,0.0,9044,0.0,12159,,462,4.0,633932,13681
2020-12-04,23:00:00,20:57:00,130,Uganda,46339794,21898,489.0,206,0.0,9117,73.0,12575,,473,4.0,637124,13749
2020-12-05,23:00:00,20:58:00,130,Uganda,46343760,22188,290.0,206,0.0,9117,0.0,12865,,479,4.0,638787,13784
2020-12-06,23:00:00,20:51:00,130,Uganda,46347726,22499,311.0,206,0.0,9175,58.0,13118,,485,4.0,641893,13850
2020-12-07,23:00:00,20:57:00,130,Uganda,46351691,23200,701.0,207,1.0,9374,199.0,13619,,501,4.0,647471,13969
2020-12-08,23:00:00,20:59:00,130,Uganda,46355657,23200,0.0,207,0.0,9374,0.0,13619,,500,4.0,647471,13967
2020-12-09,23:00:00,20:59:00,130,Uganda,46359623,25059,1859.0,219,12.0,9510,136.0,15330,,541,5.0,660758,14253
2020-12-10,23:00:00,20:59:00,130,Uganda,46363589,25730,671.0,220,1.0,9605,95.0,15905,,555,5.0,666328,14372
2020-12-11,23:00:00,20:59:00,130,Uganda,46367555,26369,639.0,220,0.0,9646,41.0,16503,,569,5.0,671376,14479
2020-12-12,23:00:00,20:58:00,130,Uganda,46371521,27071,702.0,220,0.0,9744,98.0,17107,,584,5.0,676531,14589
2020-12-13,23:00:00,20:59:00,130,Uganda,46375487,27532,461.0,221,1.0,9826,82.0,17485,,594,5.0,680709,14678
2020-12-14,23:35:00,21:34:00,130,Uganda,46379453,27766,234.0,224,3.0,9921,95.0,17621,,599,5.0,683236,14731
2020-12-15,23:00:00,20:59:00,130,Uganda,46383419,28168,402.0,225,1.0,10005,84.0,17938,,607,5.0,686847,14808
2020-12-16,23:00:00,20:58:00,130,Uganda,46387385,28733,565.0,225,0.0,10070,65.0,18438,,619,5.0,692455,14928
2020-12-17,23:00:00,20:56:00,130,Uganda,46391350,29361,628.0,228,3.0,10172,102.0,18961,,633,5.0,697496,15035
2020-12-18,23:00:00,20:57:00,130,Uganda,46395316,30071,710.0,230,2.0,10251,79.0,19590,,648,5.0,702198,15135
2020-12-19,23:59:00,22:11:00,130,Uganda,46399282,30702,631.0,230,0.0,10360,109.0,20112,,662,5.0,707418,15246
2020-12-20,23:00:00,20:54:00,130,Uganda,46403248,31187,485.0,231,1.0,10469,109.0,20487,,672,5.0,711468,15332
2020-12-21,23:00:00,20:59:00,130,Uganda,46407214,31384,197.0,238,7.0,10549,80.0,20597,,676,5.0,713509,15375
2020-12-22,23:00:00,20:59:00,130,Uganda,46411180,31384,0.0,238,0.0,10549,0.0,20597,,676,5.0,713509,15374
2020-12-23,23:00:00,20:58:00,130,Uganda,46415146,32399,1015.0,245,7.0,10731,182.0,21423,,698,5.0,722591,15568
2020-12-24,23:00:00,20:55:00,130,Uganda,46419112,32399,0.0,245,0.0,10731,0.0,21423,,698,5.0,722591,15567
2020-12-25,23:00:00,20:59:00,130,Uganda,46423078,33360,961.0,245,0.0,10905,174.0,22210,,719,5.0,730193,15729
2020-12-26,23:00:00,20:59:00,130,Uganda,46427044,33563,203.0,245,0.0,11055,150.0,22263,,723,5.0,732329,15774
2020-12-27,23:00:00,20:56:00,130,Uganda,46431009,33811,248.0,248,3.0,11180,125.0,22383,,728,5.0,734581,15821
2020-12-28,23:00:00,20:58:00,130,Uganda,46434975,33973,162.0,248,0.0,11297,117.0,22428,,732,5.0,736720,15866
