Date,Scrap_time,Update_time_GMT,Country_id,Country,Population,TotalCases,NewCases,TotalDeaths,NewDeaths,TotalRecovered,NewRecovered,ActiveCases,SeriousCritical,Tot_Cases_1Mpop,Deaths_1Mpop,TotalTests,Tests_1Mpop
2020-08-02,20:00:00,,28,Ukraine,43709428,72168,,1725,,39543,,30900,128,1651,39.0,1058383,24214
2020-08-08,20:00:00,,28,Ukraine,43705144,79750,7582.0,1879,154.0,43655,4112.0,34216,143,1825,43.0,1154378,26413
2020-08-12,20:00:00,,28,Ukraine,43702287,84548,4798.0,1970,91.0,45686,2031.0,36892,129,1935,45.0,1214941,27800
2020-08-16,20:00:00,,28,Ukraine,43699431,91356,6808.0,2070,100.0,47822,2136.0,41464,138,2091,47.0,1289589,29510
2020-08-17,20:00:00,,28,Ukraine,43698717,92820,1464.0,2089,19.0,48164,342.0,42567,138,2124,48.0,1300289,29756
2020-08-18,20:00:00,,28,Ukraine,43698003,94436,1616.0,2116,27.0,48925,761.0,43395,138,2161,48.0,1315409,30102
2020-08-19,20:00:00,,28,Ukraine,43697289,96403,1967.0,2144,28.0,49737,812.0,44522,177,2206,49.0,1335000,30551
2020-08-20,17:53:00,,28,Ukraine,43696575,98537,2134.0,2184,40.0,50441,704.0,45912,177,2255,50.0,1356698,31048
2020-08-23,21:09:00,,28,Ukraine,43694432,104958,6421.0,2271,87.0,52235,1794.0,50452,177,2402,52.0,1416001,32407
2020-08-24,17:10:00,,28,Ukraine,43693718,106754,1796.0,2293,22.0,54524,2289.0,49937,177,2443,52.0,1425351,32621
2020-08-25,23:00:00,,28,Ukraine,43693004,108415,1661.0,2318,25.0,52870,-1654.0,53227,177,2481,53.0,1436206,32870
2020-08-26,22:59:00,,28,Ukraine,43692290,110085,1670.0,2354,36.0,53454,584.0,54277,177,2520,54.0,1452006,33233
2020-08-27,23:00:00,,28,Ukraine,43691576,112059,1974.0,2403,49.0,54217,763.0,55439,177,2565,55.0,1452006,33233
2020-08-28,23:01:00,,28,Ukraine,43690862,114497,2438.0,2451,48.0,55083,866.0,56963,177,2621,56.0,1494243,34200
2020-08-29,12:29:00,,28,Ukraine,43690148,116978,2481.0,2492,41.0,56138,1055.0,58348,177,2677,57.0,1516712,34715
2020-08-30,23:00:00,,28,Ukraine,43689434,119074,2096.0,2527,35.0,56734,596.0,59813,177,2725,58.0,1536171,35161
2020-08-31,18:58:00,,28,Ukraine,43688720,121215,2141.0,2557,30.0,57114,380.0,61544,177,2775,59.0,1550280,35485
2020-09-01,23:00:00,,28,Ukraine,43688006,123303,2088.0,2605,48.0,57802,688.0,62896,177,2822,60.0,1556655,35631
2020-09-02,23:01:00,,28,Ukraine,43687291,125789,2486.0,2656,51.0,58817,1015.0,64316,177,2879,61.0,1597707,36571
2020-09-03,23:01:00,,28,Ukraine,43686577,128228,2439.0,2710,54.0,59676,859.0,65842,177,2935,62.0,1621697,37121
2020-09-04,07:01:00,,28,Ukraine,43685863,128228,0.0,2710,0.0,59676,0.0,65842,177,2935,62.0,1621697,37122
2020-09-05,23:31:00,,28,Ukraine,43685149,133787,5559.0,2811,101.0,61649,1973.0,69327,177,3063,64.0,1673316,38304
2020-09-06,18:30:00,,28,Ukraine,43684435,135894,2107.0,2846,35.0,62227,578.0,70821,177,3111,65.0,1693793,38773
2020-09-07,23:39:00,,28,Ukraine,43683721,138068,2174.0,2877,31.0,62606,379.0,72585,177,3161,66.0,1693793,38774
2020-09-08,22:10:00,,28,Ukraine,43683007,140479,2411.0,2934,57.0,63546,940.0,73999,177,3216,67.0,1709017,39123
2020-09-09,22:01:00,,28,Ukraine,43682293,143030,2551.0,2979,45.0,64703,1157.0,75348,177,3274,68.0,1751931,40106
2020-09-10,22:01:00,,28,Ukraine,43681579,145612,2582.0,3023,44.0,65877,1174.0,76712,177,3333,69.0,1751931,40107
2020-09-11,22:00:00,,28,Ukraine,43680865,148756,3144.0,3076,53.0,67005,1128.0,78675,177,3406,70.0,1778483,40715
2020-09-12,22:22:00,,28,Ukraine,43680151,151859,3103.0,3148,72.0,68346,1341.0,80365,177,3477,72.0,1806428,41356
2020-09-13,22:01:00,,28,Ukraine,43679436,154335,2476.0,3178,30.0,68893,547.0,82264,177,3533,73.0,1834165,41991
2020-09-14,22:04:00,,28,Ukraine,43678722,156797,2462.0,3211,33.0,69543,650.0,84043,177,3590,74.0,1856467,42503
2020-09-15,21:00:00,,28,Ukraine,43678008,159702,2905.0,3264,53.0,70810,1267.0,85628,177,3656,75.0,1870790,42831
2020-09-16,21:01:00,,28,Ukraine,43677294,162660,2958.0,3340,76.0,72324,1514.0,86996,177,3724,76.0,1897688,43448
2020-09-18,20:01:00,,28,Ukraine,43675866,169472,6812.0,3468,128.0,75486,3162.0,90518,177,3880,79.0,1925482,44086
2020-09-19,21:00:00,,28,Ukraine,43675152,172712,3240.0,3516,48.0,76754,1268.0,92442,177,3954,81.0,1985802,45468
2020-09-20,22:31:00,,28,Ukraine,43674438,175678,2966.0,3557,41.0,77512,758.0,94609,177,4022,81.0,2014923,46135
2020-09-21,21:01:00,,28,Ukraine,43673724,178353,2675.0,3583,26.0,78184,672.0,96586,177,4084,82.0,2038850,46684
2020-09-22,21:01:00,,28,Ukraine,43673010,181237,2884.0,3642,59.0,79901,1717.0,97694,177,4150,83.0,2058638,47138
2020-09-23,19:58:00,,28,Ukraine,43672295,184734,3497.0,3705,63.0,81670,1769.0,99359,177,4230,85.0,2079482,47616
2020-09-24,21:00:00,,28,Ukraine,43671581,188106,3372.0,3757,52.0,83458,1788.0,100891,177,4307,86.0,2102377,48141
2020-09-25,21:00:00,,28,Ukraine,43670867,191671,3565.0,3827,70.0,85133,1675.0,102711,177,4389,88.0,2129156,48755
2020-09-26,21:00:00,,28,Ukraine,43670153,195504,3833.0,3903,76.0,85133,0.0,106468,177,4477,89.0,2156653,49385
2020-09-27,22:45:00,,28,Ukraine,43669439,198634,3130.0,3959,56.0,87882,2749.0,106793,177,4549,91.0,2189926,50148
2020-09-28,22:00:00,,28,Ukraine,43668725,201305,2671.0,3996,37.0,88453,571.0,108856,177,4610,92.0,2189926,50149
2020-09-29,21:35:00,,28,Ukraine,43668011,204932,3627.0,4065,69.0,90250,1797.0,110617,177,4693,93.0,2226508,50987
2020-09-30,22:00:00,,28,Ukraine,43667297,208959,4027.0,4129,64.0,92360,2110.0,112470,177,4785,95.0,2250676,51541
2020-10-01,21:31:00,,28,Ukraine,43666583,213028,4069.0,4193,64.0,94443,2083.0,114392,177,4879,96.0,2278248,52174
2020-10-02,22:36:00,,28,Ukraine,43665869,217661,4633.0,4261,68.0,96591,2148.0,116809,177,4985,98.0,2308415,52865
2020-10-03,22:24:00,,28,Ukraine,43665155,222322,4661.0,4353,92.0,98737,2146.0,119232,177,5092,100.0,2308415,52866
2020-10-04,21:01:00,,28,Ukraine,43664440,226462,4140.0,4397,44.0,100107,1370.0,121958,177,5186,101.0,2362857,54114
2020-10-05,22:13:00,,28,Ukraine,43663726,230236,3774.0,4430,33.0,101252,1145.0,124554,177,5273,101.0,2382259,54559
2020-10-06,23:01:00,,28,Ukraine,43663012,234584,4348.0,4520,90.0,103401,2149.0,126663,177,5373,104.0,2397905,54918
2020-10-07,23:01:00,,28,Ukraine,43662298,239337,4753.0,4597,77.0,105970,2569.0,128770,177,5482,105.0,2423031,55495
2020-10-08,23:59:00,,28,Ukraine,43661584,244734,5397.0,4690,93.0,108233,2263.0,131811,177,5605,107.0,2455407,56237
2020-10-09,23:00:00,,28,Ukraine,43660870,250538,5804.0,4779,89.0,110650,2417.0,135109,177,5738,109.0,2489702,57024
2020-10-10,23:00:00,,28,Ukraine,43660156,256266,5728.0,4887,108.0,112570,1920.0,138809,177,5870,112.0,2522360,57773
2020-10-12,23:10:00,,28,Ukraine,43658728,265454,9188.0,5015,128.0,114410,1840.0,146029,177,6080,115.0,2602635,59613
2020-10-13,23:01:00,,28,Ukraine,43658014,270587,5133.0,5122,107.0,116562,2152.0,148903,177,6198,117.0,2602635,59614
2020-10-14,23:01:00,,28,Ukraine,43657300,276177,5590.0,5229,107.0,118699,2137.0,152249,177,6326,120.0,2630988,60265
2020-10-15,14:09:00,11:06:00,28,Ukraine,43656585,281239,5062.0,5302,73.0,119650,951.0,156287,177,6442,121.0,2665154,61048
2020-10-16,22:08:00,19:06:00,28,Ukraine,43655871,287231,5992.0,5408,106.0,121919,2269.0,159904,177,6579,124.0,2695488,61744
2020-10-17,23:01:00,19:58:00,28,Ukraine,43655157,293641,6410.0,5517,109.0,124113,2194.0,164011,177,6726,126.0,2729496,62524
2020-10-18,22:05:00,19:03:00,28,Ukraine,43654443,298872,5231.0,5607,90.0,125377,1264.0,167888,177,6846,128.0,2765787,63356
2020-10-19,22:05:00,18:59:00,28,Ukraine,43653729,303638,4766.0,5673,66.0,126489,1112.0,171476,177,6956,130.0,2765787,63357
2020-10-20,22:05:00,19:04:00,28,Ukraine,43653015,309107,5469.0,5786,113.0,129533,3044.0,173788,177,7081,133.0,2815833,64505
2020-10-21,22:05:00,19:03:00,28,Ukraine,43652301,315826,6719.0,5927,141.0,132219,2686.0,177680,177,7235,136.0,2847376,65229
2020-10-22,22:05:00,19:04:00,28,Ukraine,43651587,322879,7053.0,6043,116.0,134898,2679.0,181938,177,7397,138.0,2880105,65979
2020-10-23,22:05:00,19:02:00,28,Ukraine,43650873,330396,7517.0,6164,121.0,137578,2680.0,186654,177,7569,141.0,2950463,67592
2020-10-24,23:41:00,20:40:00,28,Ukraine,43650159,337410,7014.0,6289,125.0,139755,2177.0,191366,177,7730,144.0,2950463,67593
2020-10-25,23:00:00,20:58:00,28,Ukraine,43649444,343498,6088.0,6391,102.0,141508,1753.0,195599,177,7869,146.0,2991893,68544
2020-10-26,23:00:00,20:56:00,28,Ukraine,43648730,348924,5426.0,6464,73.0,142537,1029.0,199923,177,7994,148.0,3025148,69307
2020-10-27,23:00:00,20:58:00,28,Ukraine,43648016,355601,6677.0,6590,126.0,145336,2799.0,203675,177,8147,151.0,3025148,69308
2020-10-28,23:00:00,20:58:00,28,Ukraine,43647302,363075,7474.0,6755,165.0,148642,3306.0,207678,177,8318,155.0,3025148,69309
2020-10-29,23:00:00,20:57:00,28,Ukraine,43646588,370417,7342.0,6868,113.0,151632,2990.0,211917,177,8487,157.0,3025148,69310
2020-10-30,23:00:00,20:58:00,28,Ukraine,43645874,378729,8312.0,7041,173.0,155026,3394.0,216662,177,8677,161.0,3176397,72777
2020-10-31,23:00:00,20:59:00,28,Ukraine,43645160,387481,8752.0,7196,155.0,158928,3902.0,221357,177,8878,165.0,3176397,72778
2020-11-01,23:00:00,20:59:00,28,Ukraine,43644446,395440,7959.0,7306,110.0,161441,2513.0,226693,177,9060,167.0,3312549,75899
2020-11-02,23:00:00,20:57:00,28,Ukraine,43643732,402194,6754.0,7375,69.0,163768,2327.0,231051,177,9215,169.0,3312549,75900
2020-11-03,23:00:00,20:59:00,28,Ukraine,43643018,411093,8899.0,7532,157.0,168868,5100.0,234693,177,9419,173.0,3312549,75901
2020-11-04,23:00:00,20:57:00,28,Ukraine,43642304,420617,9524.0,7731,199.0,176404,7536.0,236482,177,9638,177.0,3312549,75902
2020-11-05,23:00:00,20:59:00,28,Ukraine,43641589,430467,9850.0,7924,193.0,184782,8378.0,237761,177,9864,182.0,3312549,75903
2020-11-06,23:00:00,20:58:00,28,Ukraine,43640875,440188,9721.0,8125,201.0,195544,10762.0,236519,177,10087,186.0,3312549,75905
2020-11-07,23:00:00,20:57:00,28,Ukraine,43640161,450934,10746.0,8312,187.0,204229,8685.0,238393,177,10333,190.0,3312549,75906
2020-11-08,23:00:00,20:49:00,28,Ukraine,43639447,460331,9397.0,8450,138.0,206866,2637.0,245015,177,10549,194.0,3312549,75907
2020-11-09,23:00:00,20:59:00,28,Ukraine,43638733,469018,8687.0,8565,115.0,209143,2277.0,251310,177,10748,196.0,3648292,83602
2020-11-10,23:00:00,20:59:00,28,Ukraine,43638019,479197,10179.0,8756,191.0,214657,5514.0,255784,177,10981,201.0,3648292,83604
2020-11-11,23:00:00,20:56:00,28,Ukraine,43637305,489808,10611.0,8947,191.0,221459,6802.0,259402,177,11225,205.0,3648292,83605
2020-11-12,23:00:00,20:59:00,28,Ukraine,43636591,500865,11057.0,9145,198.0,227694,6235.0,264026,177,11478,210.0,3782099,86673
2020-11-13,23:00:00,20:58:00,28,Ukraine,43635877,512652,11787.0,9317,172.0,233849,6155.0,269486,177,11748,214.0,3782099,86674
2020-11-14,23:00:00,20:57:00,28,Ukraine,43635163,525176,12524.0,9508,191.0,238811,4962.0,276857,177,12036,218.0,3876966,88850
2020-11-15,23:00:00,20:53:00,28,Ukraine,43634448,535857,10681.0,9603,95.0,241444,2633.0,284810,177,12281,220.0,3876966,88851
2020-11-16,23:00:00,20:59:00,28,Ukraine,43633734,545689,9832.0,9697,94.0,244197,2753.0,291795,177,12506,222.0,3876966,88852
2020-11-17,23:00:00,20:58:00,28,Ukraine,43633020,557657,11968.0,9856,159.0,250983,6786.0,296818,177,12781,226.0,3876966,88854
2020-11-18,23:00:00,20:57:00,28,Ukraine,43632306,570153,12496.0,10112,256.0,259079,8096.0,300962,177,13067,232.0,3876966,88855
2020-11-19,23:00:00,20:59:00,28,Ukraine,43631592,583510,13357.0,10369,257.0,266479,7400.0,306662,177,13374,238.0,4022283,92187
2020-11-20,23:00:00,20:59:00,28,Ukraine,43630878,598085,14575.0,10598,229.0,274324,7845.0,313163,177,13708,243.0,4062868,93119
2020-11-21,23:00:00,20:58:00,28,Ukraine,43630164,612665,14580.0,10813,215.0,282313,7989.0,319539,177,14042,248.0,4154333,95217
2020-11-22,23:00:00,20:59:00,28,Ukraine,43629450,624744,12079.0,10951,138.0,286917,4604.0,326876,177,14319,251.0,4154333,95219
2020-11-23,23:00:00,20:58:00,28,Ukraine,43628736,635689,10945.0,11075,124.0,291060,4143.0,333554,177,14570,254.0,4243600,97266
2020-11-24,23:00:00,20:57:00,28,Ukraine,43628022,647976,12287.0,11263,188.0,299358,8298.0,337355,177,14852,258.0,4243600,97268
2020-11-25,23:00:00,20:58:00,28,Ukraine,43627308,661858,13882.0,11492,229.0,307778,8420.0,342588,177,15171,263.0,4243600,97269
2020-11-26,23:00:00,20:47:00,28,Ukraine,43626593,677189,15331.0,11717,225.0,317395,9617.0,348077,177,15522,269.0,4279025,98083
2020-11-27,23:00:00,20:59:00,28,Ukraine,43625879,693407,16218.0,11909,192.0,326238,8843.0,355260,177,15894,273.0,4279025,98085
2020-11-28,23:00:00,20:46:00,28,Ukraine,43625165,709701,16294.0,12093,184.0,335135,8897.0,362473,177,16268,277.0,4463249,102309
2020-11-29,23:00:00,20:51:00,28,Ukraine,43624451,722679,12978.0,12213,120.0,339378,4243.0,371088,177,16566,280.0,4463249,102311
2020-11-30,23:00:00,20:57:00,28,Ukraine,43623737,732625,9946.0,12327,114.0,345149,5771.0,375149,177,16794,283.0,4528772,103814
2020-12-01,23:00:00,20:55:00,28,Ukraine,43623023,745123,12498.0,12548,221.0,355172,10023.0,377403,177,17081,288.0,4528772,103816
2020-12-02,23:00:00,20:58:00,28,Ukraine,43622309,758264,13141.0,12717,169.0,369054,13882.0,376493,177,17382,292.0,4528772,103818
2020-12-03,23:00:00,20:59:00,28,Ukraine,43621595,772760,14496.0,12960,243.0,384426,15372.0,375374,177,17715,297.0,4528772,103819
2020-12-04,23:00:00,20:57:00,28,Ukraine,43620881,787891,15131.0,13195,235.0,397809,13383.0,376887,177,18062,302.0,4528772,103821
2020-12-05,23:00:00,20:58:00,28,Ukraine,43620167,801716,13825.0,13421,226.0,412533,14724.0,375762,177,18379,308.0,4702234,107800
2020-12-06,23:00:00,20:51:00,28,Ukraine,43619452,813306,11590.0,13588,167.0,418581,6048.0,381137,177,18645,312.0,4702234,107801
2020-12-07,23:00:00,20:57:00,28,Ukraine,43618738,821947,8641.0,13733,145.0,423704,5123.0,384510,177,18844,315.0,4807961,110227
2020-12-08,23:00:00,20:59:00,28,Ukraine,43618024,832758,10811.0,13928,195.0,436564,12860.0,382266,177,19092,319.0,4838979,110940
2020-12-09,23:00:00,20:59:00,28,Ukraine,43617310,845343,12585.0,14204,276.0,451118,14554.0,380021,177,19381,326.0,4838979,110942
2020-12-10,23:00:00,20:59:00,28,Ukraine,43616596,858714,13371.0,14470,266.0,465021,13903.0,379223,177,19688,332.0,4838979,110944
2020-12-11,23:00:00,20:59:00,28,Ukraine,43615882,872228,13514.0,14755,285.0,480348,15327.0,377125,177,19998,338.0,4957299,113658
2020-12-12,23:00:00,20:58:00,28,Ukraine,43615168,885039,12811.0,14998,243.0,494001,13653.0,376040,177,20292,344.0,4957299,113660
2020-12-13,23:00:00,20:59:00,28,Ukraine,43614454,894215,9176.0,15154,156.0,501564,7563.0,377497,177,20503,347.0,4957299,113662
2020-12-14,23:35:00,21:34:00,28,Ukraine,43613740,900666,6451.0,15247,93.0,506718,5154.0,378701,177,20651,350.0,5052686,115851
2020-12-15,23:00:00,20:59:00,28,Ukraine,43613026,909082,8416.0,15480,233.0,522868,16150.0,370734,177,20844,355.0,5084649,116586
2020-12-16,23:00:00,20:58:00,28,Ukraine,43612312,919704,10622.0,15744,264.0,535417,12549.0,368543,177,21088,361.0,5125389,117522
2020-12-17,23:00:00,20:56:00,28,Ukraine,43611597,931751,12047.0,15996,252.0,548356,12939.0,367399,177,21365,367.0,5167122,118480
2020-12-18,23:00:00,20:57:00,28,Ukraine,43610883,944381,12630.0,16256,260.0,561222,12866.0,366903,177,21655,373.0,5209462,119453
2020-12-19,23:59:00,22:11:00,28,Ukraine,43610169,956123,11742.0,16469,213.0,574536,13314.0,365118,177,21924,378.0,5209462,119455
2020-12-20,23:00:00,20:54:00,28,Ukraine,43609455,964448,8325.0,16585,116.0,581162,6626.0,366701,177,22116,380.0,5209462,119457
2020-12-21,23:00:00,20:59:00,28,Ukraine,43608741,970993,6545.0,16665,80.0,586268,5106.0,368060,177,22266,382.0,5303103,121606
2020-12-22,23:00:00,20:59:00,28,Ukraine,43608027,979506,8513.0,16897,232.0,600288,14020.0,362321,177,22462,387.0,5303103,121608
2020-12-23,23:00:00,20:58:00,28,Ukraine,43607313,989642,10136.0,17172,275.0,615660,15372.0,356810,177,22694,394.0,5348820,122659
2020-12-24,23:00:00,20:55:00,28,Ukraine,43606599,1001132,11490.0,17395,223.0,631435,15775.0,352302,177,22958,399.0,5348820,122661
2020-12-25,23:00:00,20:59:00,28,Ukraine,43605885,1012167,11035.0,17581,186.0,646772,15337.0,347814,177,23212,403.0,5348820,122663
2020-12-26,23:00:00,20:59:00,28,Ukraine,43605171,1019876,7709.0,17702,121.0,651917,5145.0,350257,177,23389,406.0,5348820,122665
2020-12-27,23:00:00,20:56:00,28,Ukraine,43604457,1025989,6113.0,17774,72.0,658538,6621.0,349677,177,23529,408.0,5472989,125514
2020-12-28,23:00:00,20:58:00,28,Ukraine,43603742,1030374,4385.0,17849,75.0,665729,7191.0,346796,177,23630,409.0,5472989,125516
2020-12-29,23:00:00,20:54:00,28,Ukraine,43603028,1037362,6988.0,18081,232.0,681835,16106.0,337446,177,23791,415.0,5472989,125519
2020-12-30,23:00:00,20:54:00,28,Ukraine,43602314,1045348,7986.0,18324,243.0,698190,16355.0,328834,177,23975,420.0,5546683,127211
2020-12-31,23:00:00,20:44:00,28,Ukraine,43601600,1055047,9699.0,18533,209.0,709993,11803.0,326521,177,24197,425.0,5585615,128106
2021-01-01,23:00:00,20:54:00,28,Ukraine,43600886,1064479,9432.0,18680,147.0,720009,10016.0,325790,177,24414,428.0,5585615,128108
