Date,Scrap_time,Update_time_GMT,Country_id,Country,Population,TotalCases,NewCases,TotalDeaths,NewDeaths,TotalRecovered,NewRecovered,ActiveCases,SeriousCritical,Tot_Cases_1Mpop,Deaths_1Mpop,TotalTests,Tests_1Mpop
2020-08-02,20:00:00,,143,Uruguay,3474792,1278,,35,,1004,,239,5.0,368,10.0,115200,33153
2020-08-08,20:00:00,,143,Uruguay,3474989,1325,47.0,37,2.0,1095,91.0,193,2.0,381,11.0,128814,37069
2020-08-12,20:00:00,,143,Uruguay,3475120,1385,60.0,37,0.0,1157,62.0,191,5.0,399,11.0,135429,38971
2020-08-16,20:00:00,,143,Uruguay,3475251,1434,49.0,38,1.0,1194,37.0,202,4.0,413,11.0,144228,41501
2020-08-17,20:00:00,,143,Uruguay,3475284,1440,6.0,38,0.0,1200,6.0,202,4.0,414,11.0,146266,42087
2020-08-18,20:00:00,,143,Uruguay,3475317,1457,17.0,40,2.0,1205,5.0,212,3.0,419,12.0,147594,42469
2020-08-19,20:00:00,,143,Uruguay,3475350,1485,28.0,40,0.0,1219,14.0,226,4.0,427,12.0,150086,43186
2020-08-20,17:53:00,,143,Uruguay,3475383,1493,8.0,40,0.0,1228,9.0,225,5.0,430,12.0,152121,43771
2020-08-23,21:09:00,,143,Uruguay,3475481,1521,28.0,42,2.0,1264,36.0,215,2.0,438,12.0,158702,45663
2020-08-24,17:10:00,,143,Uruguay,3475514,1527,6.0,42,0.0,1276,12.0,209,2.0,439,12.0,160216,46099
2020-08-25,23:00:00,,143,Uruguay,3475547,1533,6.0,42,0.0,1295,19.0,196,4.0,441,12.0,161637,46507
2020-08-26,22:59:00,,143,Uruguay,3475579,1536,3.0,43,1.0,1309,14.0,184,4.0,442,12.0,163129,46936
2020-08-27,23:00:00,,143,Uruguay,3475612,1543,7.0,43,0.0,1322,13.0,178,4.0,444,12.0,164738,47398
2020-08-28,23:01:00,,143,Uruguay,3475645,1551,8.0,43,0.0,1333,11.0,175,4.0,446,12.0,166117,47795
2020-08-29,12:29:00,,143,Uruguay,3475678,1556,5.0,43,0.0,1352,19.0,161,3.0,448,12.0,167716,48254
2020-08-30,23:00:00,,143,Uruguay,3475711,1570,14.0,44,1.0,1364,12.0,162,3.0,452,13.0,171237,49267
2020-08-31,18:58:00,,143,Uruguay,3475743,1585,15.0,44,0.0,1378,14.0,163,3.0,456,13.0,172081,49509
2020-09-01,23:00:00,,143,Uruguay,3475776,1595,10.0,44,0.0,1409,31.0,142,3.0,459,13.0,173187,49827
2020-09-02,23:01:00,,143,Uruguay,3475809,1611,16.0,44,0.0,1419,10.0,148,3.0,463,13.0,175080,50371
2020-09-03,23:01:00,,143,Uruguay,3475842,1626,15.0,44,0.0,1433,14.0,149,3.0,468,13.0,176981,50917
2020-09-04,07:01:00,,143,Uruguay,3475875,1636,10.0,44,0.0,1437,4.0,155,3.0,471,13.0,178629,51391
2020-09-05,23:31:00,,143,Uruguay,3475908,1653,17.0,45,1.0,1446,9.0,162,2.0,476,13.0,180739,51998
2020-09-06,18:30:00,,143,Uruguay,3475940,1669,16.0,45,0.0,1459,13.0,165,3.0,480,13.0,183906,52908
2020-09-07,23:39:00,,143,Uruguay,3475973,1679,10.0,45,0.0,1459,0.0,175,3.0,483,13.0,185710,53427
2020-09-08,22:10:00,,143,Uruguay,3476006,1693,14.0,45,0.0,1466,7.0,182,3.0,487,13.0,186883,53764
2020-09-10,22:01:00,,143,Uruguay,3476072,1741,48.0,45,0.0,1478,12.0,218,2.0,501,13.0,190356,54762
2020-09-11,22:00:00,,143,Uruguay,3476104,1759,18.0,45,0.0,1484,6.0,230,1.0,506,13.0,192578,55401
2020-09-12,22:22:00,,143,Uruguay,3476137,1773,14.0,45,0.0,1490,6.0,238,1.0,510,13.0,195199,56154
2020-09-13,22:01:00,,143,Uruguay,3476170,1780,7.0,45,0.0,1502,12.0,233,1.0,512,13.0,196892,56640
2020-09-14,22:04:00,,143,Uruguay,3476203,1808,28.0,45,0.0,1513,11.0,250,1.0,520,13.0,198041,56970
2020-09-15,21:00:00,,143,Uruguay,3476236,1812,4.0,45,0.0,1528,15.0,239,1.0,521,13.0,201435,57946
2020-09-16,21:01:00,,143,Uruguay,3476268,1827,15.0,45,0.0,1545,17.0,237,1.0,526,13.0,203232,58463
2020-09-18,20:01:00,,143,Uruguay,3476334,1876,49.0,46,1.0,1582,37.0,248,,540,13.0,208293,59917
2020-09-19,21:00:00,,143,Uruguay,3476367,1890,14.0,46,0.0,1603,21.0,241,,544,13.0,210199,60465
2020-09-20,22:31:00,,143,Uruguay,3476400,1904,14.0,46,0.0,1612,9.0,246,,548,13.0,211556,60855
2020-09-21,21:01:00,,143,Uruguay,3476432,1917,13.0,46,0.0,1621,9.0,250,,551,13.0,212901,61241
2020-09-22,21:01:00,,143,Uruguay,3476465,1927,10.0,46,0.0,1634,13.0,247,,554,13.0,216358,62235
2020-09-23,19:58:00,,143,Uruguay,3476498,1934,7.0,46,0.0,1645,11.0,243,2.0,556,13.0,218239,62776
2020-09-24,21:00:00,,143,Uruguay,3476531,1946,12.0,47,1.0,1661,16.0,238,2.0,560,14.0,221313,63659
2020-09-25,21:00:00,,143,Uruguay,3476564,1959,13.0,47,0.0,1679,18.0,233,2.0,563,14.0,224322,64524
2020-09-26,21:00:00,,143,Uruguay,3476597,1967,8.0,47,0.0,1710,31.0,210,2.0,566,14.0,225803,64949
2020-09-27,22:45:00,,143,Uruguay,3476629,1998,31.0,47,0.0,1716,6.0,235,2.0,575,14.0,228335,65677
2020-09-28,22:00:00,,143,Uruguay,3476662,2008,10.0,47,0.0,1728,12.0,233,2.0,578,14.0,229518,66017
2020-09-29,21:35:00,,143,Uruguay,3476695,2010,2.0,47,0.0,1755,27.0,208,2.0,578,14.0,232359,66833
2020-09-30,22:00:00,,143,Uruguay,3476728,2033,23.0,48,1.0,1771,16.0,214,3.0,585,14.0,233902,67276
2020-10-01,21:31:00,,143,Uruguay,3476761,2046,13.0,48,0.0,1791,20.0,207,3.0,588,14.0,236255,67953
2020-10-02,22:36:00,,143,Uruguay,3476793,2061,15.0,48,0.0,1809,18.0,204,3.0,593,14.0,238916,68717
2020-10-03,22:24:00,,143,Uruguay,3476826,2097,36.0,48,0.0,1824,15.0,225,2.0,603,14.0,242136,69643
2020-10-04,21:01:00,,143,Uruguay,3476859,2122,25.0,48,0.0,1831,7.0,243,2.0,610,14.0,245197,70523
2020-10-05,22:13:00,,143,Uruguay,3476892,2145,23.0,48,0.0,1844,13.0,253,2.0,617,14.0,246766,70973
2020-10-06,23:01:00,,143,Uruguay,3476925,2155,10.0,48,0.0,1862,18.0,245,3.0,620,14.0,248736,71539
2020-10-07,23:01:00,,143,Uruguay,3476957,2177,22.0,49,1.0,1878,16.0,250,2.0,626,14.0,251361,72293
2020-10-08,23:59:00,,143,Uruguay,3476990,2206,29.0,49,0.0,1890,12.0,267,1.0,634,14.0,254180,73103
2020-10-09,23:00:00,,143,Uruguay,3477023,2226,20.0,49,0.0,1904,14.0,273,2.0,640,14.0,256777,73850
2020-10-10,23:00:00,,143,Uruguay,3477056,2251,25.0,49,0.0,1917,13.0,285,2.0,647,14.0,259772,74710
2020-10-12,23:10:00,,143,Uruguay,3477121,2294,43.0,50,1.0,1942,25.0,302,2.0,660,14.0,264087,75950
2020-10-13,23:01:00,,143,Uruguay,3477154,2313,19.0,51,1.0,1950,8.0,312,1.0,665,15.0,266427,76622
2020-10-14,23:01:00,,143,Uruguay,3477187,2337,24.0,51,0.0,1987,37.0,299,1.0,672,15.0,268240,77143
2020-10-15,14:09:00,11:06:00,143,Uruguay,3477220,2388,51.0,51,0.0,2007,20.0,330,1.0,687,15.0,270780,77873
2020-10-16,22:08:00,19:06:00,143,Uruguay,3477253,2417,29.0,51,0.0,2025,18.0,341,2.0,695,15.0,273605,78684
2020-10-17,23:01:00,19:58:00,143,Uruguay,3477286,2450,33.0,51,0.0,2042,17.0,357,2.0,705,15.0,276559,79533
2020-10-18,22:05:00,19:03:00,143,Uruguay,3477318,2501,51.0,51,0.0,2052,10.0,398,3.0,719,15.0,279160,80280
2020-10-19,22:05:00,18:59:00,143,Uruguay,3477351,2531,30.0,51,0.0,2105,53.0,375,4.0,728,15.0,281249,80880
2020-10-20,22:05:00,19:04:00,143,Uruguay,3477384,2560,29.0,51,0.0,2121,16.0,388,5.0,736,15.0,283904,81643
2020-10-21,22:05:00,19:03:00,143,Uruguay,3477417,2623,63.0,52,1.0,2142,21.0,429,6.0,754,15.0,286583,82413
2020-10-22,22:05:00,19:04:00,143,Uruguay,3477450,2663,40.0,53,1.0,2172,30.0,438,7.0,766,15.0,290095,83422
2020-10-23,22:05:00,19:02:00,143,Uruguay,3477482,2701,38.0,53,0.0,2204,32.0,444,7.0,777,15.0,292525,84120
2020-10-24,23:41:00,20:40:00,143,Uruguay,3477515,2759,58.0,53,0.0,2241,37.0,465,8.0,793,15.0,295579,84997
2020-10-25,23:00:00,20:58:00,143,Uruguay,3477548,2807,48.0,53,0.0,2301,60.0,453,9.0,807,15.0,299200,86038
2020-10-26,23:00:00,20:56:00,143,Uruguay,3477581,2851,44.0,53,0.0,2351,50.0,447,11.0,820,15.0,302334,86938
2020-10-27,23:00:00,20:58:00,143,Uruguay,3477614,2872,21.0,54,1.0,2411,60.0,407,11.0,826,16.0,304815,87651
2020-10-28,23:00:00,20:58:00,143,Uruguay,3477646,2916,44.0,54,0.0,2455,44.0,407,8.0,838,16.0,307253,88351
2020-10-29,23:00:00,20:57:00,143,Uruguay,3477679,2981,65.0,55,1.0,2481,26.0,445,8.0,857,16.0,310963,89417
2020-10-30,23:00:00,20:58:00,143,Uruguay,3477712,3044,63.0,57,2.0,2504,23.0,483,11.0,875,16.0,314820,90525
2020-10-31,23:00:00,20:59:00,143,Uruguay,3477745,3082,38.0,58,1.0,2532,28.0,492,11.0,886,17.0,317516,91299
2020-11-01,23:00:00,20:59:00,143,Uruguay,3477778,3124,42.0,58,0.0,2560,28.0,506,10.0,898,17.0,320589,92182
2020-11-02,23:00:00,20:57:00,143,Uruguay,3477810,3149,25.0,59,1.0,2601,41.0,489,10.0,905,17.0,323930,93142
2020-11-03,23:00:00,20:59:00,143,Uruguay,3477843,3165,16.0,60,1.0,2658,57.0,447,9.0,910,17.0,325144,93490
2020-11-04,23:00:00,20:57:00,143,Uruguay,3477876,3196,31.0,61,1.0,2727,69.0,408,6.0,919,18.0,327794,94251
2020-11-05,23:00:00,20:59:00,143,Uruguay,3477909,3245,49.0,61,0.0,2770,43.0,414,5.0,933,18.0,330875,95136
2020-11-06,23:00:00,20:58:00,143,Uruguay,3477942,3309,64.0,61,0.0,2814,44.0,434,6.0,951,18.0,334146,96076
2020-11-07,23:00:00,20:57:00,143,Uruguay,3477975,3370,61.0,61,0.0,2853,39.0,456,6.0,969,18.0,337189,96950
2020-11-08,23:00:00,20:49:00,143,Uruguay,3478007,3441,71.0,61,0.0,2903,50.0,477,7.0,989,18.0,340124,97793
2020-11-09,23:00:00,20:59:00,143,Uruguay,3478040,3514,73.0,62,1.0,2943,40.0,509,8.0,1010,18.0,344350,99007
2020-11-10,23:00:00,20:59:00,143,Uruguay,3478073,3560,46.0,62,0.0,2993,50.0,505,10.0,1024,18.0,347344,99867
2020-11-11,23:00:00,20:56:00,143,Uruguay,3478106,3620,60.0,62,0.0,3034,41.0,524,10.0,1041,18.0,350629,100810
2020-11-12,23:00:00,20:59:00,143,Uruguay,3478139,3700,80.0,63,1.0,3078,44.0,559,8.0,1064,18.0,354970,102057
2020-11-13,23:00:00,20:58:00,143,Uruguay,3478171,3795,95.0,63,0.0,3103,25.0,629,8.0,1091,18.0,358772,103150
2020-11-14,23:00:00,20:57:00,143,Uruguay,3478204,3883,88.0,64,1.0,3135,32.0,684,10.0,1116,18.0,361955,104064
2020-11-15,23:00:00,20:53:00,143,Uruguay,3478237,3957,74.0,64,0.0,3175,40.0,718,10.0,1138,18.0,366559,105386
2020-11-16,23:00:00,20:59:00,143,Uruguay,3478270,4030,73.0,65,1.0,3233,58.0,732,10.0,1159,19.0,370424,106497
2020-11-17,23:00:00,20:58:00,143,Uruguay,3478303,4104,74.0,67,2.0,3284,51.0,753,11.0,1180,19.0,373231,107303
2020-11-18,23:00:00,20:57:00,143,Uruguay,3478335,4208,104.0,68,1.0,3348,64.0,792,12.0,1210,20.0,377359,108488
2020-11-19,23:00:00,20:59:00,143,Uruguay,3478368,4296,88.0,68,0.0,3404,56.0,824,9.0,1235,20.0,378410,108790
2020-11-20,23:00:00,20:59:00,143,Uruguay,3478401,4377,81.0,69,1.0,3479,75.0,829,9.0,1258,20.0,385965,110960
2020-11-21,23:00:00,20:58:00,143,Uruguay,3478434,4477,100.0,69,0.0,3547,68.0,861,9.0,1287,20.0,390704,112322
2020-11-22,23:00:00,20:59:00,143,Uruguay,3478467,4564,87.0,69,0.0,3621,74.0,874,9.0,1312,20.0,394631,113450
2020-11-23,23:00:00,20:58:00,143,Uruguay,3478499,4699,135.0,71,2.0,3679,58.0,949,12.0,1351,20.0,399366,114810
2020-11-24,23:00:00,20:57:00,143,Uruguay,3478532,4763,64.0,71,0.0,3764,85.0,928,14.0,1369,20.0,401497,115421
2020-11-25,23:00:00,20:58:00,143,Uruguay,3478565,4870,107.0,72,1.0,3827,63.0,971,13.0,1400,21.0,406500,116859
2020-11-26,23:00:00,20:47:00,143,Uruguay,3478598,4988,118.0,73,1.0,3923,96.0,992,12.0,1434,21.0,412263,118514
2020-11-27,23:00:00,20:59:00,143,Uruguay,3478631,5117,129.0,74,1.0,4021,98.0,1022,11.0,1471,21.0,416093,119614
2020-11-28,23:00:00,20:46:00,143,Uruguay,3478663,5303,186.0,74,0.0,4107,86.0,1122,12.0,1524,21.0,420422,120857
2020-11-29,23:00:00,20:51:00,143,Uruguay,3478696,5511,208.0,75,1.0,4185,78.0,1251,15.0,1584,22.0,424334,121981
2020-11-30,23:00:00,20:57:00,143,Uruguay,3478729,5716,205.0,76,1.0,4267,82.0,1373,16.0,1643,22.0,430201,123666
2020-12-01,23:00:00,20:55:00,143,Uruguay,3478762,5857,141.0,77,1.0,4357,90.0,1423,18.0,1684,22.0,433899,124728
2020-12-02,23:00:00,20:58:00,143,Uruguay,3478795,6024,167.0,78,1.0,4483,126.0,1463,22.0,1732,22.0,437520,125768
2020-12-03,23:00:00,20:59:00,143,Uruguay,3478828,6225,201.0,80,2.0,4584,101.0,1561,24.0,1789,23.0,442787,127281
2020-12-04,23:00:00,20:57:00,143,Uruguay,3478860,6455,230.0,80,0.0,4707,123.0,1668,23.0,1855,23.0,448386,128889
2020-12-05,23:00:00,20:58:00,143,Uruguay,3478893,6731,276.0,80,0.0,4826,119.0,1825,25.0,1935,23.0,455859,131036
2020-12-06,23:00:00,20:51:00,143,Uruguay,3478926,6965,234.0,81,1.0,4946,120.0,1938,28.0,2002,23.0,460820,132460
2020-12-07,23:00:00,20:57:00,143,Uruguay,3478959,7303,338.0,82,1.0,5062,116.0,2159,26.0,2099,24.0,468182,134575
2020-12-08,23:00:00,20:59:00,143,Uruguay,3478992,7505,202.0,83,1.0,5240,178.0,2182,27.0,2157,24.0,472299,135757
2020-12-09,23:00:00,20:59:00,143,Uruguay,3479024,7806,301.0,86,3.0,5415,175.0,2305,26.0,2244,25.0,477921,137372
2020-12-10,23:00:00,20:59:00,143,Uruguay,3479057,8104,298.0,87,1.0,5564,149.0,2453,28.0,2329,25.0,484274,139197
2020-12-11,23:00:00,20:59:00,143,Uruguay,3479090,8487,383.0,90,3.0,5747,183.0,2650,33.0,2439,26.0,490659,141031
2020-12-12,23:00:00,20:58:00,143,Uruguay,3479123,8849,362.0,90,0.0,5941,194.0,2818,37.0,2543,26.0,496704,142767
2020-12-13,23:00:00,20:59:00,143,Uruguay,3479156,9180,331.0,91,1.0,6155,214.0,2934,40.0,2639,26.0,503373,144683
2020-12-14,23:35:00,21:34:00,143,Uruguay,3479188,9708,528.0,92,1.0,6358,203.0,3258,38.0,2790,26.0,510031,146595
2020-12-15,23:00:00,20:59:00,143,Uruguay,3479221,10029,321.0,95,3.0,6593,235.0,3341,39.0,2883,27.0,514906,147995
2020-12-16,23:00:00,20:58:00,143,Uruguay,3479254,10418,389.0,98,3.0,6895,302.0,3425,42.0,2994,28.0,521173,149794
2020-12-17,23:00:00,20:56:00,143,Uruguay,3479287,10893,475.0,102,4.0,7142,247.0,3649,44.0,3131,29.0,528583,151923
2020-12-18,23:00:00,20:57:00,143,Uruguay,3479320,11436,543.0,105,3.0,7406,264.0,3925,44.0,3287,30.0,537278,154420
2020-12-19,23:59:00,22:11:00,143,Uruguay,3479352,11950,514.0,109,4.0,7699,293.0,4142,44.0,3435,31.0,544455,156482
2020-12-20,23:00:00,20:54:00,143,Uruguay,3479385,12557,607.0,114,5.0,8002,303.0,4441,49.0,3609,33.0,552704,158851
2020-12-21,23:00:00,20:59:00,143,Uruguay,3479418,13048,491.0,119,5.0,8327,325.0,4602,55.0,3750,34.0,559257,160733
2020-12-22,23:00:00,20:59:00,143,Uruguay,3479451,13477,429.0,119,0.0,8688,361.0,4670,59.0,3873,34.0,565207,162441
2020-12-23,23:00:00,20:58:00,143,Uruguay,3479484,14001,524.0,120,1.0,9127,439.0,4754,59.0,4024,34.0,572581,164559
2020-12-24,23:00:00,20:55:00,143,Uruguay,3479517,14710,709.0,128,8.0,9574,447.0,5008,59.0,4228,37.0,583473,167688
2020-12-25,23:00:00,20:59:00,143,Uruguay,3479549,15457,747.0,135,7.0,10040,466.0,5282,63.0,4442,39.0,596819,171522
2020-12-26,23:00:00,20:59:00,143,Uruguay,3479582,15848,391.0,143,8.0,10479,439.0,5226,62.0,4555,41.0,603034,173306
2020-12-27,23:00:00,20:56:00,143,Uruguay,3479615,16218,370.0,147,4.0,10847,368.0,5224,71.0,4661,42.0,606387,174268
2020-12-28,23:00:00,20:58:00,143,Uruguay,3479648,16728,510.0,158,11.0,11366,519.0,5204,63.0,4807,45.0,613379,176276
2020-12-29,23:00:00,20:54:00,143,Uruguay,3479681,17306,578.0,160,2.0,11966,600.0,5180,74.0,4973,46.0,618802,177833
2020-12-30,23:00:00,20:54:00,143,Uruguay,3479713,17962,656.0,168,8.0,12506,540.0,5288,74.0,5162,48.0,625939,179882
2020-12-31,23:00:00,20:44:00,143,Uruguay,3479746,18480,518.0,174,6.0,12996,490.0,5310,74.0,5311,50.0,633349,182010
2021-01-01,23:00:00,20:54:00,143,Uruguay,3479779,19119,639.0,181,7.0,13468,472.0,5470,72.0,5494,52.0,640128,183957
2021-01-02,23:00:00,20:56:00,143,Uruguay,3479812,19753,634.0,193,12.0,13990,522.0,5570,74.0,5676,55.0,644768,185288
2021-01-03,23:00:00,20:59:00,143,Uruguay,3479845,20275,522.0,201,8.0,14592,602.0,5482,64.0,5826,58.0,648741,186428
2021-01-04,23:00:00,20:57:00,143,Uruguay,3479877,20823,548.0,204,3.0,15125,533.0,5494,73.0,5984,59.0,654191,187993
2021-01-05,23:00:00,20:51:00,143,Uruguay,3479910,21426,603.0,211,7.0,15539,414.0,5676,72.0,6157,61.0,659229,189439
2021-01-06,23:00:00,20:59:00,143,Uruguay,3479943,22104,678.0,217,6.0,15919,380.0,5968,73.0,6352,62.0,667116,191703
2021-01-07,23:00:00,20:59:00,143,Uruguay,3479976,23048,944.0,221,4.0,16540,621.0,6287,72.0,6623,64.0,673650,193579
2021-01-08,23:00:00,20:59:00,143,Uruguay,3480009,23807,759.0,231,10.0,17098,558.0,6478,79.0,6841,66.0,679681,195310
2021-01-09,23:00:00,20:55:00,143,Uruguay,3480041,24339,532.0,240,9.0,17677,579.0,6422,84.0,6994,69.0,686896,197382
