Date,Scrap_time,Update_time_GMT,Country_id,Country,Population,TotalCases,NewCases,TotalDeaths,NewDeaths,TotalRecovered,NewRecovered,ActiveCases,SeriousCritical,Tot_Cases_1Mpop,Deaths_1Mpop,TotalTests,Tests_1Mpop
2020-08-02,20:00:00,,58,Uzbekistan,33509398,25336,,151,,15833,,9352,185,756,5.0,1377915,41120
2020-08-08,20:00:00,,58,Uzbekistan,33517353,29652,4316.0,187,36.0,21006,5173.0,8459,228,885,6.0,1377915,41110
2020-08-12,20:00:00,,58,Uzbekistan,33522656,32215,2563.0,208,21.0,24090,3084.0,7917,428,961,6.0,1377915,41104
2020-08-16,20:00:00,,58,Uzbekistan,33527959,34701,2486.0,226,18.0,30043,5953.0,4432,410,1035,7.0,1377915,41097
2020-08-17,20:00:00,,58,Uzbekistan,33529285,35702,1001.0,236,10.0,30973,930.0,4493,410,1065,7.0,1377915,41096
2020-08-18,20:00:00,,58,Uzbekistan,33530611,36352,650.0,242,6.0,32062,1089.0,4048,410,1084,7.0,1377915,41094
2020-08-19,20:00:00,,58,Uzbekistan,33531937,36518,166.0,243,1.0,32223,161.0,4052,410,1089,7.0,1377915,41093
2020-08-20,17:53:00,,58,Uzbekistan,33533263,37547,1029.0,252,9.0,33261,1038.0,4034,410,1120,8.0,1377915,41091
2020-08-23,21:09:00,,58,Uzbekistan,33537240,38870,1323.0,271,19.0,34894,1633.0,3705,259,1159,8.0,1377915,41086
2020-08-24,17:10:00,,58,Uzbekistan,33538566,39156,286.0,277,6.0,35283,389.0,3596,249,1167,8.0,1377915,41084
2020-08-25,23:00:00,,58,Uzbekistan,33539892,39641,485.0,284,7.0,35869,586.0,3488,249,1182,8.0,1377915,41083
2020-08-26,22:59:00,,58,Uzbekistan,33541218,39964,323.0,291,7.0,36402,533.0,3271,249,1191,9.0,1377915,41081
2020-08-27,23:00:00,,58,Uzbekistan,33542544,40338,374.0,297,6.0,37116,714.0,2925,139,1203,9.0,1377915,41080
2020-08-28,23:01:00,,58,Uzbekistan,33543869,40720,382.0,302,5.0,37873,757.0,2545,133,1214,9.0,1377915,41078
2020-08-29,12:29:00,,58,Uzbekistan,33545195,40953,233.0,305,3.0,37947,74.0,2701,133,1221,9.0,1377915,41076
2020-08-30,23:00:00,,58,Uzbekistan,33546521,41424,471.0,313,8.0,38655,708.0,2456,133,1235,9.0,1377915,41075
2020-08-31,18:58:00,,58,Uzbekistan,33547847,41787,363.0,319,6.0,39068,413.0,2400,133,1246,10.0,1377915,41073
2020-09-01,23:00:00,,58,Uzbekistan,33549173,42127,340.0,323,4.0,39538,470.0,2266,147,1256,10.0,1377915,41072
2020-09-02,23:01:00,,58,Uzbekistan,33550499,42437,310.0,327,4.0,39664,126.0,2446,147,1265,10.0,1377915,41070
2020-09-03,23:01:00,,58,Uzbekistan,33551824,42688,251.0,331,4.0,40081,417.0,2276,147,1272,10.0,1377915,41068
2020-09-04,07:01:00,,58,Uzbekistan,33553150,42688,0.0,331,0.0,40081,0.0,2276,147,1272,10.0,1377915,41067
2020-09-05,23:31:00,,58,Uzbekistan,33554476,43293,605.0,343,12.0,40774,693.0,2176,181,1290,10.0,1377915,41065
2020-09-06,18:30:00,,58,Uzbekistan,33555802,43476,183.0,345,2.0,40880,106.0,2251,181,1296,10.0,1377915,41063
2020-09-07,23:39:00,,58,Uzbekistan,33557128,43893,417.0,352,7.0,41531,651.0,2010,219,1308,10.0,1377915,41062
2020-09-08,22:10:00,,58,Uzbekistan,33558454,44281,388.0,358,6.0,41594,63.0,2329,224,1320,11.0,1377915,41060
2020-09-09,22:01:00,,58,Uzbekistan,33559779,44781,500.0,364,6.0,42162,568.0,2255,226,1334,11.0,1377915,41059
2020-09-10,22:01:00,,58,Uzbekistan,33561105,45473,692.0,370,6.0,42509,347.0,2594,224,1355,11.0,1377915,41057
2020-09-11,22:00:00,,58,Uzbekistan,33562431,46160,687.0,377,7.0,42857,348.0,2926,224,1375,11.0,1377915,41055
2020-09-12,22:22:00,,58,Uzbekistan,33563757,46721,561.0,384,7.0,43359,502.0,2978,224,1392,11.0,1377915,41054
2020-09-13,22:01:00,,58,Uzbekistan,33565083,47042,321.0,388,4.0,43511,152.0,3143,224,1402,12.0,1377915,41052
2020-09-14,22:04:00,,58,Uzbekistan,33566409,47836,794.0,396,8.0,44375,864.0,3065,246,1425,12.0,1377915,41050
2020-09-15,21:00:00,,58,Uzbekistan,33567734,48429,593.0,402,6.0,44942,567.0,3085,243,1443,12.0,1377915,41049
2020-09-16,21:01:00,,58,Uzbekistan,33569060,49015,586.0,407,5.0,45422,480.0,3186,243,1460,12.0,1377915,41047
2020-09-18,20:01:00,,58,Uzbekistan,33571712,50253,1238.0,419,12.0,46527,1105.0,3307,243,1497,12.0,1377915,41044
2020-09-19,21:00:00,,58,Uzbekistan,33573038,50872,619.0,425,6.0,47121,594.0,3326,243,1515,13.0,1377915,41042
2020-09-20,22:31:00,,58,Uzbekistan,33574364,51640,768.0,433,8.0,47932,811.0,3275,267,1538,13.0,1377915,41041
2020-09-21,21:01:00,,58,Uzbekistan,33575689,52070,430.0,437,4.0,48369,437.0,3264,245,1551,13.0,1377915,41039
2020-09-22,21:01:00,,58,Uzbekistan,33577015,52685,615.0,442,5.0,49067,698.0,3176,283,1569,13.0,1377915,41037
2020-09-23,19:58:00,,58,Uzbekistan,33578341,53275,590.0,444,2.0,49649,582.0,3182,283,1587,13.0,1377915,41036
2020-09-24,21:00:00,,58,Uzbekistan,33579667,53834,559.0,446,2.0,50230,581.0,3158,283,1603,13.0,1377915,41034
2020-09-25,21:00:00,,58,Uzbekistan,33580993,54392,558.0,449,3.0,50879,649.0,3064,283,1620,13.0,1377915,41033
2020-09-26,21:00:00,,58,Uzbekistan,33582319,54462,70.0,450,1.0,50954,75.0,3058,283,1622,13.0,1377915,41031
2020-09-27,22:45:00,,58,Uzbekistan,33583644,55320,858.0,458,8.0,51829,875.0,3033,283,1647,14.0,1377915,41029
2020-09-28,22:00:00,,58,Uzbekistan,33584970,55776,456.0,460,2.0,52324,495.0,2992,283,1661,14.0,1377915,41028
2020-09-29,21:35:00,,58,Uzbekistan,33586296,56252,476.0,465,5.0,52859,535.0,2928,283,1675,14.0,1377915,41026
2020-09-30,22:00:00,,58,Uzbekistan,33587622,56717,465.0,470,5.0,53366,507.0,2881,283,1689,14.0,1377915,41024
2020-10-01,21:31:00,,58,Uzbekistan,33588948,56997,280.0,471,1.0,53457,91.0,3069,283,1697,14.0,1377915,41023
2020-10-02,22:36:00,,58,Uzbekistan,33590274,57454,457.0,472,1.0,53955,498.0,3027,283,1710,14.0,1377915,41021
2020-10-03,22:24:00,,58,Uzbekistan,33591599,57924,470.0,476,4.0,54456,501.0,2992,283,1724,14.0,1377915,41020
2020-10-04,21:01:00,,58,Uzbekistan,33592925,58421,497.0,479,3.0,54854,398.0,3088,252,1739,14.0,1377915,41018
2020-10-05,22:13:00,,58,Uzbekistan,33594251,58946,525.0,485,6.0,55633,779.0,2828,252,1755,14.0,1377915,41016
2020-10-06,23:01:00,,58,Uzbekistan,33595577,59343,397.0,489,4.0,56058,425.0,2796,252,1766,15.0,1377915,41015
2020-10-07,23:01:00,,58,Uzbekistan,33596903,59579,236.0,491,2.0,56165,107.0,2923,252,1773,15.0,1377915,41013
2020-10-08,23:59:00,,58,Uzbekistan,33598229,60026,447.0,496,5.0,56837,672.0,2693,252,1787,15.0,1377915,41012
2020-10-09,23:00:00,,58,Uzbekistan,33599554,60342,316.0,498,2.0,57221,384.0,2623,252,1796,15.0,1377915,41010
2020-10-10,23:00:00,,58,Uzbekistan,33600880,60776,434.0,502,4.0,57704,483.0,2570,252,1809,15.0,1377915,41008
2020-10-12,23:10:00,,58,Uzbekistan,33603532,61319,543.0,509,7.0,58306,602.0,2504,252,1825,15.0,1377915,41005
2020-10-13,23:01:00,,58,Uzbekistan,33604858,61642,323.0,511,2.0,58613,307.0,2518,252,1834,15.0,1377915,41003
2020-10-14,23:01:00,,58,Uzbekistan,33606184,61859,217.0,512,1.0,58763,150.0,2584,252,1841,15.0,1377915,41002
2020-10-15,14:09:00,11:06:00,58,Uzbekistan,33607509,62175,316.0,516,4.0,59095,332.0,2564,252,1850,15.0,1377915,41000
2020-10-16,22:08:00,19:06:00,58,Uzbekistan,33608835,62588,413.0,520,4.0,59624,529.0,2444,252,1862,15.0,1377915,40999
2020-10-17,23:01:00,19:58:00,58,Uzbekistan,33610161,62809,221.0,522,2.0,59756,132.0,2531,252,1869,16.0,1377915,40997
2020-10-18,22:05:00,19:03:00,58,Uzbekistan,33611487,63124,315.0,525,3.0,60080,324.0,2519,252,1878,16.0,1377915,40995
2020-10-19,22:05:00,18:59:00,58,Uzbekistan,33612813,63523,399.0,531,6.0,60604,524.0,2388,252,1890,16.0,1377915,40994
2020-10-20,22:05:00,19:04:00,58,Uzbekistan,33614139,63831,308.0,534,3.0,60910,306.0,2387,252,1899,16.0,1377915,40992
2020-10-21,22:05:00,19:03:00,58,Uzbekistan,33615464,64010,179.0,534,0.0,61068,158.0,2408,252,1904,16.0,1377915,40991
2020-10-22,22:05:00,19:04:00,58,Uzbekistan,33616790,64439,429.0,540,6.0,61658,590.0,2241,252,1917,16.0,1377915,40989
2020-10-23,22:05:00,19:02:00,58,Uzbekistan,33618116,64724,285.0,542,2.0,61957,299.0,2225,252,1925,16.0,1377915,40987
2020-10-24,23:41:00,20:40:00,58,Uzbekistan,33619442,64923,199.0,544,2.0,62033,76.0,2346,252,1931,16.0,1377915,40986
2020-10-25,23:00:00,20:58:00,58,Uzbekistan,33620768,65307,384.0,549,5.0,62509,476.0,2249,252,1942,16.0,1377915,40984
2020-10-26,23:00:00,20:56:00,58,Uzbekistan,33622094,65667,360.0,552,3.0,62876,367.0,2239,252,1953,16.0,1377915,40982
2020-10-27,23:00:00,20:58:00,58,Uzbekistan,33623419,65881,214.0,556,4.0,63044,168.0,2281,252,1959,17.0,1377915,40981
2020-10-28,23:00:00,20:58:00,58,Uzbekistan,33624745,66141,260.0,558,2.0,63323,279.0,2260,252,1967,17.0,1377915,40979
2020-10-29,23:00:00,20:57:00,58,Uzbekistan,33626071,66392,251.0,561,3.0,63581,258.0,2250,252,1974,17.0,1377915,40978
2020-10-30,23:00:00,20:58:00,58,Uzbekistan,33627397,66628,236.0,563,2.0,63864,283.0,2201,252,1981,17.0,1377915,40976
2020-10-31,23:00:00,20:59:00,58,Uzbekistan,33628723,66628,0.0,563,0.0,63864,0.0,2201,252,1981,17.0,1377915,40974
2020-11-01,23:00:00,20:59:00,58,Uzbekistan,33630049,67101,473.0,570,7.0,64354,490.0,2177,266,1995,17.0,1377915,40973
2020-11-02,23:00:00,20:57:00,58,Uzbekistan,33631374,67254,153.0,571,1.0,64466,112.0,2217,266,2000,17.0,1377915,40971
2020-11-03,23:00:00,20:59:00,58,Uzbekistan,33632700,67553,299.0,574,3.0,64815,349.0,2164,266,2009,17.0,1377915,40970
2020-11-04,23:00:00,20:57:00,58,Uzbekistan,33634026,67779,226.0,577,3.0,65001,186.0,2201,257,2015,17.0,1377915,40968
2020-11-05,23:00:00,20:59:00,58,Uzbekistan,33635352,68009,230.0,579,2.0,65254,253.0,2176,257,2022,17.0,1377915,40966
2020-11-06,23:00:00,20:58:00,58,Uzbekistan,33636678,68139,130.0,579,0.0,65333,79.0,2227,257,2026,17.0,1377915,40965
2020-11-07,23:00:00,20:57:00,58,Uzbekistan,33638004,68367,228.0,581,2.0,65550,217.0,2236,257,2032,17.0,1377915,40963
2020-11-08,23:00:00,20:49:00,58,Uzbekistan,33639329,68512,145.0,583,2.0,65762,212.0,2167,250,2037,17.0,1377915,40961
2020-11-09,23:00:00,20:59:00,58,Uzbekistan,33640655,68879,367.0,586,3.0,66107,345.0,2186,250,2047,17.0,1377915,40960
2020-11-10,23:00:00,20:59:00,58,Uzbekistan,33641981,69027,148.0,588,2.0,66194,87.0,2245,250,2052,17.0,1377915,40958
2020-11-11,23:00:00,20:56:00,58,Uzbekistan,33643307,69330,303.0,591,3.0,66609,415.0,2130,250,2061,18.0,1377915,40957
2020-11-12,23:00:00,20:59:00,58,Uzbekistan,33644633,69560,230.0,593,2.0,66814,205.0,2153,250,2067,18.0,1377915,40955
2020-11-13,23:00:00,20:58:00,58,Uzbekistan,33645959,69754,194.0,594,1.0,66886,72.0,2274,250,2073,18.0,1377915,40953
2020-11-14,23:00:00,20:57:00,58,Uzbekistan,33647284,69987,233.0,594,0.0,67241,355.0,2152,250,2080,18.0,1377915,40952
2020-11-15,23:00:00,20:53:00,58,Uzbekistan,33648610,70181,194.0,598,4.0,67446,205.0,2137,250,2086,18.0,1377915,40950
2020-11-16,23:00:00,20:59:00,58,Uzbekistan,33649936,70299,118.0,598,0.0,67526,80.0,2175,250,2089,18.0,1377915,40949
2020-11-17,23:00:00,20:58:00,58,Uzbekistan,33651262,70581,282.0,598,0.0,67859,333.0,2124,250,2097,18.0,1377915,40947
2020-11-18,23:00:00,20:57:00,58,Uzbekistan,33652588,70781,200.0,599,1.0,68042,183.0,2140,250,2103,18.0,1377915,40945
2020-11-19,23:00:00,20:59:00,58,Uzbekistan,33653914,70921,140.0,601,2.0,68123,81.0,2197,250,2107,18.0,1377915,40944
2020-11-20,23:00:00,20:59:00,58,Uzbekistan,33655239,71208,287.0,603,2.0,68451,328.0,2154,250,2116,18.0,1377915,40942
2020-11-21,23:00:00,20:58:00,58,Uzbekistan,33656565,71431,223.0,603,0.0,68659,208.0,2169,250,2122,18.0,1377915,40940
2020-11-22,23:00:00,20:59:00,58,Uzbekistan,33657891,71617,186.0,603,0.0,68827,168.0,2187,217,2128,18.0,1377915,40939
2020-11-23,23:00:00,20:58:00,58,Uzbekistan,33659217,71774,157.0,604,1.0,69054,227.0,2116,217,2132,18.0,1377915,40937
2020-11-24,23:00:00,20:57:00,58,Uzbekistan,33660543,71985,211.0,604,0.0,69240,186.0,2141,217,2139,18.0,1377915,40936
2020-11-25,23:00:00,20:58:00,58,Uzbekistan,33661869,72178,193.0,605,1.0,69455,215.0,2118,199,2144,18.0,1377915,40934
2020-11-26,23:00:00,20:47:00,58,Uzbekistan,33663194,72289,111.0,606,1.0,69477,22.0,2206,201,2147,18.0,1377915,40932
2020-11-27,23:00:00,20:59:00,58,Uzbekistan,33664520,72513,224.0,607,1.0,69780,303.0,2126,201,2154,18.0,1377915,40931
2020-11-28,23:00:00,20:46:00,58,Uzbekistan,33665846,72582,69.0,608,1.0,69859,79.0,2115,199,2156,18.0,1377915,40929
2020-11-29,23:00:00,20:51:00,58,Uzbekistan,33667172,72870,288.0,608,0.0,70151,292.0,2111,198,2164,18.0,1377915,40928
2020-11-30,23:00:00,20:57:00,58,Uzbekistan,33668498,72920,50.0,608,0.0,70198,47.0,2114,198,2166,18.0,1377915,40926
2020-12-01,23:00:00,20:55:00,58,Uzbekistan,33669824,73145,225.0,610,2.0,70337,139.0,2198,172,2172,18.0,1377915,40924
2020-12-02,23:00:00,20:58:00,58,Uzbekistan,33671149,73335,190.0,611,1.0,70534,197.0,2190,177,2178,18.0,1377915,40923
2020-12-03,23:00:00,20:59:00,58,Uzbekistan,33672475,73431,96.0,611,0.0,70712,178.0,2108,177,2181,18.0,1377915,40921
2020-12-04,23:00:00,20:57:00,58,Uzbekistan,33673801,73592,161.0,611,0.0,70861,149.0,2120,174,2185,18.0,1377915,40919
2020-12-05,23:00:00,20:58:00,58,Uzbekistan,33675127,73751,159.0,611,0.0,71002,141.0,2138,174,2190,18.0,1377915,40918
2020-12-06,23:00:00,20:51:00,58,Uzbekistan,33676453,73904,153.0,611,0.0,71173,171.0,2120,177,2195,18.0,1377915,40916
2020-12-07,23:00:00,20:57:00,58,Uzbekistan,33677779,74053,149.0,611,0.0,71315,142.0,2127,177,2199,18.0,1377915,40915
2020-12-08,23:00:00,20:59:00,58,Uzbekistan,33679104,74206,153.0,611,0.0,71482,167.0,2113,179,2203,18.0,1377915,40913
2020-12-09,23:00:00,20:59:00,58,Uzbekistan,33680430,74352,146.0,611,0.0,71609,127.0,2132,179,2208,18.0,1377915,40911
2020-12-10,23:00:00,20:59:00,58,Uzbekistan,33681756,74498,146.0,611,0.0,71740,131.0,2147,179,2212,18.0,1377915,40910
2020-12-11,23:00:00,20:59:00,58,Uzbekistan,33683082,74664,166.0,611,0.0,71921,181.0,2132,179,2217,18.0,1377915,40908
2020-12-12,23:00:00,20:58:00,58,Uzbekistan,33684408,74811,147.0,612,1.0,72084,163.0,2115,179,2221,18.0,1377915,40907
2020-12-13,23:00:00,20:59:00,58,Uzbekistan,33685734,74956,145.0,612,0.0,72243,159.0,2101,177,2225,18.0,1377915,40905
2020-12-14,23:35:00,21:34:00,58,Uzbekistan,33687059,75094,138.0,612,0.0,72368,125.0,2114,176,2229,18.0,1377915,40903
2020-12-15,23:00:00,20:59:00,58,Uzbekistan,33688385,75241,147.0,612,0.0,72522,154.0,2107,174,2233,18.0,1377915,40902
2020-12-16,23:00:00,20:58:00,58,Uzbekistan,33689711,75396,155.0,612,0.0,72661,139.0,2123,174,2238,18.0,1377915,40900
2020-12-17,23:00:00,20:56:00,58,Uzbekistan,33691037,75538,142.0,612,0.0,72810,149.0,2116,174,2242,18.0,1377915,40899
2020-12-18,23:00:00,20:57:00,58,Uzbekistan,33692363,75675,137.0,612,0.0,72961,151.0,2102,169,2246,18.0,1377915,40897
2020-12-19,23:59:00,22:11:00,58,Uzbekistan,33693689,75806,131.0,612,0.0,73099,138.0,2095,171,2250,18.0,1377915,40895
2020-12-20,23:00:00,20:54:00,58,Uzbekistan,33695014,75933,127.0,612,0.0,73242,143.0,2079,171,2254,18.0,1377915,40894
2020-12-21,23:00:00,20:59:00,58,Uzbekistan,33696340,76048,115.0,612,0.0,73339,97.0,2097,171,2257,18.0,1377915,40892
2020-12-22,23:00:00,20:59:00,58,Uzbekistan,33697666,76180,132.0,612,0.0,73460,121.0,2108,169,2261,18.0,1377915,40891
2020-12-23,23:00:00,20:58:00,58,Uzbekistan,33698992,76315,135.0,612,0.0,73589,129.0,2114,169,2265,18.0,1377915,40889
2020-12-24,23:00:00,20:55:00,58,Uzbekistan,33700318,76456,141.0,612,0.0,73746,157.0,2098,169,2269,18.0,1377915,40887
