Date,Scrap_time,Update_time_GMT,Country_id,Country,Population,TotalCases,NewCases,TotalDeaths,NewDeaths,TotalRecovered,NewRecovered,ActiveCases,SeriousCritical,Tot_Cases_1Mpop,Deaths_1Mpop,TotalTests,Tests_1Mpop
2020-08-02,20:00:00,,57,Venezuela,28428595,19443,,169,,11129,,8145,25,684,6.0,1545895,54378
2020-08-08,20:00:00,,57,Venezuela,28427280,24166,4723.0,208,39.0,12470,1341.0,11488,66,850,7.0,1573859,55364
2020-08-12,20:00:00,,57,Venezuela,28426403,27938,3772.0,238,30.0,19706,7236.0,7994,80,983,8.0,1603217,56399
2020-08-16,20:00:00,,57,Venezuela,28425527,32607,4669.0,276,38.0,21747,2041.0,10584,85,1147,10.0,1640528,57713
2020-08-17,20:00:00,,57,Venezuela,28425308,33755,1148.0,281,5.0,22700,953.0,10774,85,1187,10.0,1640528,57714
2020-08-18,20:00:00,,57,Venezuela,28425088,34802,1047.0,288,7.0,23575,875.0,10939,85,1224,10.0,1650917,58080
2020-08-19,20:00:00,,57,Venezuela,28424869,35697,895.0,297,9.0,24561,986.0,10839,85,1256,10.0,1650917,58080
2020-08-20,17:53:00,,57,Venezuela,28424650,36868,1171.0,303,6.0,25416,855.0,11149,85,1297,11.0,1669982,58751
2020-08-23,21:09:00,,57,Venezuela,28423992,38957,2089.0,323,20.0,28453,3037.0,10181,85,1371,11.0,1695541,59652
2020-08-24,17:10:00,,57,Venezuela,28423773,39564,607.0,329,6.0,29966,1513.0,9269,86,1392,12.0,1695541,59652
2020-08-25,23:00:00,,57,Venezuela,28423554,40338,774.0,337,8.0,31080,1114.0,8921,86,1419,12.0,1706093,60024
2020-08-26,22:59:00,,57,Venezuela,28423335,41158,820.0,343,6.0,32015,935.0,8800,86,1448,12.0,1706093,60024
2020-08-27,23:00:00,,57,Venezuela,28423116,41965,807.0,351,8.0,32931,916.0,8683,86,1476,12.0,1723801,60648
2020-08-28,23:01:00,,57,Venezuela,28422897,42898,933.0,358,7.0,34147,1216.0,8393,86,1509,13.0,1734382,61021
2020-08-29,12:29:00,,57,Venezuela,28422677,43879,981.0,366,8.0,34972,825.0,8541,86,1544,13.0,1734382,61021
2020-08-30,23:00:00,,57,Venezuela,28422458,44946,1067.0,375,9.0,36175,1203.0,8396,86,1581,13.0,1754575,61732
2020-08-31,18:58:00,,57,Venezuela,28422239,45868,922.0,381,6.0,37091,916.0,8396,99,1614,13.0,1754575,61732
2020-09-01,23:00:00,,57,Venezuela,28422020,46728,860.0,386,5.0,38112,1021.0,8230,99,1644,14.0,1766576,62155
2020-09-02,23:01:00,,57,Venezuela,28421801,47756,1028.0,391,5.0,39027,915.0,8338,99,1680,14.0,1775594,62473
2020-09-03,23:01:00,,57,Venezuela,28421581,48883,1127.0,398,7.0,39912,885.0,8573,101,1720,14.0,1780734,62654
2020-09-04,07:01:00,,57,Venezuela,28421362,49877,994.0,402,4.0,40574,662.0,8901,101,1755,14.0,1789371,62959
2020-09-05,23:31:00,,57,Venezuela,28421143,50973,1096.0,412,10.0,41249,675.0,9312,102,1793,14.0,1789371,62959
2020-09-06,18:30:00,,57,Venezuela,28420924,52165,1192.0,420,8.0,42006,757.0,9739,102,1835,15.0,1805766,63536
2020-09-07,23:39:00,,57,Venezuela,28420705,53289,1124.0,428,8.0,42006,0.0,10855,105,1875,15.0,1805766,63537
2020-09-08,22:10:00,,57,Venezuela,28420486,54350,1061.0,436,8.0,43753,1747.0,10161,111,1912,15.0,1805766,63537
2020-09-09,22:01:00,,57,Venezuela,28420266,55563,1213.0,444,8.0,44435,682.0,10684,111,1955,16.0,1824287,64190
2020-09-10,22:01:00,,57,Venezuela,28420047,56751,1188.0,452,8.0,45318,883.0,10981,111,1997,16.0,1824287,64190
2020-09-11,22:00:00,,57,Venezuela,28419828,57823,1072.0,460,8.0,46125,807.0,11238,111,2035,16.0,1824287,64191
2020-09-12,22:22:00,,57,Venezuela,28419609,58663,840.0,468,8.0,46960,835.0,11235,111,2064,16.0,1824287,64191
2020-09-13,22:01:00,,57,Venezuela,28419390,59630,967.0,477,9.0,47729,769.0,11424,111,2098,17.0,1824287,64192
2020-09-14,22:04:00,,57,Venezuela,28419170,60540,910.0,485,8.0,48644,915.0,11411,148,2130,17.0,1824287,64192
2020-09-15,21:00:00,,57,Venezuela,28418951,61569,1029.0,494,9.0,49371,727.0,11704,154,2166,17.0,1864663,65613
2020-09-16,21:01:00,,57,Venezuela,28418732,62655,1086.0,502,8.0,50361,990.0,11792,154,2205,18.0,1864663,65614
2020-09-18,20:01:00,,57,Venezuela,28418294,64284,1629.0,520,18.0,52564,2203.0,11200,146,2262,18.0,1864663,65615
2020-09-19,21:00:00,,57,Venezuela,28418075,65174,890.0,530,10.0,54218,1654.0,10426,146,2293,19.0,1897741,66779
2020-09-20,22:31:00,,57,Venezuela,28417855,65949,775.0,539,9.0,55155,937.0,10255,146,2321,19.0,1897741,66780
2020-09-21,21:01:00,,57,Venezuela,28417636,66656,707.0,547,8.0,56096,941.0,10013,146,2346,19.0,1897741,66780
2020-09-22,21:01:00,,57,Venezuela,28417417,67443,787.0,555,8.0,56726,630.0,10162,146,2373,20.0,1909796,67205
2020-09-23,19:58:00,,57,Venezuela,28417198,68453,1010.0,564,9.0,57774,1048.0,10115,146,2409,20.0,1909796,67206
2020-09-24,21:00:00,,57,Venezuela,28416979,69439,986.0,574,10.0,58759,985.0,10106,146,2444,20.0,1920335,67577
2020-09-25,21:00:00,,57,Venezuela,28416760,70406,967.0,581,7.0,59745,986.0,10080,146,2478,20.0,1920335,67578
2020-09-26,21:00:00,,57,Venezuela,28416540,71273,867.0,591,10.0,60709,964.0,9973,202,2508,21.0,1927870,67843
2020-09-27,22:45:00,,57,Venezuela,28416321,71940,667.0,600,9.0,61528,819.0,9812,202,2532,21.0,1927870,67844
2020-09-28,22:00:00,,57,Venezuela,28416102,72691,751.0,606,6.0,62427,899.0,9658,208,2558,21.0,1936520,68149
2020-09-29,21:35:00,,57,Venezuela,28415883,73528,837.0,614,8.0,63346,919.0,9568,208,2588,22.0,1939282,68246
2020-09-30,22:00:00,,57,Venezuela,28415664,74363,835.0,621,7.0,64200,854.0,9542,208,2617,22.0,1939282,68247
2020-10-01,21:31:00,,57,Venezuela,28415444,75122,759.0,628,7.0,65225,1025.0,9269,208,2644,22.0,1948148,68559
2020-10-02,22:36:00,,57,Venezuela,28415225,76029,907.0,635,7.0,66245,1020.0,9149,208,2676,22.0,1948148,68560
2020-10-03,22:24:00,,57,Venezuela,28415006,76820,791.0,643,8.0,67216,971.0,8961,215,2704,23.0,1957439,68888
2020-10-04,21:01:00,,57,Venezuela,28414787,77646,826.0,649,6.0,68098,882.0,8899,215,2733,23.0,1957439,68888
2020-10-05,22:13:00,,57,Venezuela,28414568,78434,788.0,653,4.0,68917,819.0,8864,215,2760,23.0,1965367,69168
2020-10-06,23:01:00,,57,Venezuela,28414349,79117,683.0,658,5.0,69832,915.0,8627,215,2784,23.0,1965367,69168
2020-10-07,23:01:00,,57,Venezuela,28414129,79796,679.0,665,7.0,70719,887.0,8412,198,2808,23.0,1969847,69326
2020-10-08,23:59:00,,57,Venezuela,28413910,80404,608.0,671,6.0,71531,812.0,8202,198,2830,24.0,1969847,69327
2020-10-09,23:00:00,,57,Venezuela,28413691,81019,615.0,678,7.0,72196,665.0,8145,198,2851,24.0,1979251,69658
2020-10-10,23:00:00,,57,Venezuela,28413472,81696,677.0,684,6.0,73020,824.0,7992,198,2875,24.0,1979251,69659
2020-10-12,23:10:00,,57,Venezuela,28413033,83137,1441.0,697,13.0,74664,1644.0,7776,198,2926,25.0,1988486,69985
2020-10-13,23:01:00,,57,Venezuela,28412814,83756,619.0,704,7.0,75400,736.0,7652,186,2948,25.0,1996103,70254
2020-10-14,23:01:00,,57,Venezuela,28412595,84391,635.0,710,6.0,76262,862.0,7419,186,2970,25.0,1996103,70254
2020-10-15,14:09:00,11:06:00,57,Venezuela,28412376,85005,614.0,714,4.0,76886,624.0,7405,186,2992,25.0,1996103,70255
2020-10-16,22:08:00,19:06:00,57,Venezuela,28412157,85469,464.0,720,6.0,77689,803.0,7060,186,3008,25.0,1996103,70255
2020-10-17,23:01:00,19:58:00,57,Venezuela,28411938,85758,289.0,725,5.0,78294,605.0,6739,186,3018,26.0,2013074,70853
2020-10-18,22:05:00,19:03:00,57,Venezuela,28411718,86289,531.0,731,6.0,78847,553.0,6711,186,3037,26.0,2013074,70854
2020-10-19,22:05:00,18:59:00,57,Venezuela,28411499,86636,347.0,736,5.0,79694,847.0,6206,186,3049,26.0,2013074,70854
2020-10-20,22:05:00,19:04:00,57,Venezuela,28411280,87161,525.0,741,5.0,80316,622.0,6104,117,3068,26.0,2022949,71202
2020-10-21,22:05:00,19:03:00,57,Venezuela,28411061,87644,483.0,747,6.0,80316,0.0,6581,117,3085,26.0,2022949,71203
2020-10-22,22:05:00,19:04:00,57,Venezuela,28410842,88035,391.0,753,6.0,81626,1310.0,5656,117,3099,27.0,2022949,71203
2020-10-23,22:05:00,19:02:00,57,Venezuela,28410622,88416,381.0,759,6.0,82284,658.0,5373,117,3112,27.0,2022949,71204
2020-10-24,23:41:00,20:40:00,57,Venezuela,28410403,88718,302.0,764,5.0,82899,615.0,5055,117,3123,27.0,2022949,71205
2020-10-25,23:00:00,20:58:00,57,Venezuela,28410184,89142,424.0,770,6.0,83443,544.0,4929,117,3138,27.0,2022949,71205
2020-10-26,23:00:00,20:56:00,57,Venezuela,28409965,89565,423.0,773,3.0,83947,504.0,4845,117,3153,27.0,2022949,71206
2020-10-27,23:00:00,20:58:00,57,Venezuela,28409746,90047,482.0,777,4.0,84444,497.0,4826,117,3170,27.0,2078803,73172
2020-10-28,23:00:00,20:58:00,57,Venezuela,28409527,90400,353.0,780,3.0,84907,463.0,4713,117,3182,27.0,2078803,73173
2020-10-29,23:00:00,20:57:00,57,Venezuela,28409307,90876,476.0,784,4.0,85402,495.0,4690,117,3199,28.0,2103473,74042
2020-10-30,23:00:00,20:58:00,57,Venezuela,28409088,91280,404.0,789,5.0,85897,495.0,4594,117,3213,28.0,2103473,74042
2020-10-31,23:00:00,20:59:00,57,Venezuela,28408869,91589,309.0,793,4.0,86335,438.0,4461,117,3224,28.0,2127032,74872
2020-11-01,23:00:00,20:59:00,57,Venezuela,28408650,92013,424.0,798,5.0,86773,438.0,4442,117,3239,28.0,2127032,74873
2020-11-02,23:00:00,20:57:00,57,Venezuela,28408431,92325,312.0,801,3.0,87156,383.0,4368,117,3250,28.0,2127032,74873
2020-11-03,23:00:00,20:59:00,57,Venezuela,28408211,92705,380.0,806,5.0,87547,391.0,4352,117,3263,28.0,2127032,74874
2020-11-04,23:00:00,20:57:00,57,Venezuela,28407992,93100,395.0,810,4.0,87941,394.0,4349,117,3277,29.0,2127032,74874
2020-11-05,23:00:00,20:59:00,57,Venezuela,28407773,93480,380.0,814,4.0,88326,385.0,4340,117,3291,29.0,2168642,76340
2020-11-06,23:00:00,20:58:00,57,Venezuela,28407554,93921,441.0,819,5.0,88701,375.0,4401,117,3306,29.0,2168642,76340
2020-11-07,23:00:00,20:57:00,57,Venezuela,28407335,94305,384.0,821,2.0,89099,398.0,4385,117,3320,29.0,2186865,76982
2020-11-08,23:00:00,20:49:00,57,Venezuela,28407116,94698,393.0,824,3.0,89502,403.0,4372,117,3334,29.0,2186865,76983
2020-11-09,23:00:00,20:59:00,57,Venezuela,28406896,94883,185.0,826,2.0,89755,253.0,4302,117,3340,29.0,2186865,76984
2020-11-10,23:00:00,20:59:00,57,Venezuela,28406677,95149,266.0,830,4.0,90054,299.0,4265,117,3350,29.0,2207363,77706
2020-11-11,23:00:00,20:56:00,57,Venezuela,28406458,95445,296.0,834,4.0,90359,305.0,4252,117,3360,29.0,2216750,78037
2020-11-12,23:00:00,20:59:00,57,Venezuela,28406239,95750,305.0,838,4.0,90743,384.0,4169,117,3371,30.0,2225608,78349
2020-11-13,23:00:00,20:58:00,57,Venezuela,28406020,96140,390.0,841,3.0,91141,398.0,4158,117,3384,30.0,2234394,78659
2020-11-14,23:00:00,20:57:00,57,Venezuela,28405800,96441,301.0,844,3.0,91452,311.0,4145,117,3395,30.0,2241906,78924
2020-11-15,23:00:00,20:53:00,57,Venezuela,28405581,96933,492.0,848,4.0,91948,496.0,4137,117,3412,30.0,2246239,79077
2020-11-16,23:00:00,20:59:00,57,Venezuela,28405362,97352,419.0,851,3.0,92373,425.0,4128,117,3427,30.0,2250662,79234
2020-11-17,23:00:00,20:58:00,57,Venezuela,28405143,97739,387.0,855,4.0,92767,394.0,4117,117,3441,30.0,2250662,79234
2020-11-18,23:00:00,20:57:00,57,Venezuela,28404924,98050,311.0,858,3.0,93084,317.0,4108,117,3452,30.0,2258273,79503
2020-11-19,23:00:00,20:59:00,57,Venezuela,28404705,98350,300.0,860,2.0,93390,306.0,4100,117,3462,30.0,2258273,79503
2020-11-20,23:00:00,20:59:00,57,Venezuela,28404485,98665,315.0,863,3.0,93691,301.0,4111,117,3474,30.0,2267375,79825
2020-11-21,23:00:00,20:58:00,57,Venezuela,28404266,99017,352.0,866,3.0,94046,355.0,4105,117,3486,30.0,2267375,79825
2020-11-22,23:00:00,20:59:00,57,Venezuela,28404047,99435,418.0,869,3.0,94355,309.0,4211,117,3501,31.0,2276409,80144
2020-11-23,23:00:00,20:58:00,57,Venezuela,28403828,99835,400.0,871,2.0,94355,0.0,4609,117,3515,31.0,2276409,80144
2020-11-24,23:00:00,20:57:00,57,Venezuela,28403609,100143,308.0,873,2.0,94985,630.0,4285,117,3526,31.0,2281564,80327
2020-11-25,23:00:00,20:58:00,57,Venezuela,28403390,100498,355.0,876,3.0,95344,359.0,4278,117,3538,31.0,2281564,80327
2020-11-26,23:00:00,20:47:00,57,Venezuela,28403170,100817,319.0,880,4.0,95669,325.0,4268,117,3549,31.0,2289071,80592
2020-11-27,23:00:00,20:59:00,57,Venezuela,28402951,101215,398.0,884,4.0,96072,403.0,4259,117,3564,31.0,2289071,80593
2020-11-28,23:00:00,20:46:00,57,Venezuela,28402732,101524,309.0,888,4.0,96402,330.0,4234,117,3574,31.0,2297557,80892
2020-11-29,23:00:00,20:51:00,57,Venezuela,28402513,101760,236.0,892,4.0,96652,250.0,4216,117,3583,31.0,2297557,80893
2020-11-30,23:00:00,20:57:00,57,Venezuela,28402294,102040,280.0,894,2.0,96652,0.0,4494,117,3593,31.0,2297557,80893
2020-12-01,23:00:00,20:55:00,57,Venezuela,28402074,102394,354.0,897,3.0,97326,674.0,4171,117,3605,32.0,2297557,80894
2020-12-02,23:00:00,20:58:00,57,Venezuela,28401855,102621,227.0,901,4.0,97562,236.0,4158,117,3613,32.0,2297557,80895
2020-12-03,23:00:00,20:59:00,57,Venezuela,28401636,103067,446.0,905,4.0,98030,468.0,4132,117,3629,32.0,2297557,80895
2020-12-04,23:00:00,20:57:00,57,Venezuela,28401417,103548,481.0,909,4.0,98521,491.0,4118,117,3646,32.0,2317442,81596
2020-12-05,23:00:00,20:58:00,57,Venezuela,28401198,103877,329.0,913,4.0,98879,358.0,4085,117,3657,32.0,2317442,81597
2020-12-06,23:00:00,20:51:00,57,Venezuela,28400979,104177,300.0,916,3.0,98879,0.0,4382,117,3668,32.0,2317442,81597
2020-12-07,23:00:00,20:57:00,57,Venezuela,28400759,104442,265.0,919,3.0,99494,615.0,4029,117,3677,32.0,2325906,81896
2020-12-08,23:00:00,20:59:00,57,Venezuela,28400540,104904,462.0,924,5.0,99982,488.0,3998,117,3694,33.0,2325906,81897
2020-12-09,23:00:00,20:59:00,57,Venezuela,28400321,105384,480.0,928,4.0,100476,494.0,3980,117,3711,33.0,2331439,82092
2020-12-10,23:00:00,20:59:00,57,Venezuela,28400102,105852,468.0,933,5.0,100952,476.0,3967,117,3727,33.0,2331439,82093
2020-12-11,23:00:00,20:59:00,57,Venezuela,28399883,106280,428.0,938,5.0,101384,432.0,3958,35,3742,33.0,2337527,82308
2020-12-12,23:00:00,20:58:00,57,Venezuela,28399663,106715,435.0,944,6.0,101823,439.0,3948,35,3758,33.0,2337527,82308
2020-12-13,23:00:00,20:59:00,57,Venezuela,28399444,107177,462.0,949,5.0,102289,466.0,3939,46,3774,33.0,2347543,82662
2020-12-14,23:35:00,21:34:00,57,Venezuela,28399225,107786,609.0,954,5.0,102289,0.0,4543,46,3795,34.0,2347543,82662
2020-12-15,23:00:00,20:59:00,57,Venezuela,28399006,108125,339.0,960,6.0,103037,748.0,4128,51,3807,34.0,2347543,82663
2020-12-16,23:00:00,20:58:00,57,Venezuela,28398787,108480,355.0,965,5.0,103271,234.0,4244,51,3820,34.0,2347543,82663
2020-12-17,23:00:00,20:56:00,57,Venezuela,28398568,108717,237.0,970,5.0,103492,221.0,4255,51,3828,34.0,2367116,83353
2020-12-18,23:00:00,20:57:00,57,Venezuela,28398348,109081,364.0,975,5.0,103741,249.0,4365,51,3841,34.0,2367116,83354
2020-12-19,23:59:00,22:11:00,57,Venezuela,28398129,109395,314.0,979,4.0,103975,234.0,4441,54,3852,34.0,2380317,83820
2020-12-20,23:00:00,20:54:00,57,Venezuela,28397910,109781,386.0,984,5.0,104208,233.0,4589,54,3866,35.0,2380317,83820
2020-12-21,23:00:00,20:59:00,57,Venezuela,28397691,110075,294.0,988,4.0,104462,254.0,4625,54,3876,35.0,2380317,83821
2020-12-22,23:00:00,20:59:00,57,Venezuela,28397472,110513,438.0,993,5.0,104799,337.0,4721,49,3892,35.0,2391908,84230
2020-12-23,23:00:00,20:58:00,57,Venezuela,28397252,110828,315.0,997,4.0,104799,0.0,5032,49,3903,35.0,2391908,84230
2020-12-24,23:00:00,20:55:00,57,Venezuela,28397033,111024,196.0,1002,5.0,105249,450.0,4773,53,3910,35.0,2398580,84466
2020-12-25,23:00:00,20:59:00,57,Venezuela,28396814,111245,221.0,1006,4.0,105479,230.0,4760,53,3918,35.0,2398580,84467
2020-12-26,23:00:00,20:59:00,57,Venezuela,28396595,111603,358.0,1010,4.0,105804,325.0,4789,51,3930,36.0,2402756,84614
2020-12-27,23:00:00,20:56:00,57,Venezuela,28396376,111951,348.0,1013,3.0,106105,301.0,4833,51,3942,36.0,2402756,84615
2020-12-28,23:00:00,20:58:00,57,Venezuela,28396157,112316,365.0,1014,1.0,106453,348.0,4849,62,3955,36.0,2404049,84661
2020-12-29,23:00:00,20:54:00,57,Venezuela,28395937,112636,320.0,1018,4.0,106737,284.0,4881,62,3967,36.0,2404049,84662
2020-12-30,23:00:00,20:54:00,57,Venezuela,28395718,112861,225.0,1021,3.0,106958,221.0,4882,62,3975,36.0,2406607,84752
2020-12-31,23:00:00,20:44:00,57,Venezuela,28395499,113121,260.0,1025,4.0,107203,245.0,4893,62,3984,36.0,2406607,84753
2021-01-01,23:00:00,20:54:00,57,Venezuela,28395280,113558,437.0,1028,3.0,107583,380.0,4947,71,3999,36.0,2414531,85033
2021-01-02,23:00:00,20:56:00,57,Venezuela,28395061,113884,326.0,1030,2.0,107901,318.0,4953,71,4011,36.0,2414531,85033
2021-01-03,23:00:00,20:59:00,57,Venezuela,28394841,114083,199.0,1032,2.0,108086,185.0,4965,71,4018,36.0,2417898,85153
2021-01-04,23:00:00,20:57:00,57,Venezuela,28394622,114230,147.0,1034,2.0,108268,182.0,4928,71,4023,36.0,2417898,85153
2021-01-05,23:00:00,20:51:00,57,Venezuela,28394403,114407,177.0,1038,4.0,108468,200.0,4901,80,4029,37.0,2419991,85228
2021-01-06,23:00:00,20:59:00,57,Venezuela,28394184,114662,255.0,1042,4.0,108732,264.0,4888,80,4038,37.0,2419991,85228
2021-01-07,23:00:00,20:59:00,57,Venezuela,28393965,114908,246.0,1047,5.0,108966,234.0,4895,83,4047,37.0,2430062,85584
2021-01-08,23:00:00,20:59:00,57,Venezuela,28393746,115322,414.0,1052,5.0,109364,398.0,4906,83,4062,37.0,2430062,85584
2021-01-09,23:00:00,20:55:00,57,Venezuela,28393526,115667,345.0,1056,4.0,109684,320.0,4927,82,4074,37.0,2441024,85971
2021-01-10,23:32:00,21:29:00,57,Venezuela,28393307,116172,505.0,1061,5.0,110126,442.0,4985,82,4092,37.0,2441024,85972
2021-01-11,23:40:00,21:37:00,57,Venezuela,28393088,116610,438.0,1061,0.0,110126,0.0,5423,82,4107,37.0,2441024,85972
2021-01-12,23:52:00,21:48:00,57,Venezuela,28392869,116983,373.0,1073,12.0,110873,747.0,5037,91,4120,38.0,2450838,86319
2021-01-13,23:58:00,21:57:00,57,Venezuela,28392650,117299,316.0,1078,5.0,111175,302.0,5046,91,4131,38.0,2450838,86319
2021-01-14,23:55:00,21:54:00,57,Venezuela,28392430,117811,512.0,1084,6.0,111616,441.0,5111,104,4149,38.0,2463702,86773
2021-01-15,19:39:38,00:00:00,57,Venezuela,28391992,118856,1045.0,1095,11.0,112320,704.0,5441,122,4186,39.0,2463702,86775
2021-01-16,23:55:00,21:54:00,57,Venezuela,28391992,118856,0.0,1095,0.0,112320,0.0,5441,122,4186,39.0,2463702,86775
