scrap_date,scrap_time,update_time_GMT,Country_id,Country,Population,TotalCases,NewCases,TotalDeaths,NewDeaths,TotalRecovered,NewRecovered,ActiveCases,SeriousCritical,Tot_Cases_1Mpop,Deaths_1Mpop,TotalTests,Tests_1Mpop
2020-08-02,20:00:00,,137,Yemen,29877902,1730,,494,,862,,374,,58,17.0,120.0,4.0
2020-08-08,20:00:00,,137,Yemen,29888696,1796,66.0,512,18.0,907,45.0,377,,60,17.0,120.0,4.0
2020-08-12,20:00:00,,137,Yemen,29895891,1831,35.0,523,11.0,919,12.0,389,,61,17.0,120.0,4.0
2020-08-16,20:00:00,,137,Yemen,29903087,1858,27.0,528,5.0,1013,94.0,317,,62,18.0,120.0,4.0
2020-08-17,20:00:00,,137,Yemen,29904886,1869,11.0,530,2.0,1013,0.0,326,,62,18.0,120.0,4.0
2020-08-18,20:00:00,,137,Yemen,29906685,1882,13.0,535,5.0,1045,32.0,302,,63,18.0,120.0,4.0
2020-08-19,20:00:00,,137,Yemen,29908484,1889,7.0,537,2.0,1052,7.0,300,,63,18.0,120.0,4.0
2020-08-20,17:53:00,,137,Yemen,29910283,1892,3.0,539,2.0,1055,3.0,298,,63,18.0,120.0,4.0
2020-08-23,21:09:00,,137,Yemen,29915680,1911,19.0,553,14.0,1086,31.0,272,,64,18.0,120.0,4.0
2020-08-24,17:10:00,,137,Yemen,29917479,1911,0.0,553,0.0,1086,0.0,272,,64,18.0,120.0,4.0
2020-08-25,23:00:00,,137,Yemen,29919278,1916,5.0,555,2.0,1090,4.0,271,,64,19.0,120.0,4.0
2020-08-26,22:59:00,,137,Yemen,29921077,1924,8.0,557,2.0,1091,1.0,276,,64,19.0,120.0,4.0
2020-08-27,23:00:00,,137,Yemen,29922875,1933,9.0,562,5.0,1098,7.0,273,,65,19.0,120.0,4.0
2020-08-28,23:01:00,,137,Yemen,29924674,1943,10.0,563,1.0,1107,9.0,273,,65,19.0,120.0,4.0
2020-08-29,12:29:00,,137,Yemen,29926473,1943,0.0,563,0.0,1107,0.0,273,,65,19.0,120.0,4.0
2020-08-30,23:00:00,,137,Yemen,29928272,1953,10.0,564,1.0,1123,16.0,266,,65,19.0,120.0,4.0
2020-08-31,18:58:00,,137,Yemen,29930071,1953,0.0,564,0.0,1123,0.0,266,,65,19.0,120.0,4.0
2020-09-01,23:00:00,,137,Yemen,29931870,1958,5.0,566,2.0,1131,8.0,261,,65,19.0,120.0,4.0
2020-09-02,23:01:00,,137,Yemen,29933669,1962,4.0,570,4.0,1160,29.0,232,,66,19.0,120.0,4.0
2020-09-03,23:01:00,,137,Yemen,29935468,1976,14.0,571,1.0,1175,15.0,230,,66,19.0,120.0,4.0
2020-09-04,07:01:00,,137,Yemen,29937267,1979,3.0,571,0.0,1180,5.0,228,,66,19.0,120.0,4.0
2020-09-05,23:31:00,,137,Yemen,29939066,1983,4.0,572,1.0,1197,17.0,214,,66,19.0,120.0,4.0
2020-09-06,18:30:00,,137,Yemen,29940865,1983,0.0,572,0.0,1197,0.0,214,,66,19.0,120.0,4.0
2020-09-07,23:39:00,,137,Yemen,29942664,1989,6.0,573,1.0,1201,4.0,215,,66,19.0,,
2020-09-08,22:10:00,,137,Yemen,29944463,1994,5.0,576,3.0,1203,2.0,215,,67,19.0,,
2020-09-10,22:01:00,,137,Yemen,29948061,1999,5.0,576,0.0,1209,6.0,214,,67,19.0,,
2020-09-11,22:00:00,,137,Yemen,29949860,2007,8.0,582,6.0,1211,2.0,214,,67,19.0,,
2020-09-12,22:22:00,,137,Yemen,29951659,2007,0.0,582,0.0,1211,0.0,214,,67,19.0,,
2020-09-13,22:01:00,,137,Yemen,29953458,2011,4.0,583,1.0,1212,1.0,216,,67,19.0,,
2020-09-14,22:04:00,,137,Yemen,29955256,2011,0.0,583,0.0,1212,0.0,216,,67,19.0,,
2020-09-15,21:00:00,,137,Yemen,29957055,2016,5.0,583,0.0,1219,7.0,214,,67,19.0,,
2020-09-16,21:01:00,,137,Yemen,29958854,2019,3.0,583,0.0,1221,2.0,215,,67,19.0,,
2020-09-18,20:01:00,,137,Yemen,29962452,2022,3.0,585,2.0,1221,0.0,216,,67,20.0,,
2020-09-19,21:00:00,,137,Yemen,29964251,2026,4.0,585,0.0,1221,0.0,220,,68,20.0,,
2020-09-20,22:31:00,,137,Yemen,29966050,2026,0.0,586,1.0,1227,6.0,213,,68,20.0,,
2020-09-21,21:01:00,,137,Yemen,29967849,2026,0.0,586,0.0,1227,0.0,213,,68,20.0,,
2020-09-22,21:01:00,,137,Yemen,29969648,2028,2.0,586,0.0,1235,8.0,207,,68,20.0,,
2020-09-23,19:58:00,,137,Yemen,29971447,2029,1.0,586,0.0,1245,10.0,198,,68,20.0,,
2020-09-24,21:00:00,,137,Yemen,29973246,2029,0.0,586,0.0,1250,5.0,193,,68,20.0,,
2020-09-25,21:00:00,,137,Yemen,29975045,2029,0.0,587,1.0,1255,5.0,187,,68,20.0,,
2020-09-26,21:00:00,,137,Yemen,29976844,2029,0.0,587,0.0,1255,0.0,187,,68,20.0,,
2020-09-27,22:45:00,,137,Yemen,29978643,2030,1.0,587,0.0,1260,5.0,183,,68,20.0,,
2020-09-28,22:00:00,,137,Yemen,29980442,2031,1.0,587,0.0,1266,6.0,178,,68,20.0,,
2020-09-29,21:35:00,,137,Yemen,29982241,2031,0.0,587,0.0,1275,9.0,169,,68,20.0,,
2020-09-30,22:00:00,,137,Yemen,29984040,2034,3.0,587,0.0,1286,11.0,161,,68,20.0,,
2020-10-01,21:31:00,,137,Yemen,29985839,2039,5.0,587,0.0,1297,11.0,155,,68,20.0,,
2020-10-02,22:36:00,,137,Yemen,29987637,2039,0.0,587,0.0,1297,0.0,155,,68,20.0,,
2020-10-03,22:24:00,,137,Yemen,29989436,2041,2.0,589,2.0,1320,23.0,132,,68,20.0,,
2020-10-04,21:01:00,,137,Yemen,29991235,2041,0.0,589,0.0,1320,0.0,132,,68,20.0,,
2020-10-05,22:13:00,,137,Yemen,29993034,2041,0.0,591,2.0,1320,0.0,130,,68,20.0,,
2020-10-06,23:01:00,,137,Yemen,29994833,2041,0.0,592,1.0,1323,3.0,126,,68,20.0,,
2020-10-07,23:01:00,,137,Yemen,29996632,2047,6.0,593,1.0,1327,4.0,127,,68,20.0,,
2020-10-08,23:59:00,,137,Yemen,29998431,2049,2.0,593,0.0,1328,1.0,128,,68,20.0,,
2020-10-09,23:00:00,,137,Yemen,30000230,2050,1.0,593,0.0,1329,1.0,128,,68,20.0,,
2020-10-10,23:00:00,,137,Yemen,30002029,2051,1.0,593,0.0,1329,0.0,129,,68,20.0,,
2020-10-12,23:10:00,,137,Yemen,30005627,2052,1.0,596,3.0,1329,0.0,127,,68,20.0,,
2020-10-13,23:01:00,,137,Yemen,30007426,2052,0.0,596,0.0,1329,0.0,127,,68,20.0,,
2020-10-14,23:01:00,,137,Yemen,30009225,2053,1.0,596,0.0,1329,0.0,128,,68,20.0,,
2020-10-15,14:09:00,11:06:00,137,Yemen,30011024,2053,0.0,596,0.0,1329,0.0,128,,68,20.0,,
2020-10-16,22:08:00,19:06:00,137,Yemen,30012823,2053,0.0,596,0.0,1329,0.0,128,,68,20.0,,
2020-10-17,23:01:00,19:58:00,137,Yemen,30014622,2055,2.0,596,0.0,1335,6.0,124,,68,20.0,,
2020-10-18,22:05:00,19:03:00,137,Yemen,30016421,2055,0.0,596,0.0,1336,1.0,123,,68,20.0,,
2020-10-19,22:05:00,18:59:00,137,Yemen,30018220,2056,1.0,597,1.0,1338,2.0,121,,68,20.0,,
2020-10-20,22:05:00,19:04:00,137,Yemen,30020018,2057,1.0,597,0.0,1338,0.0,122,,69,20.0,,
2020-10-21,22:05:00,19:03:00,137,Yemen,30021817,2057,0.0,597,0.0,1338,0.0,122,,69,20.0,,
2020-10-22,22:05:00,19:04:00,137,Yemen,30023616,2057,0.0,597,0.0,1344,6.0,116,,69,20.0,,
2020-10-23,22:05:00,19:02:00,137,Yemen,30025415,2057,0.0,597,0.0,1344,0.0,116,,69,20.0,,
2020-10-24,23:41:00,20:40:00,137,Yemen,30027214,2060,3.0,599,2.0,1360,16.0,101,,69,20.0,,
2020-10-25,23:00:00,20:58:00,137,Yemen,30029013,2060,0.0,599,0.0,1360,0.0,101,,69,20.0,,
2020-10-26,23:00:00,20:56:00,137,Yemen,30030812,2060,0.0,599,0.0,1360,0.0,101,,69,20.0,,
2020-10-27,23:00:00,20:58:00,137,Yemen,30032611,2060,0.0,599,0.0,1360,0.0,101,,69,20.0,,
2020-10-28,23:00:00,20:58:00,137,Yemen,30034410,2061,1.0,599,0.0,1366,6.0,96,,69,20.0,,
2020-10-29,23:00:00,20:57:00,137,Yemen,30036209,2062,1.0,599,0.0,1366,0.0,97,,69,20.0,,
2020-10-30,23:00:00,20:58:00,137,Yemen,30038008,2062,0.0,599,0.0,1366,0.0,97,,69,20.0,,
2020-10-31,23:00:00,20:59:00,137,Yemen,30039807,2063,1.0,599,0.0,1366,0.0,98,,69,20.0,,
2020-11-01,23:00:00,20:59:00,137,Yemen,30041606,2063,0.0,599,0.0,1366,0.0,98,,69,20.0,,
2020-11-02,23:00:00,20:57:00,137,Yemen,30043405,2063,0.0,601,2.0,1375,9.0,87,,69,20.0,16623.0,553.0
2020-11-03,23:00:00,20:59:00,137,Yemen,30045204,2063,0.0,601,0.0,1375,0.0,87,,69,20.0,16658.0,554.0
2020-11-04,23:00:00,20:57:00,137,Yemen,30047003,2063,0.0,601,0.0,1375,0.0,87,,69,20.0,16658.0,554.0
2020-11-05,23:00:00,20:59:00,137,Yemen,30048802,2063,0.0,601,0.0,1375,0.0,87,,69,20.0,16658.0,554.0
2020-11-06,23:00:00,20:58:00,137,Yemen,30050601,2063,0.0,601,0.0,1375,0.0,87,,69,20.0,16658.0,554.0
2020-11-07,23:00:00,20:57:00,137,Yemen,30052399,2067,4.0,602,1.0,1375,0.0,90,,69,20.0,16658.0,554.0
2020-11-08,23:00:00,20:49:00,137,Yemen,30054198,2070,3.0,602,0.0,1375,0.0,93,,69,20.0,16658.0,554.0
2020-11-09,23:00:00,20:59:00,137,Yemen,30055997,2071,1.0,605,3.0,1394,19.0,72,,69,20.0,16658.0,554.0
2020-11-10,23:00:00,20:59:00,137,Yemen,30057796,2071,0.0,605,0.0,1394,0.0,72,,69,20.0,16658.0,554.0
2020-11-11,23:00:00,20:56:00,137,Yemen,30059595,2071,0.0,605,0.0,1394,0.0,72,,69,20.0,16658.0,554.0
2020-11-12,23:00:00,20:59:00,137,Yemen,30061394,2071,0.0,605,0.0,1394,0.0,72,,69,20.0,16658.0,554.0
2020-11-13,23:00:00,20:58:00,137,Yemen,30063193,2071,0.0,605,0.0,1394,0.0,72,,69,20.0,16658.0,554.0
2020-11-14,23:00:00,20:57:00,137,Yemen,30064992,2072,1.0,605,0.0,1394,0.0,73,,69,20.0,16658.0,554.0
2020-11-15,23:00:00,20:53:00,137,Yemen,30066791,2072,0.0,605,0.0,1394,0.0,73,,69,20.0,16658.0,554.0
2020-11-16,23:00:00,20:59:00,137,Yemen,30068590,2078,6.0,605,0.0,1406,12.0,67,,69,20.0,16658.0,554.0
2020-11-17,23:00:00,20:58:00,137,Yemen,30070389,2081,3.0,607,2.0,1410,4.0,64,,69,20.0,16658.0,554.0
2020-11-18,23:00:00,20:57:00,137,Yemen,30072188,2083,2.0,607,0.0,1417,7.0,59,10.0,69,20.0,16753.0,557.0
2020-11-19,23:00:00,20:59:00,137,Yemen,30073987,2086,3.0,608,1.0,1428,11.0,50,8.0,69,20.0,16769.0,558.0
2020-11-20,23:00:00,20:59:00,137,Yemen,30075786,2090,4.0,608,0.0,1434,6.0,48,8.0,69,20.0,16769.0,558.0
2020-11-21,23:00:00,20:58:00,137,Yemen,30077585,2093,3.0,608,0.0,1441,7.0,44,8.0,70,20.0,16769.0,558.0
2020-11-22,23:00:00,20:59:00,137,Yemen,30079384,2099,6.0,608,0.0,1448,7.0,43,7.0,70,20.0,16812.0,559.0
2020-11-23,23:00:00,20:58:00,137,Yemen,30081183,2107,8.0,609,1.0,1459,11.0,39,7.0,70,20.0,16812.0,559.0
2020-11-24,23:00:00,20:57:00,137,Yemen,30082982,2114,7.0,609,0.0,1467,8.0,38,7.0,70,20.0,16812.0,559.0
2020-11-25,23:00:00,20:58:00,137,Yemen,30084780,2124,10.0,611,2.0,1474,7.0,39,4.0,71,20.0,16855.0,560.0
2020-11-26,23:00:00,20:47:00,137,Yemen,30086579,2137,13.0,612,1.0,1484,10.0,41,4.0,71,20.0,16855.0,560.0
2020-11-27,23:00:00,20:59:00,137,Yemen,30088378,2148,11.0,614,2.0,1491,7.0,43,4.0,71,20.0,16855.0,560.0
2020-11-28,23:00:00,20:46:00,137,Yemen,30090177,2160,12.0,615,1.0,1498,7.0,47,4.0,72,20.0,16855.0,560.0
2020-11-29,23:00:00,20:51:00,137,Yemen,30091976,2177,17.0,617,2.0,1504,6.0,56,4.0,72,21.0,16855.0,560.0
2020-11-30,23:00:00,20:57:00,137,Yemen,30093775,2191,14.0,619,2.0,1510,6.0,62,4.0,73,21.0,16855.0,560.0
2020-12-01,23:00:00,20:55:00,137,Yemen,30095574,2197,6.0,619,0.0,1514,4.0,64,4.0,73,21.0,16855.0,560.0
2020-12-02,23:00:00,20:58:00,137,Yemen,30097373,2217,20.0,621,2.0,1518,4.0,78,4.0,74,21.0,16855.0,560.0
